0 0.5496093750000001 0.62451171875 0.06015625 0.0791015625
0 0.23593750000000002 0.7021484375 0.065625 0.078125
0 0.42109375000000004 0.87451171875 0.0546875 0.0673828125
0 0.7074218750000001 0.13330078125 0.06484375 0.0654296875
2 0.462890625 0.1689453125 0.03515625 0.048828125
1 0.40351562500000004 0.43408203125 0.02890625 0.0380859375
1 0.45546875000000003 0.58642578125 0.021875000000000002 0.0302734375
2 0.7468750000000001 0.79248046875 0.0390625 0.0498046875
1 0.940625 0.6708984375 0.026562500000000003 0.03515625
1 0.866796875 0.4404296875 0.02734375 0.04296875
1 0.519140625 0.23291015625 0.02734375 0.0341796875
1 0.598046875 0.6572265625 0.025781250000000002 0.04296875
2 0.6433593750000001 0.02978515625 0.030468750000000003 0.0400390625
1 0.7742187500000001 0.046875 0.026562500000000003 0.03515625
1 0.6527343750000001 0.08154296875 0.02734375 0.0302734375
1 0.56015625 0.1611328125 0.025 0.0390625
1 0.9144531250000001 0.32080078125 0.02734375 0.0341796875
1 0.704296875 0.3544921875 0.02890625 0.03515625
1 0.9234375 0.560546875 0.025 0.03125
1 0.86484375 0.73095703125 0.0234375 0.0302734375
1 0.8796875000000001 0.75390625 0.0234375 0.03125
2 0.9832031250000001 0.9326171875 0.032031250000000004 0.048828125
1 0.31953125000000004 0.78173828125 0.026562500000000003 0.0322265625
2 0.6890625 0.64599609375 0.03125 0.0419921875
1 0.337890625 0.6630859375 0.022656250000000003 0.033203125
1 0.171875 0.1552734375 0.028125 0.037109375
1 0.6531250000000001 0.39599609375 0.029687500000000002 0.0361328125
1 0.15703125 0.96044921875 0.026562500000000003 0.0341796875
1 0.04296875 0.8779296875 0.03125 0.03515625
1 0.146484375 0.33544921875 0.03359375 0.0361328125
2 0.923046875 0.91064453125 0.030468750000000003 0.0439453125
1 0.934765625 0.35009765625 0.02734375 0.0361328125
2 0.7542968750000001 0.1787109375 0.03359375 0.0390625
1 0.044921875 0.02001953125 0.02734375 0.0341796875
1 0.50390625 0.388671875 0.025 0.03125
2 0.55078125 0.419921875 0.026562500000000003 0.03515625
1 0.687109375 0.2431640625 0.02421875 0.029296875
1 0.7621093750000001 0.39892578125 0.02734375 0.0341796875
2 0.882421875 0.89306640625 0.03359375 0.0439453125
1 0.41250000000000003 0.78173828125 0.03125 0.0380859375
2 0.29453125 0.31787109375 0.029687500000000002 0.0380859375