0 0.53046875 0.56494140625 0.08281250000000001 0.1123046875
0 0.44765625000000003 0.62109375 0.0671875 0.1015625
0 0.478125 0.4697265625 0.0671875 0.087890625
0 0.41484375 0.5361328125 0.0703125 0.091796875
1 0.35078125000000004 0.64453125 0.03125 0.04296875
1 0.64765625 0.6689453125 0.034375 0.048828125
1 0.189453125 0.59423828125 0.02890625 0.0380859375
1 0.22734375 0.47265625 0.029687500000000002 0.03125
1 0.869140625 0.97412109375 0.02890625 0.0361328125
1 0.813671875 0.947265625 0.02890625 0.033203125
1 0.972265625 0.93359375 0.032031250000000004 0.033203125
1 0.689453125 0.81787109375 0.02421875 0.0341796875
1 0.658203125 0.85595703125 0.02421875 0.0283203125
1 0.78828125 0.43115234375 0.025 0.0322265625
1 0.6550781250000001 0.48486328125 0.02734375 0.0322265625
1 0.765234375 0.0517578125 0.02734375 0.03125
1 0.962890625 0.0498046875 0.02890625 0.03515625
1 0.7019531250000001 0.06689453125 0.02734375 0.0341796875
1 0.578515625 0.181640625 0.02890625 0.037109375
1 0.258984375 0.33544921875 0.02890625 0.0341796875
1 0.22187500000000002 0.541015625 0.025 0.03125
1 0.028515625000000003 0.5 0.025781250000000002 0.033203125
2 0.017578125 0.767578125 0.030468750000000003 0.048828125
2 0.6078125000000001 0.89599609375 0.035937500000000004 0.0380859375