0 0.835546875 0.345703125 0.10703125000000001 0.119140625
1 0.28203125 0.595703125 0.0421875 0.044921875
1 0.455078125 0.31396484375 0.03828125 0.0498046875
2 0.654296875 0.791015625 0.032031250000000004 0.044921875
1 0.223046875 0.14697265625 0.02734375 0.0380859375
1 0.048828125 0.40673828125 0.032031250000000004 0.0380859375
1 0.1484375 0.9013671875 0.026562500000000003 0.03515625
2 0.689453125 0.8203125 0.03515625 0.048828125
1 0.335546875 0.4619140625 0.032031250000000004 0.0390625
1 0.19648437500000002 0.29345703125 0.03671875 0.0439453125
1 0.739453125 0.4677734375 0.02890625 0.037109375
1 0.716015625 0.62890625 0.02734375 0.041015625
1 0.6726562500000001 0.6123046875 0.0328125 0.0390625
1 0.43359375 0.94091796875 0.035937500000000004 0.0361328125
1 0.749609375 0.96923828125 0.032031250000000004 0.0400390625
1 0.490234375 0.37060546875 0.030468750000000003 0.0380859375
1 0.607421875 0.0224609375 0.032031250000000004 0.03515625
1 0.02109375 0.869140625 0.03125 0.0390625
1 0.07968750000000001 0.5771484375 0.03125 0.037109375
2 0.2609375 0.81103515625 0.0390625 0.0517578125
2 0.5417968750000001 0.58056640625 0.03359375 0.0478515625
2 0.33984375 0.89599609375 0.0390625 0.0556640625
2 0.32929687500000004 0.84130859375 0.039843750000000004 0.0498046875
1 0.275 0.28369140625 0.035937500000000004 0.0400390625
2 0.743359375 0.19140625 0.03828125 0.05078125