0 0.44648437500000004 0.4150390625 0.08671875000000001 0.10546875
2 0.6511718750000001 0.7822265625 0.03515625 0.05078125
1 0.623046875 0.22802734375 0.032031250000000004 0.0380859375
1 0.34023437500000003 0.18798828125 0.04296875 0.0400390625
2 0.52734375 0.35693359375 0.034375 0.0439453125
2 0.384375 0.8740234375 0.034375 0.04296875
1 0.83125 0.7421875 0.034375 0.037109375
2 0.18359375 0.16162109375 0.035937500000000004 0.0361328125
2 0.7660156250000001 0.6328125 0.041406250000000006 0.048828125
1 0.4921875 0.7919921875 0.028125 0.0390625
2 0.730078125 0.13916015625 0.039843750000000004 0.0517578125
1 0.9050781250000001 0.26806640625 0.030468750000000003 0.0361328125
1 0.490234375 0.1982421875 0.03515625 0.0390625
1 0.1453125 0.23046875 0.0328125 0.0390625
2 0.800390625 0.169921875 0.03359375 0.046875
2 0.812109375 0.22021484375 0.03828125 0.0498046875
1 0.03125 0.04052734375 0.037500000000000006 0.0458984375
1 0.48671875000000003 0.35693359375 0.025 0.0419921875