3 0.6453125000000001 0.2705078125 0.15781250000000002 0.1875
4 0.38789062500000004 0.236328125 0.05859375 0.068359375
0 0.460546875 0.64599609375 0.07578125000000001 0.0849609375
1 0.744140625 0.6337890625 0.025781250000000002 0.0390625
1 0.6195312500000001 0.873046875 0.029687500000000002 0.04296875
2 0.8230468750000001 0.04052734375 0.03359375 0.0478515625
2 0.07578125000000001 0.34814453125 0.0328125 0.0400390625
1 0.5632812500000001 0.48486328125 0.026562500000000003 0.0439453125
0 0.3640625 0.671875 0.07500000000000001 0.095703125
1 0.7140625 0.90087890625 0.028125 0.0322265625
1 0.7781250000000001 0.42041015625 0.029687500000000002 0.0302734375
1 0.2703125 0.73046875 0.0234375 0.029296875
1 0.20390625 0.67724609375 0.029687500000000002 0.0322265625
1 0.11289062500000001 0.55029296875 0.02734375 0.0322265625
1 0.28945312500000003 0.2734375 0.04453125 0.05859375
1 0.35976562500000003 0.07958984375 0.02890625 0.0322265625
1 0.484375 0.0625 0.0203125 0.03125
1 0.496875 0.15966796875 0.021875000000000002 0.0263671875
1 0.6218750000000001 0.11376953125 0.025 0.0361328125
1 0.128515625 0.919921875 0.025781250000000002 0.03515625
1 0.7015625000000001 0.01953125 0.026562500000000003 0.029296875
0 0.32421875 0.34326171875 0.03125 0.0439453125
2 0.7542968750000001 0.34521484375 0.030468750000000003 0.0400390625
2 0.12421875 0.33642578125 0.029687500000000002 0.0322265625
0 0.437109375 0.70947265625 0.06953125 0.0849609375
2 0.096875 0.287109375 0.0328125 0.044921875
2 0.6800781250000001 0.048828125 0.03359375 0.044921875
2 0.5261718750000001 0.8291015625 0.032031250000000004 0.0390625
1 0.30976562500000004 0.74951171875 0.02421875 0.0322265625
2 0.49140625000000004 0.525390625 0.029687500000000002 0.03515625
1 0.10859375 0.4912109375 0.026562500000000003 0.033203125