0 0.14570312500000002 0.75390625 0.06171875 0.083984375
0 0.101953125 0.9013671875 0.06484375 0.07421875
0 0.6531250000000001 0.74951171875 0.06406250000000001 0.0693359375
0 0.6589843750000001 0.6083984375 0.05234375 0.09765625
1 0.373046875 0.77001953125 0.03359375 0.0361328125
2 0.6179687500000001 0.37060546875 0.03125 0.0400390625
2 0.8375 0.6474609375 0.03125 0.037109375
1 0.632421875 0.90380859375 0.030468750000000003 0.0400390625
1 0.044140625 0.17626953125 0.030468750000000003 0.0439453125
1 0.544921875 0.7900390625 0.02734375 0.037109375
1 0.7332031250000001 0.73291015625 0.03359375 0.0380859375
1 0.38359375 0.56298828125 0.026562500000000003 0.0322265625
1 0.265625 0.9736328125 0.028125 0.029296875
1 0.5007812500000001 0.86572265625 0.029687500000000002 0.0361328125
1 0.734375 0.3447265625 0.026562500000000003 0.033203125
1 0.9031250000000001 0.34619140625 0.025 0.0341796875
0 0.734375 0.57470703125 0.051562500000000004 0.0673828125
0 0.7515625 0.49658203125 0.053125000000000006 0.0634765625
1 0.6421875 0.318359375 0.028125 0.03125
1 0.018750000000000003 0.296875 0.0328125 0.046875
2 0.9203125000000001 0.94677734375 0.029687500000000002 0.0439453125
2 0.059375000000000004 0.76611328125 0.0328125 0.0478515625
1 0.211328125 0.076171875 0.02890625 0.041015625