0 0.3765625 0.62451171875 0.07500000000000001 0.1123046875
0 0.45351562500000003 0.62109375 0.09453125000000001 0.1328125
1 0.6917968750000001 0.365234375 0.03828125 0.048828125
1 0.644140625 0.73388671875 0.032031250000000004 0.0419921875
2 0.6761718750000001 0.099609375 0.03828125 0.056640625
2 0.562109375 0.67578125 0.030468750000000003 0.052734375
1 0.162890625 0.36962890625 0.03359375 0.0419921875
1 0.801953125 0.6845703125 0.02421875 0.0390625
2 0.567578125 0.36572265625 0.032031250000000004 0.0400390625
2 0.8601562500000001 0.3779296875 0.037500000000000006 0.041015625
1 0.76875 0.24169921875 0.026562500000000003 0.0302734375
1 0.33203125 0.208984375 0.028125 0.033203125
1 0.377734375 0.13671875 0.02890625 0.03515625
1 0.252734375 0.22802734375 0.03359375 0.0400390625
1 0.2984375 0.03759765625 0.025 0.0322265625
1 0.0171875 0.54296875 0.029687500000000002 0.0390625
0 0.432421875 0.5107421875 0.07578125000000001 0.08203125
1 0.0890625 0.9423828125 0.025 0.033203125
1 0.7328125000000001 0.8720703125 0.029687500000000002 0.0390625
1 0.9519531250000001 0.62158203125 0.02734375 0.0380859375
1 0.837890625 0.529296875 0.032031250000000004 0.037109375
1 0.7777343750000001 0.6884765625 0.02734375 0.03515625
2 0.29531250000000003 0.90478515625 0.0328125 0.0400390625
2 0.43085937500000004 0.83935546875 0.02890625 0.0439453125
1 0.74765625 0.9130859375 0.03125 0.037109375
2 0.983984375 0.68310546875 0.030468750000000003 0.0439453125
2 0.3640625 0.91162109375 0.03125 0.0400390625
2 0.42421875000000003 0.77001953125 0.026562500000000003 0.0361328125