0 0.8992187500000001 0.43359375 0.08281250000000001 0.109375
3 0.788671875 0.43798828125 0.12421875 0.1533203125
3 0.527734375 0.3310546875 0.28671875 0.302734375
0 0.366796875 0.6572265625 0.055468750000000004 0.072265625
2 0.74375 0.60546875 0.0390625 0.05078125
2 0.8386718750000001 0.70654296875 0.03828125 0.0498046875
1 0.986328125 0.955078125 0.025781250000000002 0.03515625
1 0.691015625 0.73876953125 0.02421875 0.0341796875
1 0.696484375 0.68017578125 0.02734375 0.0302734375
1 0.6746093750000001 0.67626953125 0.025781250000000002 0.0322265625
1 0.589453125 0.7041015625 0.02421875 0.033203125
2 0.8871093750000001 0.75048828125 0.030468750000000003 0.0361328125
2 0.51015625 0.7138671875 0.028125 0.037109375
1 0.091796875 0.6748046875 0.02734375 0.033203125
0 0.060937500000000006 0.4873046875 0.05625 0.072265625
1 0.130859375 0.3310546875 0.025781250000000002 0.03125
1 0.16718750000000002 0.44677734375 0.028125 0.0322265625
1 0.31484375000000003 0.4482421875 0.03125 0.037109375
1 0.49453125000000003 0.556640625 0.028125 0.03125
0 0.1546875 0.587890625 0.040625 0.04296875
1 0.35195312500000003 0.28125 0.025781250000000002 0.029296875
1 0.016015625000000002 0.2978515625 0.022656250000000003 0.029296875
2 0.6796875 0.03271484375 0.0390625 0.0458984375
2 0.3953125 0.5068359375 0.026562500000000003 0.0390625
2 0.2890625 0.5615234375 0.029687500000000002 0.0390625
1 0.8406250000000001 0.3544921875 0.028125 0.03515625