0 0.728515625 0.6591796875 0.33984375 0.49609375
1 0.22734375 0.4970703125 0.0328125 0.0390625
1 0.466796875 0.87060546875 0.04453125 0.0419921875
2 0.558203125 0.13232421875 0.032031250000000004 0.0380859375
0 0.072265625 0.1884765625 0.05390625 0.068359375
1 0.3140625 0.2783203125 0.03125 0.03515625
2 0.436328125 0.62158203125 0.030468750000000003 0.0400390625
0 0.5691406250000001 0.95263671875 0.03515625 0.0419921875
0 0.16953125000000002 0.46240234375 0.0328125 0.0380859375
0 0.0421875 0.74755859375 0.028125 0.0419921875
0 0.7699218750000001 0.3486328125 0.03515625 0.048828125
0 0.825390625 0.17431640625 0.030468750000000003 0.0458984375