0 0.679296875 0.69580078125 0.06640625 0.0810546875
0 0.8109375000000001 0.71533203125 0.059375000000000004 0.0947265625
0 0.87265625 0.71337890625 0.06406250000000001 0.1044921875
0 0.537109375 0.109375 0.055468750000000004 0.07421875
2 0.5671875000000001 0.62255859375 0.043750000000000004 0.0556640625
1 0.85859375 0.43017578125 0.029687500000000002 0.0400390625
2 0.733984375 0.7255859375 0.030468750000000003 0.046875
1 0.511328125 0.7978515625 0.02890625 0.033203125
1 0.523828125 0.72314453125 0.03515625 0.0400390625
1 0.43046875 0.4091796875 0.026562500000000003 0.03125
1 0.103515625 0.17529296875 0.025781250000000002 0.0341796875
1 0.47695312500000003 0.8671875 0.025781250000000002 0.03515625
1 0.09531250000000001 0.88427734375 0.0328125 0.0361328125
1 0.13828125 0.91650390625 0.026562500000000003 0.0361328125
2 0.17109375000000002 0.23828125 0.0328125 0.048828125
1 0.23945312500000002 0.9013671875 0.02890625 0.041015625
2 0.5734375 0.97265625 0.037500000000000006 0.037109375
1 0.016015625000000002 0.134765625 0.02734375 0.0390625
1 0.366796875 0.10693359375 0.030468750000000003 0.0380859375