3 0.788671875 0.2548828125 0.24296875 0.3203125
3 0.366015625 0.46923828125 0.14140625 0.1669921875
0 0.275390625 0.56103515625 0.10546875 0.1611328125
3 0.22265625 0.46875 0.13125 0.185546875
1 0.5125000000000001 0.56884765625 0.03125 0.0458984375
1 0.139453125 0.73779296875 0.032031250000000004 0.0380859375
2 0.6359375 0.29052734375 0.029687500000000002 0.0361328125
2 0.34804687500000003 0.82177734375 0.03515625 0.0400390625
1 0.537109375 0.81982421875 0.02734375 0.0322265625
1 0.569921875 0.97314453125 0.02734375 0.0400390625
1 0.49140625000000004 0.849609375 0.025 0.03515625
1 0.41718750000000004 0.91943359375 0.025 0.0361328125
1 0.323828125 0.92822265625 0.025781250000000002 0.0361328125
1 0.1484375 0.923828125 0.025 0.037109375
1 0.160546875 0.86865234375 0.02890625 0.0380859375
1 0.444140625 0.40185546875 0.025781250000000002 0.0361328125
1 0.7250000000000001 0.04443359375 0.028125 0.0380859375
1 0.95703125 0.2421875 0.025 0.037109375
1 0.934765625 0.14404296875 0.030468750000000003 0.0400390625
1 0.44179687500000003 0.36279296875 0.03359375 0.0361328125
2 0.7738281250000001 0.876953125 0.039843750000000004 0.044921875
1 0.06992187500000001 0.80810546875 0.02734375 0.0439453125
1 0.981640625 0.66259765625 0.025781250000000002 0.0419921875