3 0.6160156250000001 0.3623046875 0.25078125 0.3203125
2 0.342578125 0.7265625 0.03671875 0.04296875
2 0.3203125 0.85400390625 0.034375 0.0419921875
1 0.833984375 0.66259765625 0.03828125 0.0458984375
4 0.7406250000000001 0.2109375 0.051562500000000004 0.0703125
1 0.37890625 0.65283203125 0.026562500000000003 0.0322265625
0 0.14296875 0.27392578125 0.05625 0.0673828125
2 0.082421875 0.97509765625 0.041406250000000006 0.0478515625
1 0.973828125 0.923828125 0.02890625 0.03515625
1 0.114453125 0.908203125 0.030468750000000003 0.03515625
1 0.225 0.81005859375 0.029687500000000002 0.0380859375
2 0.295703125 0.826171875 0.02890625 0.037109375
1 0.2171875 0.92724609375 0.026562500000000003 0.0322265625
1 0.47382812500000004 0.68212890625 0.025781250000000002 0.0361328125
1 0.48750000000000004 0.59521484375 0.025 0.0341796875
2 0.25078125 0.57080078125 0.037500000000000006 0.0400390625
1 0.43398437500000003 0.28369140625 0.030468750000000003 0.0361328125
1 0.75390625 0.42138671875 0.0234375 0.0361328125
1 0.88046875 0.2275390625 0.0234375 0.03515625
1 0.919921875 0.564453125 0.030468750000000003 0.0390625
2 0.0171875 0.77734375 0.029687500000000002 0.04296875
2 0.44765625000000003 0.2265625 0.0328125 0.04296875
2 0.6511718750000001 0.880859375 0.030468750000000003 0.037109375