0 0.735546875 0.46044921875 0.10390625 0.1240234375
0 0.630078125 0.49951171875 0.07265625 0.0986328125
1 0.36484375 0.5498046875 0.035937500000000004 0.041015625
1 0.7289062500000001 0.0810546875 0.035937500000000004 0.041015625
2 0.307421875 0.87109375 0.032031250000000004 0.044921875
1 0.73984375 0.8173828125 0.029687500000000002 0.03125
0 0.58359375 0.37646484375 0.034375 0.0478515625
0 0.49843750000000003 0.46142578125 0.035937500000000004 0.0439453125
1 0.54453125 0.1904296875 0.03125 0.0390625
1 0.33320312500000004 0.30126953125 0.02421875 0.0322265625
1 0.16875 0.22802734375 0.025 0.0341796875
1 0.15976562500000002 0.17578125 0.02734375 0.033203125
1 0.046875 0.14306640625 0.0234375 0.0322265625
1 0.333984375 0.0693359375 0.02890625 0.033203125
1 0.8 0.38330078125 0.025 0.0322265625
1 0.9476562500000001 0.2802734375 0.026562500000000003 0.0390625
1 0.6257812500000001 0.3662109375 0.028125 0.03515625
1 0.49921875000000004 0.521484375 0.025 0.03515625
1 0.7777343750000001 0.5283203125 0.025781250000000002 0.029296875
1 0.5234375 0.841796875 0.0234375 0.029296875
1 0.144921875 0.8544921875 0.02890625 0.037109375
1 0.094921875 0.8427734375 0.03359375 0.0390625
1 0.33359375 0.732421875 0.029687500000000002 0.033203125
1 0.0390625 0.46923828125 0.0328125 0.0322265625
1 0.2703125 0.3056640625 0.025 0.03125
2 0.624609375 0.98095703125 0.030468750000000003 0.0361328125
2 0.22031250000000002 0.02294921875 0.035937500000000004 0.0458984375
1 0.470703125 0.3251953125 0.03671875 0.046875