0 0.451171875 0.677734375 0.15546875000000002 0.201171875
0 0.10898437500000001 0.490234375 0.06953125 0.099609375
0 0.794921875 0.61181640625 0.06484375 0.0908203125
4 0.90390625 0.72216796875 0.060937500000000006 0.0712890625
2 0.601171875 0.08154296875 0.039843750000000004 0.0400390625
1 0.253515625 0.39892578125 0.030468750000000003 0.0419921875
2 0.54296875 0.931640625 0.034375 0.04296875
2 0.950390625 0.3251953125 0.041406250000000006 0.046875
1 0.5890625 0.46142578125 0.028125 0.0400390625
1 0.88671875 0.916015625 0.035937500000000004 0.04296875
1 0.66796875 0.77099609375 0.029687500000000002 0.0341796875
1 0.64375 0.630859375 0.026562500000000003 0.03125
1 0.6683593750000001 0.62890625 0.025781250000000002 0.03515625
1 0.609375 0.5546875 0.025 0.033203125
1 0.7015625000000001 0.4951171875 0.021875000000000002 0.033203125
1 0.759375 0.458984375 0.025 0.03125
1 0.783203125 0.5439453125 0.025781250000000002 0.033203125
1 0.79453125 0.060546875 0.029687500000000002 0.04296875
1 0.09609375 0.30859375 0.03125 0.037109375
1 0.06484375 0.3857421875 0.0328125 0.03515625
2 0.1375 0.5615234375 0.037500000000000006 0.041015625
1 0.353125 0.61669921875 0.028125 0.0322265625
1 0.22382812500000002 0.4609375 0.025781250000000002 0.03515625
2 0.888671875 0.0283203125 0.03671875 0.04296875
2 0.9171875 0.14892578125 0.03125 0.0419921875
2 0.1765625 0.44189453125 0.0328125 0.0400390625