0 0.583984375 0.56103515625 0.10390625 0.1298828125
0 0.536328125 0.44677734375 0.10234375000000001 0.1162109375
1 0.346484375 0.390625 0.03515625 0.048828125
2 0.2515625 0.92431640625 0.040625 0.0478515625
2 0.7074218750000001 0.77783203125 0.03359375 0.0458984375
2 0.7234375000000001 0.59423828125 0.0421875 0.0556640625
2 0.42031250000000003 0.5126953125 0.0421875 0.044921875
4 0.382421875 0.86474609375 0.05078125 0.0732421875
1 0.8914062500000001 0.7705078125 0.0328125 0.04296875
1 0.8246093750000001 0.791015625 0.02734375 0.03515625
1 0.767578125 0.71044921875 0.02734375 0.0380859375
2 0.050390625 0.9638671875 0.041406250000000006 0.052734375
1 0.512890625 0.5830078125 0.02734375 0.03515625
1 0.17148437500000002 0.31884765625 0.03359375 0.0400390625
1 0.118359375 0.26025390625 0.032031250000000004 0.0400390625
1 0.596875 0.04833984375 0.034375 0.0419921875
1 0.40156250000000004 0.0283203125 0.037500000000000006 0.0390625
2 0.49765625 0.537109375 0.029687500000000002 0.037109375