0 0.280078125 0.46728515625 0.09140625000000001 0.1337890625
0 0.38671875 0.34228515625 0.06406250000000001 0.0869140625
0 0.31757812500000004 0.3671875 0.06640625 0.099609375
0 0.436328125 0.3984375 0.06328125 0.083984375
0 0.41914062500000004 0.4853515625 0.06484375 0.099609375
0 0.3609375 0.5556640625 0.065625 0.078125
2 0.556640625 0.45849609375 0.03671875 0.0458984375
2 0.861328125 0.7412109375 0.03828125 0.044921875
1 0.34804687500000003 0.8046875 0.03828125 0.04296875
1 0.8460937500000001 0.50830078125 0.034375 0.0419921875
1 0.55625 0.60400390625 0.034375 0.0322265625
1 0.66171875 0.3232421875 0.029687500000000002 0.037109375
1 0.5925781250000001 0.40625 0.03359375 0.037109375
1 0.92578125 0.20166015625 0.0328125 0.0419921875
1 0.32656250000000003 0.09130859375 0.03125 0.0400390625
1 0.185546875 0.8115234375 0.02734375 0.03515625
2 0.018750000000000003 0.7333984375 0.037500000000000006 0.044921875
2 0.7230468750000001 0.20751953125 0.03828125 0.0478515625