0 0.696484375 0.45751953125 0.12578125 0.1455078125
2 0.722265625 0.57080078125 0.032031250000000004 0.0400390625
2 0.6882812500000001 0.5634765625 0.028125 0.044921875
3 0.2078125 0.556640625 0.17500000000000002 0.193359375
3 0.86875 0.43896484375 0.1609375 0.2392578125
2 0.7375 0.3740234375 0.0421875 0.044921875
2 0.309375 0.63427734375 0.029687500000000002 0.0400390625
0 0.20039062500000002 0.11962890625 0.06953125 0.0927734375
1 0.33984375 0.314453125 0.0390625 0.037109375
0 0.809765625 0.7353515625 0.09140625000000001 0.1171875
2 0.10078125 0.43798828125 0.035937500000000004 0.0419921875
2 0.8347656250000001 0.61865234375 0.025781250000000002 0.0322265625
2 0.8074218750000001 0.60693359375 0.02734375 0.0341796875
2 0.517578125 0.52587890625 0.03359375 0.0439453125
1 0.39882812500000003 0.9345703125 0.022656250000000003 0.033203125
1 0.88203125 0.60205078125 0.021875000000000002 0.0322265625
1 0.7777343750000001 0.60888671875 0.022656250000000003 0.0283203125
1 0.102734375 0.7060546875 0.025781250000000002 0.033203125
1 0.0671875 0.63037109375 0.026562500000000003 0.0302734375
2 0.115625 0.81884765625 0.03125 0.0341796875
1 0.022265625 0.77978515625 0.022656250000000003 0.0283203125
2 0.17500000000000002 0.76513671875 0.028125 0.0322265625
1 0.01953125 0.935546875 0.0234375 0.03125
1 0.328125 0.02880859375 0.025 0.0302734375
1 0.039843750000000004 0.1640625 0.028125 0.029296875
2 0.148046875 0.03125 0.032031250000000004 0.037109375
2 0.7058593750000001 0.142578125 0.02890625 0.0390625
1 0.1 0.97314453125 0.0203125 0.0302734375
1 0.125 0.84912109375 0.0234375 0.0302734375
2 0.16132812500000002 0.224609375 0.03359375 0.046875
2 0.04609375 0.548828125 0.029687500000000002 0.041015625
2 0.7332031250000001 0.314453125 0.032031250000000004 0.04296875
2 0.7722656250000001 0.36962890625 0.02890625 0.0380859375