0 0.56015625 0.54443359375 0.1390625 0.1689453125
0 0.659765625 0.72216796875 0.07578125000000001 0.1044921875
3 0.759375 0.662109375 0.1 0.138671875
2 0.34882812500000004 0.72412109375 0.032031250000000004 0.0439453125
1 0.60546875 0.37939453125 0.035937500000000004 0.0439453125
2 0.456640625 0.81787109375 0.02890625 0.0380859375
2 0.33710937500000004 0.24169921875 0.030468750000000003 0.0322265625
2 0.048828125 0.34130859375 0.02890625 0.0439453125
1 0.2984375 0.9453125 0.026562500000000003 0.033203125
1 0.37343750000000003 0.603515625 0.026562500000000003 0.041015625
1 0.8871093750000001 0.09619140625 0.032031250000000004 0.0380859375
1 0.8519531250000001 0.23291015625 0.02890625 0.0419921875
2 0.3171875 0.3056640625 0.034375 0.04296875
0 0.5203125000000001 0.11865234375 0.05 0.0615234375
2 0.89765625 0.36572265625 0.0328125 0.0439453125
2 0.973828125 0.7421875 0.03359375 0.04296875
2 0.96640625 0.65869140625 0.0328125 0.0400390625
1 0.27187500000000003 0.16796875 0.028125 0.033203125
1 0.208984375 0.1767578125 0.030468750000000003 0.0390625
2 0.11953125 0.21240234375 0.0328125 0.0400390625
2 0.943359375 0.43115234375 0.03828125 0.0478515625
2 0.8671875 0.44970703125 0.035937500000000004 0.0458984375
1 0.9593750000000001 0.8828125 0.034375 0.03125
1 0.92890625 0.880859375 0.026562500000000003 0.03125
1 0.907421875 0.900390625 0.025781250000000002 0.033203125
0 0.9636718750000001 0.97216796875 0.049218750000000006 0.0537109375
0 0.8304687500000001 0.818359375 0.0234375 0.03125
2 0.7265625 0.8076171875 0.0328125 0.037109375
2 0.6292968750000001 0.974609375 0.03515625 0.033203125
1 0.7921875 0.5703125 0.025 0.03125
1 0.8113281250000001 0.51025390625 0.02734375 0.0302734375
1 0.7136718750000001 0.45361328125 0.02734375 0.0283203125
1 0.41523437500000004 0.9462890625 0.02734375 0.033203125
1 0.311328125 0.76708984375 0.025781250000000002 0.0302734375
1 0.246875 0.890625 0.025 0.03515625
1 0.26328125 0.96826171875 0.028125 0.0322265625
1 0.42734375 0.65625 0.026562500000000003 0.03125
1 0.13984375000000002 0.82080078125 0.026562500000000003 0.0322265625
0 0.0578125 0.86865234375 0.046875 0.0595703125
1 0.049218750000000006 0.67578125 0.029687500000000002 0.03125
1 0.43515625 0.15771484375 0.025 0.0341796875
2 0.42500000000000004 0.109375 0.028125 0.0390625
1 0.36250000000000004 0.103515625 0.028125 0.03515625
2 0.5578125 0.12939453125 0.028125 0.0380859375
1 0.413671875 0.72314453125 0.02734375 0.0380859375
0 0.6484375 0.07421875 0.07187500000000001 0.087890625