0 0.590234375 0.947265625 0.08671875000000001 0.103515625
4 0.6800781250000001 0.24755859375 0.04296875 0.0537109375
4 0.17304687500000002 0.80322265625 0.05078125 0.0595703125
4 0.7125 0.27734375 0.045312500000000006 0.05859375
4 0.44921875 0.4765625 0.040625 0.060546875
4 0.54609375 0.17919921875 0.05 0.0634765625
4 0.21835937500000002 0.3515625 0.055468750000000004 0.068359375
4 0.8984375 0.34375 0.05625 0.06640625
4 0.7839843750000001 0.5751953125 0.05078125 0.0546875
4 0.7703125000000001 0.876953125 0.0390625 0.0546875
0 0.53359375 0.25439453125 0.059375000000000004 0.0693359375
4 0.6746093750000001 0.92529296875 0.05078125 0.0517578125
4 0.8871093750000001 0.82421875 0.04453125 0.0546875