0 0.41250000000000003 0.57666015625 0.09062500000000001 0.1123046875
4 0.15156250000000002 0.4609375 0.1046875 0.13671875
0 0.55078125 0.732421875 0.08750000000000001 0.1015625
3 0.802734375 0.744140625 0.06953125 0.083984375
1 0.809765625 0.81201171875 0.025781250000000002 0.0400390625
0 0.5164062500000001 0.2646484375 0.0765625 0.109375
1 0.663671875 0.39892578125 0.03359375 0.0361328125
0 0.723828125 0.50244140625 0.09296875 0.1181640625
0 0.884375 0.64013671875 0.078125 0.0908203125
0 0.5105468750000001 0.64794921875 0.06796875000000001 0.0966796875
0 0.35234375 0.63427734375 0.065625 0.0712890625
1 0.512109375 0.33251953125 0.02890625 0.0419921875
2 0.866796875 0.849609375 0.03515625 0.04296875
2 0.7578125 0.96533203125 0.05 0.0654296875
4 0.8308593750000001 0.23095703125 0.10703125000000001 0.1435546875