0 0.436328125 0.1748046875 0.07890625000000001 0.091796875
0 0.8191406250000001 0.220703125 0.06796875000000001 0.087890625
0 0.81015625 0.353515625 0.0625 0.087890625
0 0.900390625 0.3564453125 0.06796875000000001 0.078125
0 0.96484375 0.41259765625 0.0578125 0.0791015625
0 0.134765625 0.7275390625 0.08203125 0.095703125
0 0.122265625 0.45263671875 0.07578125000000001 0.0869140625
0 0.434375 0.8447265625 0.08125 0.09375
0 0.66171875 0.4658203125 0.05625 0.07421875
0 0.2515625 0.89404296875 0.0671875 0.0751953125
0 0.22734375 0.75927734375 0.09375 0.1142578125
0 0.056640625 0.61962890625 0.08046875 0.0947265625
0 0.30312500000000003 0.4697265625 0.07500000000000001 0.083984375
0 0.44296875 0.07177734375 0.08125 0.0869140625
0 0.4625 0.51513671875 0.0734375 0.0947265625
0 0.8089843750000001 0.60888671875 0.05859375 0.0751953125
1 0.86875 0.64892578125 0.03125 0.0439453125
1 0.846875 0.86865234375 0.03125 0.0478515625
1 0.929296875 0.822265625 0.032031250000000004 0.04296875
0 0.5847656250000001 0.3173828125 0.09453125000000001 0.126953125
1 0.9281250000000001 0.2041015625 0.029687500000000002 0.041015625
1 0.833984375 0.12744140625 0.02890625 0.0400390625
0 0.626171875 0.6171875 0.07734375 0.1015625
0 0.60703125 0.42919921875 0.0859375 0.0927734375
0 0.09375 0.54296875 0.059375000000000004 0.078125
2 0.272265625 0.09130859375 0.03671875 0.0517578125
1 0.6140625000000001 0.11474609375 0.026562500000000003 0.0341796875
1 0.63203125 0.1572265625 0.0234375 0.0390625
1 0.5609375 0.16455078125 0.03125 0.0400390625
2 0.580078125 0.2236328125 0.030468750000000003 0.037109375
4 0.10546875 0.82373046875 0.06406250000000001 0.0849609375
4 0.18085937500000002 0.83837890625 0.06484375 0.0810546875
0 0.30195312500000004 0.3876953125 0.06171875 0.08203125
1 0.20859375000000002 0.28662109375 0.026562500000000003 0.0380859375
0 0.516015625 0.4296875 0.05078125 0.064453125
1 0.8246093750000001 0.97412109375 0.02734375 0.0419921875
4 0.705078125 0.2919921875 0.09140625000000001 0.109375
4 0.736328125 0.5556640625 0.08984375 0.1171875
4 0.5925781250000001 0.71533203125 0.06328125 0.0869140625
4 0.051562500000000004 0.75048828125 0.0765625 0.0986328125
3 0.8207031250000001 0.53271484375 0.06015625 0.0771484375
1 0.8953125000000001 0.2392578125 0.0390625 0.041015625