0 0.369921875 0.40234375 0.08359375000000001 0.1171875
0 0.28828125 0.7177734375 0.07968750000000001 0.09765625
0 0.5847656250000001 0.8251953125 0.07421875 0.09375
0 0.40234375 0.8759765625 0.06875 0.06640625
0 0.451171875 0.4541015625 0.07578125000000001 0.0859375
0 0.8109375000000001 0.4482421875 0.053125000000000006 0.083984375
0 0.593359375 0.056640625 0.07734375 0.091796875
0 0.590234375 0.1572265625 0.07109375 0.091796875
0 0.9640625 0.2021484375 0.06875 0.08203125
0 0.9636718750000001 0.33544921875 0.06015625 0.0810546875
0 0.8562500000000001 0.27685546875 0.0921875 0.1162109375
0 0.20625000000000002 0.60595703125 0.084375 0.0927734375
0 0.755078125 0.41015625 0.08046875 0.09765625
0 0.958203125 0.59326171875 0.06015625 0.0712890625
1 0.358984375 0.27001953125 0.030468750000000003 0.0458984375
0 0.521484375 0.1064453125 0.057031250000000006 0.07421875
0 0.73984375 0.69921875 0.059375000000000004 0.080078125
3 0.195703125 0.73779296875 0.08046875 0.0986328125
2 0.423828125 0.07763671875 0.04296875 0.0478515625
1 0.7796875000000001 0.1396484375 0.0328125 0.037109375
1 0.7117187500000001 0.14208984375 0.025 0.0361328125
4 0.257421875 0.810546875 0.06640625 0.091796875
4 0.887890625 0.53955078125 0.09453125000000001 0.1220703125
3 0.96875 0.515625 0.060937500000000006 0.083984375
0 0.665234375 0.4140625 0.049218750000000006 0.0703125
0 0.2421875 0.52490234375 0.059375000000000004 0.0771484375
0 0.404296875 0.955078125 0.06171875 0.06640625
1 0.55078125 0.89892578125 0.026562500000000003 0.0380859375
0 0.45 0.37158203125 0.0546875 0.0869140625
1 0.9753906250000001 0.95556640625 0.03359375 0.0458984375