3 0.734375 0.8046875 0.09531250000000001 0.11328125
0 0.6214843750000001 0.76123046875 0.08203125 0.0947265625
0 0.140234375 0.34814453125 0.06015625 0.0791015625
0 0.20234375000000002 0.40625 0.060937500000000006 0.078125
0 0.055859375 0.2099609375 0.06640625 0.08203125
1 0.203125 0.17626953125 0.026562500000000003 0.0361328125
1 0.07265625 0.12158203125 0.0328125 0.0380859375
0 0.05234375 0.34326171875 0.0671875 0.0849609375
0 0.43085937500000004 0.18212890625 0.08515625 0.1025390625
0 0.9050781250000001 0.939453125 0.06640625 0.083984375
1 0.16914062500000002 0.8154296875 0.030468750000000003 0.04296875
0 0.048828125 0.6044921875 0.05859375 0.07421875
1 0.109765625 0.64453125 0.03359375 0.048828125
0 0.47773437500000004 0.38134765625 0.07734375 0.0986328125
4 0.578125 0.4306640625 0.0859375 0.10546875
4 0.28046875 0.443359375 0.0859375 0.107421875
0 0.675 0.66015625 0.060937500000000006 0.072265625
1 0.131640625 0.2314453125 0.02890625 0.037109375
1 0.09648437500000001 0.5625 0.03359375 0.03515625
3 0.061328125000000004 0.52392578125 0.06484375 0.0810546875
3 0.7722656250000001 0.74365234375 0.07578125000000001 0.1005859375
0 0.494140625 0.89697265625 0.04609375 0.0615234375
1 0.06640625 0.9658203125 0.03125 0.0390625