0 0.513671875 0.44921875 0.12265625000000001 0.169921875
0 0.5632812500000001 0.5830078125 0.11875000000000001 0.15234375
0 0.630078125 0.43701171875 0.07421875 0.1220703125
0 0.7152343750000001 0.43701171875 0.09609375 0.1220703125
2 0.2828125 0.671875 0.037500000000000006 0.052734375
2 0.035546875 0.5498046875 0.041406250000000006 0.064453125
1 0.730078125 0.0537109375 0.02890625 0.037109375
0 0.6644531250000001 0.2216796875 0.06484375 0.083984375
0 0.665234375 0.318359375 0.05078125 0.091796875
0 0.343359375 0.42919921875 0.06015625 0.0810546875
0 0.374609375 0.19482421875 0.09296875 0.1162109375
0 0.5625 0.28271484375 0.13593750000000002 0.1708984375
0 0.405078125 0.48193359375 0.08046875 0.1044921875
0 0.4078125 0.330078125 0.06875 0.06640625
0 0.55078125 0.15771484375 0.05625 0.0693359375
0 0.728125 0.33642578125 0.051562500000000004 0.0712890625
2 0.786328125 0.26806640625 0.03671875 0.0458984375
0 0.609375 0.158203125 0.053125000000000006 0.06640625
1 0.467578125 0.70263671875 0.032031250000000004 0.0439453125
2 0.41132812500000004 0.04833984375 0.03515625 0.0439453125