0 0.38710937500000003 0.478515625 0.06640625 0.09375
0 0.32656250000000003 0.2041015625 0.07968750000000001 0.083984375
0 0.956640625 0.37060546875 0.07734375 0.1005859375
0 0.0546875 0.1015625 0.0921875 0.111328125
0 0.45625000000000004 0.70703125 0.0671875 0.095703125
0 0.34218750000000003 0.76708984375 0.08750000000000001 0.1064453125
0 0.665625 0.81640625 0.05625 0.068359375
3 0.7859375000000001 0.3974609375 0.109375 0.1484375
0 0.8753906250000001 0.3408203125 0.06953125 0.103515625
1 0.131640625 0.89013671875 0.039843750000000004 0.0478515625
0 0.025781250000000002 0.3310546875 0.05 0.0703125
0 0.24570312500000002 0.35302734375 0.07734375 0.0810546875
0 0.32421875 0.3154296875 0.0921875 0.115234375
0 0.5964843750000001 0.15478515625 0.06796875000000001 0.1005859375
0 0.5078125 0.6279296875 0.078125 0.083984375
0 0.5 0.85986328125 0.065625 0.0791015625
0 0.44609375 0.81298828125 0.0703125 0.0830078125
0 0.574609375 0.81298828125 0.06640625 0.0732421875
0 0.696484375 0.62353515625 0.08984375 0.1083984375
0 0.66953125 0.89306640625 0.0671875 0.0947265625
0 0.58515625 0.57470703125 0.05625 0.0732421875
1 0.8265625000000001 0.17333984375 0.0328125 0.0517578125
0 0.24531250000000002 0.263671875 0.060937500000000006 0.072265625
2 0.09765625 0.43115234375 0.040625 0.0458984375
2 0.1625 0.6201171875 0.037500000000000006 0.0546875
0 0.375 0.724609375 0.0578125 0.08203125
0 0.751171875 0.56103515625 0.05234375 0.0771484375
0 0.87890625 0.44189453125 0.06406250000000001 0.0810546875
0 0.9539062500000001 0.4619140625 0.08125 0.099609375
0 0.662109375 0.2431640625 0.06484375 0.09765625
0 0.58984375 0.873046875 0.09375 0.08203125