3 0.338671875 0.7880859375 0.10390625 0.130859375
0 0.144921875 0.478515625 0.07578125000000001 0.099609375
0 0.8699218750000001 0.822265625 0.07421875 0.10546875
4 0.569921875 0.58642578125 0.11953125 0.1494140625
2 0.9324218750000001 0.49365234375 0.04453125 0.0517578125
1 0.20859375000000002 0.552734375 0.029687500000000002 0.0390625
1 0.6843750000000001 0.3427734375 0.03125 0.046875
0 0.925390625 0.12841796875 0.06171875 0.0810546875
0 0.8828125 0.05712890625 0.0703125 0.0947265625
0 0.37929687500000003 0.2998046875 0.06640625 0.087890625
0 0.63984375 0.703125 0.0578125 0.08984375
0 0.42421875000000003 0.3759765625 0.0765625 0.09375
2 0.228515625 0.67529296875 0.03671875 0.0439453125
4 0.136328125 0.13232421875 0.06796875000000001 0.0693359375
0 0.065234375 0.07568359375 0.08828125 0.1220703125
0 0.42890625000000004 0.21826171875 0.0765625 0.0927734375
0 0.76328125 0.76513671875 0.078125 0.1083984375
1 0.624609375 0.23583984375 0.03359375 0.0439453125
3 0.31367187500000004 0.21142578125 0.08828125 0.1044921875
2 0.706640625 0.26513671875 0.03828125 0.0517578125
2 0.11289062500000001 0.2880859375 0.03828125 0.046875
2 0.09609375 0.3994140625 0.035937500000000004 0.04296875
1 0.85703125 0.69580078125 0.026562500000000003 0.0419921875
1 0.95625 0.44140625 0.0328125 0.04296875
1 0.934765625 0.64013671875 0.02734375 0.0400390625
0 0.9078125 0.96435546875 0.0703125 0.0693359375
2 0.41445312500000003 0.9287109375 0.03359375 0.044921875
1 0.6433593750000001 0.54248046875 0.02734375 0.0361328125