0 0.39882812500000003 0.5078125 0.08828125 0.115234375
0 0.22109375 0.5439453125 0.0765625 0.099609375
0 0.696484375 0.26513671875 0.07578125000000001 0.0966796875
0 0.5703125 0.33203125 0.0578125 0.078125
0 0.5593750000000001 0.63525390625 0.0671875 0.1005859375
0 0.58515625 0.75830078125 0.06875 0.0908203125
0 0.78515625 0.4521484375 0.0546875 0.080078125
0 0.31757812500000004 0.36279296875 0.06328125 0.0810546875
2 0.712109375 0.05615234375 0.039843750000000004 0.0478515625
1 0.433203125 0.083984375 0.03359375 0.04296875
0 0.6917968750000001 0.44091796875 0.07578125000000001 0.0830078125
0 0.560546875 0.4228515625 0.05234375 0.072265625
3 0.758984375 0.8837890625 0.16796875 0.18359375
0 0.40234375 0.3525390625 0.06875 0.080078125
0 0.306640625 0.5517578125 0.06796875000000001 0.083984375
0 0.255859375 0.4423828125 0.08515625 0.126953125
1 0.8855468750000001 0.1025390625 0.030468750000000003 0.04296875
2 0.44765625000000003 0.650390625 0.037500000000000006 0.056640625
0 0.8359375 0.28662109375 0.11093750000000001 0.1201171875
0 0.9011718750000001 0.484375 0.07890625000000001 0.087890625
2 0.6109375 0.95166015625 0.03125 0.0400390625
1 0.6488281250000001 0.10986328125 0.02734375 0.0341796875
2 0.255859375 0.330078125 0.03828125 0.044921875
4 0.1921875 0.3515625 0.08281250000000001 0.1171875
0 0.5535156250000001 0.26953125 0.05390625 0.064453125
2 0.89765625 0.31787109375 0.035937500000000004 0.0458984375
0 0.85546875 0.94873046875 0.053125000000000006 0.0771484375