0 0.790234375 0.11962890625 0.11484375000000001 0.1435546875
0 0.480078125 0.439453125 0.08671875000000001 0.109375
0 0.526953125 0.1044921875 0.06796875000000001 0.0859375
0 0.53125 0.873046875 0.07500000000000001 0.1015625
0 0.6570312500000001 0.92333984375 0.06875 0.0927734375
1 0.8265625000000001 0.6787109375 0.037500000000000006 0.048828125
0 0.6175781250000001 0.47265625 0.08046875 0.115234375
0 0.474609375 0.59375 0.08671875000000001 0.107421875
0 0.312109375 0.7490234375 0.11015625000000001 0.1328125
0 0.6917968750000001 0.22021484375 0.08359375000000001 0.1005859375
0 0.265625 0.58642578125 0.09531250000000001 0.1181640625
0 0.544140625 0.20068359375 0.07578125000000001 0.0869140625
0 0.4921875 0.3212890625 0.06875 0.09765625
0 0.3015625 0.21533203125 0.05625 0.0732421875
1 0.778515625 0.46142578125 0.03359375 0.0439453125
1 0.15546875000000002 0.82958984375 0.035937500000000004 0.0439453125
1 0.140234375 0.634765625 0.030468750000000003 0.04296875
0 0.41171875 0.8388671875 0.06875 0.078125
0 0.6234375000000001 0.1201171875 0.10625000000000001 0.140625
2 0.18046875 0.9541015625 0.0390625 0.04296875
0 0.191796875 0.1845703125 0.06484375 0.08203125
3 0.24179687500000002 0.27587890625 0.10703125000000001 0.1396484375
1 0.671875 0.50537109375 0.035937500000000004 0.0419921875