0 0.7781250000000001 0.57958984375 0.096875 0.1142578125
0 0.7859375000000001 0.70654296875 0.0734375 0.1044921875
0 0.8609375 0.484375 0.09062500000000001 0.134765625
0 0.15156250000000002 0.66943359375 0.13125 0.1552734375
0 0.37031250000000004 0.73193359375 0.07968750000000001 0.1025390625
0 0.23125 0.474609375 0.08750000000000001 0.111328125
0 0.52578125 0.51611328125 0.1078125 0.1650390625
0 0.7195312500000001 0.47802734375 0.07187500000000001 0.1025390625
0 0.6917968750000001 0.62255859375 0.07421875 0.0908203125
0 0.47109375000000003 0.646484375 0.0765625 0.09375
0 0.46953125 0.33544921875 0.07187500000000001 0.1103515625
0 0.04296875 0.48974609375 0.084375 0.1181640625
2 0.8890625000000001 0.8369140625 0.0421875 0.056640625
0 0.34453125 0.380859375 0.07968750000000001 0.103515625
0 0.540625 0.23193359375 0.1 0.1298828125
0 0.105859375 0.08740234375 0.06328125 0.0849609375
2 0.8167968750000001 0.1435546875 0.041406250000000006 0.046875
2 0.131640625 0.8037109375 0.04296875 0.0546875
1 0.401953125 0.88720703125 0.030468750000000003 0.0439453125
4 0.5078125 0.1279296875 0.078125 0.103515625
4 0.10117187500000001 0.26220703125 0.07265625 0.1025390625
0 0.8953125000000001 0.6943359375 0.0765625 0.095703125
1 0.79296875 0.78515625 0.035937500000000004 0.044921875
2 0.9281250000000001 0.0361328125 0.040625 0.052734375
2 0.977734375 0.83984375 0.03828125 0.044921875
0 0.41250000000000003 0.20849609375 0.06875 0.0634765625