0 0.47695312500000003 0.2685546875 0.13046875 0.162109375
0 0.533203125 0.3720703125 0.11328125 0.1171875
0 0.3375 0.22802734375 0.0859375 0.1123046875
0 0.7523437500000001 0.48486328125 0.08750000000000001 0.1181640625
2 0.9203125000000001 0.4912109375 0.046875 0.05859375
1 0.37226562500000004 0.68115234375 0.041406250000000006 0.0517578125
1 0.11640625 0.59326171875 0.037500000000000006 0.0458984375
0 0.06484375 0.28515625 0.0890625 0.107421875
0 0.44570312500000003 0.443359375 0.08046875 0.10546875
0 0.55390625 0.5244140625 0.1046875 0.16015625
0 0.41132812500000004 0.177734375 0.07578125000000001 0.087890625
0 0.32265625000000003 0.400390625 0.084375 0.1171875
1 0.11679687500000001 0.38671875 0.03359375 0.044921875
1 0.19882812500000002 0.3779296875 0.03359375 0.046875
1 0.611328125 0.26171875 0.032031250000000004 0.046875
1 0.256640625 0.888671875 0.03828125 0.044921875
1 0.702734375 0.59912109375 0.03515625 0.0419921875
1 0.051171875000000006 0.58935546875 0.03515625 0.0498046875
1 0.09843750000000001 0.0712890625 0.03125 0.03515625
1 0.225390625 0.10400390625 0.032031250000000004 0.0478515625
1 0.086328125 0.1796875 0.03359375 0.04296875