0 0.1265625 0.3818359375 0.13593750000000002 0.142578125
0 0.848828125 0.5302734375 0.10234375000000001 0.123046875
0 0.6902343750000001 0.91259765625 0.08359375000000001 0.1083984375
0 0.234375 0.84228515625 0.09375 0.1005859375
1 0.36796875 0.3349609375 0.035937500000000004 0.04296875
0 0.51953125 0.931640625 0.0703125 0.064453125
0 0.9609375 0.81884765625 0.0765625 0.0908203125
0 0.591796875 0.32666015625 0.11796875000000001 0.1630859375
4 0.49726562500000004 0.3427734375 0.06953125 0.099609375
0 0.17929687500000002 0.6435546875 0.07578125000000001 0.078125
0 0.14140625 0.72900390625 0.06875 0.0751953125
0 0.576171875 0.6298828125 0.09921875000000001 0.103515625
0 0.8523437500000001 0.8076171875 0.060937500000000006 0.087890625
0 0.16523437500000002 0.14208984375 0.06640625 0.0888671875
1 0.253515625 0.1162109375 0.030468750000000003 0.04296875
1 0.49062500000000003 0.083984375 0.0328125 0.04296875
1 0.425390625 0.24951171875 0.03359375 0.0400390625
1 0.5398437500000001 0.49169921875 0.03125 0.0439453125
4 0.258984375 0.48291015625 0.07421875 0.1005859375
0 0.630859375 0.4423828125 0.07421875 0.08984375
0 0.805859375 0.9462890625 0.08203125 0.09765625
0 0.9441406250000001 0.72998046875 0.06015625 0.0830078125
0 0.543359375 0.7783203125 0.06484375 0.0859375
0 0.590234375 0.94873046875 0.06796875000000001 0.0908203125
3 0.115625 0.255859375 0.0859375 0.087890625
0 0.790234375 0.78076171875 0.049218750000000006 0.0673828125
1 0.115625 0.8134765625 0.028125 0.041015625
1 0.042578125 0.7587890625 0.032031250000000004 0.04296875
0 0.75703125 0.4873046875 0.0625 0.072265625
0 0.12187500000000001 0.5615234375 0.09375 0.087890625
1 0.036328125 0.45654296875 0.02890625 0.0380859375
1 0.380859375 0.42724609375 0.03515625 0.0419921875
0 0.698828125 0.73828125 0.08515625 0.078125