1 0.8113281250000001 0.72265625 0.030468750000000003 0.03515625
0 0.909375 0.376953125 0.1046875 0.12890625
0 0.6136718750000001 0.34521484375 0.07578125000000001 0.1123046875
0 0.30078125 0.3525390625 0.07187500000000001 0.091796875
4 0.505078125 0.22900390625 0.08203125 0.0927734375
4 0.926953125 0.5234375 0.10078125 0.13671875
1 0.650390625 0.86279296875 0.03671875 0.0419921875
1 0.542578125 0.970703125 0.039843750000000004 0.05078125
1 0.290234375 0.14794921875 0.03671875 0.0498046875
2 0.119140625 0.5654296875 0.05234375 0.064453125
2 0.80625 0.6787109375 0.040625 0.044921875
2 0.1921875 0.2138671875 0.037500000000000006 0.04296875
2 0.5 0.04443359375 0.0390625 0.0439453125
1 0.8660156250000001 0.18994140625 0.02890625 0.0380859375
1 0.261328125 0.0732421875 0.030468750000000003 0.041015625
1 0.11875000000000001 0.03076171875 0.034375 0.0380859375
1 0.6296875000000001 0.96728515625 0.035937500000000004 0.0400390625
0 0.068359375 0.31005859375 0.05234375 0.0693359375
0 0.5222656250000001 0.4716796875 0.08984375 0.10546875
0 0.7683593750000001 0.455078125 0.06171875 0.087890625
0 0.8656250000000001 0.26171875 0.0703125 0.09765625
2 0.972265625 0.79248046875 0.039843750000000004 0.0498046875
1 0.9437500000000001 0.87451171875 0.028125 0.0380859375
2 0.535546875 0.087890625 0.03671875 0.041015625
1 0.535546875 0.77294921875 0.032031250000000004 0.0380859375