0 0.419921875 0.43408203125 0.08515625 0.1064453125
4 0.44062500000000004 0.9365234375 0.09843750000000001 0.1171875
0 0.5859375 0.71435546875 0.0671875 0.0888671875
0 0.581640625 0.83642578125 0.06015625 0.0732421875
0 0.484375 0.216796875 0.1046875 0.1328125
0 0.526953125 0.5380859375 0.12109375 0.17578125
4 0.9496093750000001 0.8349609375 0.07578125000000001 0.099609375
1 0.6351562500000001 0.17822265625 0.037500000000000006 0.0380859375
1 0.593359375 0.033203125 0.04453125 0.046875
0 0.436328125 0.3134765625 0.06953125 0.08203125
0 0.397265625 0.55322265625 0.06640625 0.0908203125
0 0.18320312500000002 0.52001953125 0.08046875 0.0986328125
1 0.817578125 0.5498046875 0.02890625 0.0390625
1 0.875 0.6376953125 0.0328125 0.04296875
1 0.31484375000000003 0.62548828125 0.03125 0.0400390625
0 0.191796875 0.10888671875 0.09296875 0.1123046875
4 0.17343750000000002 0.9189453125 0.05 0.05859375
1 0.14453125 0.6962890625 0.026562500000000003 0.033203125
1 0.769140625 0.7626953125 0.03359375 0.033203125
0 0.17421875 0.4208984375 0.0546875 0.068359375
2 0.29609375 0.77294921875 0.0328125 0.0439453125
2 0.726171875 0.0654296875 0.03515625 0.041015625
1 0.7117187500000001 0.1103515625 0.035937500000000004 0.041015625
1 0.248828125 0.314453125 0.041406250000000006 0.048828125
1 0.027734375000000002 0.134765625 0.03359375 0.046875
1 0.95703125 0.6708984375 0.029687500000000002 0.041015625
2 0.08359375000000001 0.4970703125 0.035937500000000004 0.0390625
4 0.058984375000000006 0.2431640625 0.06796875000000001 0.0859375
0 0.27890625 0.22802734375 0.060937500000000006 0.0732421875
2 0.366015625 0.71728515625 0.03359375 0.0458984375
0 0.9144531250000001 0.17822265625 0.08515625 0.1044921875
1 0.98359375 0.51513671875 0.03125 0.0361328125
2 0.8464843750000001 0.70166015625 0.03359375 0.0478515625