3 0.491796875 0.83447265625 0.16640625 0.2216796875
0 0.93671875 0.1728515625 0.0703125 0.107421875
0 0.706640625 0.0888671875 0.09609375 0.12109375
0 0.1328125 0.53857421875 0.09062500000000001 0.1064453125
0 0.068359375 0.89990234375 0.09296875 0.1181640625
0 0.240234375 0.19287109375 0.06796875000000001 0.0966796875
1 0.8289062500000001 0.4208984375 0.03125 0.04296875
1 0.6117187500000001 0.146484375 0.026562500000000003 0.03515625
1 0.46406250000000004 0.06787109375 0.035937500000000004 0.0341796875
0 0.23789062500000002 0.30615234375 0.06796875000000001 0.0849609375
1 0.460546875 0.39697265625 0.025781250000000002 0.0419921875
0 0.6277343750000001 0.81494140625 0.09296875 0.1083984375
1 0.835546875 0.55615234375 0.030468750000000003 0.0361328125
2 0.694921875 0.64208984375 0.041406250000000006 0.0556640625
0 0.30585937500000004 0.833984375 0.08203125 0.10546875
3 0.5789062500000001 0.6142578125 0.0703125 0.107421875
1 0.86875 0.62158203125 0.029687500000000002 0.0400390625
1 0.869140625 0.76708984375 0.03671875 0.0341796875
4 0.376953125 0.8251953125 0.055468750000000004 0.07421875
4 0.605078125 0.31298828125 0.07734375 0.1025390625
4 0.5906250000000001 0.453125 0.0890625 0.119140625
0 0.22031250000000002 0.48046875 0.0578125 0.068359375
4 0.064453125 0.56787109375 0.07109375 0.0927734375
2 0.81640625 0.73291015625 0.035937500000000004 0.0458984375
0 0.358984375 0.65185546875 0.06171875 0.0791015625
0 0.109375 0.81494140625 0.0703125 0.0771484375
2 0.359375 0.25244140625 0.037500000000000006 0.0419921875
2 0.021875000000000002 0.193359375 0.034375 0.046875
2 0.5027343750000001 0.1826171875 0.03359375 0.052734375
1 0.8480468750000001 0.34619140625 0.030468750000000003 0.0341796875
0 0.599609375 0.90576171875 0.06015625 0.0908203125
1 0.24296875 0.12158203125 0.026562500000000003 0.0400390625
0 0.338671875 0.95556640625 0.06640625 0.0771484375
2 0.7230468750000001 0.89892578125 0.032031250000000004 0.0361328125
4 0.098046875 0.4130859375 0.09765625 0.11328125