0 0.6039062500000001 0.68603515625 0.1859375 0.2255859375
0 0.43281250000000004 0.70458984375 0.09375 0.1044921875
3 0.0921875 0.40234375 0.0859375 0.12109375
1 0.24609375 0.248046875 0.034375 0.04296875
1 0.31562500000000004 0.26611328125 0.034375 0.0380859375
1 0.17148437500000002 0.40283203125 0.025781250000000002 0.0439453125
0 0.6570312500000001 0.83642578125 0.07500000000000001 0.0947265625
1 0.41171875 0.46923828125 0.026562500000000003 0.0341796875
0 0.08867187500000001 0.18603515625 0.08359375000000001 0.1025390625
1 0.21601562500000002 0.6357421875 0.032031250000000004 0.04296875
1 0.3125 0.51611328125 0.0328125 0.0419921875
0 0.720703125 0.5859375 0.07578125000000001 0.095703125
3 0.224609375 0.09521484375 0.07890625000000001 0.0986328125
1 0.55390625 0.095703125 0.025 0.03515625
4 0.642578125 0.49658203125 0.09296875 0.1083984375
2 0.376953125 0.59326171875 0.030468750000000003 0.0458984375
2 0.325 0.6845703125 0.0328125 0.041015625
2 0.870703125 0.740234375 0.039843750000000004 0.041015625
1 0.9765625 0.6572265625 0.025 0.041015625
1 0.42500000000000004 0.9296875 0.028125 0.04296875
1 0.18359375 0.70703125 0.03125 0.048828125