0 0.36054687500000004 0.5791015625 0.13046875 0.15234375
0 0.45039062500000004 0.7041015625 0.09453125000000001 0.12890625
0 0.841015625 0.6435546875 0.07109375 0.107421875
0 0.9339843750000001 0.66162109375 0.07265625 0.1025390625
0 0.7777343750000001 0.72705078125 0.08046875 0.1044921875
0 0.540625 0.6630859375 0.0734375 0.09765625
1 0.6156250000000001 0.51416015625 0.028125 0.0439453125
1 0.05078125 0.85791015625 0.043750000000000004 0.0478515625
0 0.28203125 0.4306640625 0.1125 0.126953125
3 0.603515625 0.18603515625 0.08984375 0.1142578125
4 0.38984375000000004 0.3662109375 0.06875 0.0859375
3 0.30234375 0.30078125 0.078125 0.107421875
0 0.1640625 0.35302734375 0.0765625 0.0927734375