0 0.535546875 0.71923828125 0.07578125000000001 0.1123046875
0 0.6101562500000001 0.83837890625 0.08750000000000001 0.1103515625
0 0.44609375 0.69189453125 0.09375 0.1083984375
0 0.888671875 0.69580078125 0.10234375000000001 0.1435546875
2 0.861328125 0.91064453125 0.047656250000000004 0.0517578125
2 0.574609375 0.30712890625 0.03828125 0.0439453125
0 0.286328125 0.85107421875 0.09453125000000001 0.1337890625
0 0.18125000000000002 0.94189453125 0.10312500000000001 0.1142578125
0 0.525 0.845703125 0.078125 0.099609375
0 0.564453125 0.9296875 0.06171875 0.08203125
3 0.354296875 0.734375 0.08671875000000001 0.119140625
1 0.396484375 0.3935546875 0.025781250000000002 0.033203125
3 0.6472656250000001 0.154296875 0.13984375000000002 0.18359375
0 0.5859375 0.0498046875 0.0703125 0.09375
0 0.18984375 0.767578125 0.0625 0.078125
4 0.275 0.7080078125 0.09375 0.1171875
2 0.37031250000000004 0.3505859375 0.040625 0.048828125
0 0.5515625000000001 0.59326171875 0.0625 0.0771484375
0 0.44609375 0.791015625 0.060937500000000006 0.0859375
1 0.5925781250000001 0.5185546875 0.03671875 0.041015625
1 0.228515625 0.07080078125 0.032031250000000004 0.0361328125
2 0.08515625 0.408203125 0.0421875 0.05859375
1 0.40703125 0.2470703125 0.0328125 0.03515625
2 0.598828125 0.62255859375 0.03359375 0.0517578125
2 0.53046875 0.3662109375 0.0390625 0.0546875
1 0.24570312500000002 0.5 0.030468750000000003 0.0390625
4 0.300390625 0.5771484375 0.11953125 0.134765625
0 0.10039062500000001 0.55712890625 0.06953125 0.0947265625
2 0.48828125 0.07958984375 0.0390625 0.0517578125