0 0.37343750000000003 0.560546875 0.0859375 0.123046875
0 0.71640625 0.35302734375 0.1015625 0.1396484375
0 0.7484375000000001 0.86767578125 0.09375 0.1259765625
0 0.571484375 0.7900390625 0.08984375 0.095703125
4 0.41953125 0.205078125 0.07968750000000001 0.09765625
0 0.0734375 0.5732421875 0.08750000000000001 0.099609375
0 0.84921875 0.93115234375 0.0890625 0.1123046875
0 0.67734375 0.67431640625 0.07500000000000001 0.1025390625
1 0.40078125000000003 0.76904296875 0.037500000000000006 0.0537109375
0 0.20664062500000002 0.39599609375 0.09609375 0.1376953125
0 0.3953125 0.33544921875 0.07187500000000001 0.0810546875
0 0.49375 0.109375 0.07187500000000001 0.09765625
2 0.886328125 0.3134765625 0.041406250000000006 0.060546875
0 0.08476562500000001 0.41064453125 0.08203125 0.0986328125
0 0.42031250000000003 0.10546875 0.05625 0.0703125
2 0.47968750000000004 0.95556640625 0.040625 0.0576171875
1 0.7820312500000001 0.08544921875 0.037500000000000006 0.0419921875
2 0.48046875 0.58251953125 0.034375 0.0419921875
0 0.18984375 0.5185546875 0.0625 0.076171875
2 0.43593750000000003 0.423828125 0.037500000000000006 0.044921875
2 0.946484375 0.6845703125 0.04453125 0.046875
0 0.896484375 0.7666015625 0.06953125 0.091796875
1 0.50234375 0.8037109375 0.034375 0.0390625
0 0.310546875 0.380859375 0.055468750000000004 0.07421875
2 0.373828125 0.0380859375 0.039843750000000004 0.05078125
3 0.8582031250000001 0.82861328125 0.06328125 0.0830078125
0 0.5609375 0.07861328125 0.0703125 0.0888671875