3 0.7058593750000001 0.0634765625 0.11484375000000001 0.126953125
4 0.12890625 0.4462890625 0.06875 0.076171875
3 0.417578125 0.90966796875 0.06484375 0.0732421875
4 0.41640625000000003 0.7548828125 0.053125000000000006 0.078125
1 0.7230468750000001 0.5634765625 0.025781250000000002 0.033203125
3 0.7972656250000001 0.85009765625 0.07109375 0.0888671875
0 0.64453125 0.13720703125 0.059375000000000004 0.0673828125
3 0.6550781250000001 0.30224609375 0.09921875000000001 0.1123046875
3 0.7621093750000001 0.91162109375 0.06796875000000001 0.0869140625
3 0.41718750000000004 0.43994140625 0.065625 0.0869140625
4 0.455859375 0.0625 0.05390625 0.072265625
2 0.9769531250000001 0.70556640625 0.03828125 0.0498046875
2 0.977734375 0.7890625 0.03828125 0.056640625
4 0.051562500000000004 0.59423828125 0.0484375 0.0654296875
4 0.1953125 0.24951171875 0.0484375 0.0654296875
2 0.47421875 0.87353515625 0.0390625 0.0439453125
1 0.08359375000000001 0.13818359375 0.028125 0.0400390625
1 0.07187500000000001 0.06201171875 0.034375 0.0439453125
4 0.5078125 0.20849609375 0.051562500000000004 0.0673828125
2 0.6265625 0.873046875 0.037500000000000006 0.044921875
1 0.24570312500000002 0.7294921875 0.030468750000000003 0.03515625
4 0.618359375 0.8095703125 0.055468750000000004 0.07421875
0 0.60078125 0.453125 0.0484375 0.0625
2 0.821484375 0.24658203125 0.041406250000000006 0.0498046875
2 0.7195312500000001 0.30224609375 0.03125 0.0439453125
0 0.8753906250000001 0.4599609375 0.04453125 0.056640625
2 0.8859375 0.71337890625 0.040625 0.0419921875
0 0.925390625 0.458984375 0.04453125 0.0625
0 0.362109375 0.6328125 0.049218750000000006 0.0625
2 0.43085937500000004 0.6220703125 0.03671875 0.0390625
4 0.32343750000000004 0.41748046875 0.0484375 0.0712890625
1 0.466796875 0.4697265625 0.02890625 0.044921875
1 0.099609375 0.70703125 0.032031250000000004 0.04296875
0 0.30390625000000004 0.8369140625 0.051562500000000004 0.064453125
0 0.6160156250000001 0.6650390625 0.049218750000000006 0.068359375
1 0.8070312500000001 0.6689453125 0.0328125 0.041015625
0 0.033984375000000004 0.1572265625 0.05390625 0.0625
0 0.16757812500000002 0.8984375 0.047656250000000004 0.05859375
2 0.1 0.78271484375 0.035937500000000004 0.0576171875
2 0.748046875 0.369140625 0.03828125 0.0546875
1 0.599609375 0.90087890625 0.02734375 0.0341796875
0 0.269140625 0.96923828125 0.047656250000000004 0.0595703125
1 0.491015625 0.265625 0.030468750000000003 0.0390625