0 0.7136718750000001 0.6650390625 0.10234375000000001 0.126953125
4 0.326953125 0.29345703125 0.047656250000000004 0.0712890625
3 0.31875000000000003 0.462890625 0.10312500000000001 0.125
1 0.76484375 0.53076171875 0.028125 0.0419921875
0 0.14296875 0.8486328125 0.0703125 0.080078125
1 0.9324218750000001 0.27197265625 0.02421875 0.0341796875
3 0.08984375 0.62744140625 0.12187500000000001 0.1181640625
1 0.498828125 0.24658203125 0.025781250000000002 0.0380859375
3 0.491796875 0.95849609375 0.06484375 0.0810546875
3 0.848828125 0.72998046875 0.11171875 0.1298828125
1 0.80234375 0.55517578125 0.029687500000000002 0.0361328125
1 0.48984375 0.1064453125 0.0328125 0.041015625
1 0.44609375 0.03955078125 0.037500000000000006 0.0341796875