3 0.38125000000000003 0.70361328125 0.08750000000000001 0.1025390625
4 0.388671875 0.529296875 0.07734375 0.109375
4 0.07578125000000001 0.85986328125 0.0484375 0.0654296875
1 0.6277343750000001 0.6064453125 0.030468750000000003 0.037109375
1 0.9390625 0.873046875 0.035937500000000004 0.037109375
0 0.745703125 0.38720703125 0.13046875 0.1337890625
4 0.12890625 0.841796875 0.051562500000000004 0.072265625
0 0.35585937500000003 0.12158203125 0.09453125000000001 0.1220703125
1 0.63828125 0.15869140625 0.0328125 0.0380859375
0 0.41953125 0.21435546875 0.0765625 0.0986328125
1 0.7664062500000001 0.79345703125 0.026562500000000003 0.0380859375