0 0.503125 0.392578125 0.11406250000000001 0.138671875
3 0.757421875 0.62158203125 0.16484375 0.1982421875
3 0.300390625 0.2353515625 0.08984375 0.111328125
1 0.14765625000000002 0.34326171875 0.029687500000000002 0.0419921875
1 0.6984375 0.31884765625 0.037500000000000006 0.0439453125
1 0.6488281250000001 0.1435546875 0.030468750000000003 0.04296875
0 0.448828125 0.294921875 0.05234375 0.06640625
3 0.35625 0.34814453125 0.1265625 0.1708984375
1 0.5574218750000001 0.08837890625 0.030468750000000003 0.0419921875
1 0.49375 0.69775390625 0.029687500000000002 0.0380859375
1 0.64609375 0.5498046875 0.03125 0.0390625
1 0.5859375 0.27783203125 0.03125 0.0361328125
1 0.0390625 0.1533203125 0.03125 0.0390625
1 0.032031250000000004 0.50732421875 0.0390625 0.0478515625