0 0.7253906250000001 0.6787109375 0.10078125 0.126953125
3 0.7425781250000001 0.4423828125 0.07890625000000001 0.126953125
3 0.6515625 0.8232421875 0.13125 0.1875
3 0.09726562500000001 0.783203125 0.08515625 0.109375
4 0.15937500000000002 0.4404296875 0.0625 0.078125
3 0.118359375 0.08984375 0.11484375000000001 0.130859375
0 0.534375 0.23046875 0.05 0.064453125
0 0.37734375000000003 0.14892578125 0.051562500000000004 0.0693359375
0 0.327734375 0.033203125 0.06796875000000001 0.06640625
3 0.956640625 0.10546875 0.08515625 0.119140625
1 0.8093750000000001 0.55712890625 0.037500000000000006 0.0439453125
1 0.560546875 0.86572265625 0.030468750000000003 0.0380859375
1 0.776953125 0.83544921875 0.032031250000000004 0.0361328125