0 0.585546875 0.4697265625 0.06796875000000001 0.087890625
3 0.400390625 0.703125 0.20234375000000002 0.25
0 0.805859375 0.396484375 0.08515625 0.11328125
0 0.7156250000000001 0.60546875 0.08281250000000001 0.107421875
1 0.62421875 0.75244140625 0.034375 0.0380859375
1 0.36640625000000004 0.36865234375 0.0328125 0.0439453125
3 0.9171875 0.74072265625 0.1203125 0.1748046875
1 0.584375 0.1279296875 0.025 0.041015625
1 0.16562500000000002 0.560546875 0.026562500000000003 0.0390625
4 0.146484375 0.052734375 0.06484375 0.080078125
1 0.65234375 0.052734375 0.03125 0.037109375
1 0.9546875 0.2548828125 0.03125 0.044921875
1 0.242578125 0.783203125 0.02890625 0.037109375
1 0.9343750000000001 0.412109375 0.0328125 0.041015625
1 0.9167968750000001 0.505859375 0.02890625 0.0390625
1 0.9515625000000001 0.97412109375 0.034375 0.0380859375
1 0.2515625 0.72216796875 0.0328125 0.0400390625