0 0.6140625000000001 0.3291015625 0.10312500000000001 0.107421875
0 0.30195312500000004 0.79638671875 0.07421875 0.1025390625
3 0.88203125 0.60205078125 0.146875 0.1923828125
3 0.06328125 0.39404296875 0.09062500000000001 0.1318359375
0 0.078515625 0.876953125 0.055468750000000004 0.076171875
3 0.291015625 0.2919921875 0.11171875 0.142578125
1 0.71640625 0.53173828125 0.026562500000000003 0.0341796875
1 0.51796875 0.7578125 0.025 0.037109375
3 0.17929687500000002 0.86572265625 0.11640625 0.0966796875
1 0.08554687500000001 0.6484375 0.03828125 0.044921875
3 0.343359375 0.62939453125 0.15234375 0.1904296875
1 0.7585937500000001 0.2978515625 0.029687500000000002 0.041015625
3 0.38320312500000003 0.26416015625 0.09609375 0.1181640625
4 0.428515625 0.4833984375 0.06015625 0.08984375
4 0.9015625 0.03125 0.053125000000000006 0.0625
1 0.53515625 0.50732421875 0.026562500000000003 0.0400390625