3 0.23007812500000002 0.2548828125 0.09921875000000001 0.125
4 0.38398437500000004 0.47998046875 0.049218750000000006 0.0634765625
3 0.6898437500000001 0.78515625 0.18125000000000002 0.2265625
4 0.77890625 0.919921875 0.060937500000000006 0.07421875
1 0.880078125 0.76806640625 0.02734375 0.0302734375
3 0.3984375 0.3017578125 0.125 0.142578125
3 0.18984375 0.74365234375 0.125 0.1650390625
3 0.831640625 0.876953125 0.07578125000000001 0.107421875
1 0.563671875 0.1396484375 0.032031250000000004 0.041015625
1 0.48046875 0.3310546875 0.026562500000000003 0.04296875
1 0.08828125 0.720703125 0.0328125 0.041015625