0 0.5417968750000001 0.25 0.10234375000000001 0.12890625
0 0.521484375 0.900390625 0.07578125000000001 0.09375
3 0.8949218750000001 0.1123046875 0.07421875 0.103515625
3 0.704296875 0.52783203125 0.12421875 0.1904296875
3 0.6253906250000001 0.66357421875 0.06171875 0.0830078125
4 0.26406250000000003 0.3134765625 0.0578125 0.08203125
3 0.706640625 0.78271484375 0.08671875000000001 0.1298828125
4 0.9007812500000001 0.7373046875 0.037500000000000006 0.060546875
1 0.651953125 0.224609375 0.025781250000000002 0.04296875
4 0.9453125 0.73974609375 0.045312500000000006 0.0498046875
4 0.47304687500000003 0.6474609375 0.06015625 0.08203125
1 0.26484375 0.53662109375 0.025 0.0361328125
1 0.9296875 0.9169921875 0.025 0.029296875
1 0.520703125 0.6572265625 0.02890625 0.0390625
3 0.448828125 0.5537109375 0.06484375 0.076171875
1 0.36484375 0.71533203125 0.029687500000000002 0.0361328125