0 0.468359375 0.56884765625 0.06328125 0.0751953125
0 0.541015625 0.564453125 0.07578125000000001 0.09765625
0 0.7000000000000001 0.49365234375 0.0859375 0.1123046875
3 0.252734375 0.58642578125 0.15859375 0.1748046875
3 0.259375 0.43017578125 0.078125 0.0908203125
4 0.835546875 0.283203125 0.06171875 0.072265625
1 0.8828125 0.361328125 0.028125 0.03515625
4 0.43867187500000004 0.673828125 0.057031250000000006 0.05859375
0 0.7332031250000001 0.75732421875 0.05859375 0.0849609375
1 0.874609375 0.62109375 0.02890625 0.037109375
4 0.7449218750000001 0.39306640625 0.049218750000000006 0.0634765625
4 0.508984375 0.623046875 0.057031250000000006 0.068359375
3 0.18828125 0.19189453125 0.15000000000000002 0.1455078125
0 0.37617187500000004 0.1748046875 0.05078125 0.0703125
3 0.84921875 0.75048828125 0.0734375 0.1025390625