4 0.08046875 0.21923828125 0.053125000000000006 0.0712890625
4 0.144140625 0.1806640625 0.05859375 0.06640625
4 0.72578125 0.33447265625 0.0671875 0.0712890625
4 0.69921875 0.56640625 0.0578125 0.080078125
3 0.353515625 0.65185546875 0.15078125 0.2060546875
4 0.5378906250000001 0.32568359375 0.05390625 0.0615234375
4 0.06601562500000001 0.7919921875 0.06484375 0.06640625
2 0.9519531250000001 0.16162109375 0.049218750000000006 0.0673828125
0 0.6046875 0.34033203125 0.0484375 0.0595703125
0 0.558984375 0.8359375 0.04296875 0.056640625
3 0.657421875 0.712890625 0.07109375 0.095703125
0 0.8738281250000001 0.7568359375 0.04609375 0.056640625
0 0.29765625 0.39208984375 0.05 0.0595703125
3 0.340625 0.3447265625 0.0734375 0.09375
2 0.649609375 0.10546875 0.039843750000000004 0.044921875
0 0.3875 0.5224609375 0.05 0.056640625
2 0.029296875 0.50146484375 0.03359375 0.0517578125
2 0.2625 0.66796875 0.034375 0.05078125
3 0.9378906250000001 0.8203125 0.08203125 0.09375
3 0.560546875 0.68603515625 0.06953125 0.0791015625
1 0.28203125 0.576171875 0.03125 0.0390625
3 0.6902343750000001 0.78662109375 0.06484375 0.0849609375