0 0.6664062500000001 0.505859375 0.07968750000000001 0.08984375
4 0.60078125 0.35791015625 0.05625 0.0615234375
4 0.662109375 0.3408203125 0.049218750000000006 0.07421875
0 0.7390625000000001 0.4599609375 0.096875 0.125
0 0.89375 0.52490234375 0.060937500000000006 0.0771484375
1 0.43476562500000004 0.8056640625 0.02890625 0.03515625
1 0.45625000000000004 0.73828125 0.034375 0.041015625
1 0.8484375000000001 0.63720703125 0.026562500000000003 0.0380859375
1 0.95078125 0.66552734375 0.0328125 0.0361328125
4 0.53671875 0.30224609375 0.059375000000000004 0.0751953125
4 0.5578125 0.39892578125 0.065625 0.0810546875
0 0.77109375 0.6083984375 0.059375000000000004 0.076171875