0 0.318359375 0.22119140625 0.06640625 0.0751953125
0 0.73828125 0.5791015625 0.07500000000000001 0.107421875
0 0.721875 0.6884765625 0.0578125 0.080078125
0 0.397265625 0.8408203125 0.09921875000000001 0.08984375
4 0.853125 0.30810546875 0.05 0.0673828125
4 0.495703125 0.27392578125 0.05234375 0.0849609375
4 0.153125 0.2470703125 0.065625 0.078125
0 0.88984375 0.6064453125 0.08281250000000001 0.091796875
0 0.7996093750000001 0.1064453125 0.06015625 0.064453125
4 0.37031250000000004 0.3369140625 0.0484375 0.05859375
4 0.12187500000000001 0.6884765625 0.0484375 0.05859375
3 0.076171875 0.82958984375 0.06015625 0.0810546875
3 0.03359375 0.21240234375 0.0546875 0.0751953125
4 0.267578125 0.1572265625 0.039843750000000004 0.052734375
0 0.933203125 0.07763671875 0.06015625 0.0595703125
1 0.7171875000000001 0.30859375 0.03125 0.041015625
3 0.7054687500000001 0.36474609375 0.1921875 0.2041015625
1 0.09257812500000001 0.40576171875 0.02890625 0.0478515625
3 0.12070312500000001 0.4912109375 0.08984375 0.09765625