3 0.32265625000000003 0.416015625 0.15156250000000002 0.185546875
4 0.373046875 0.603515625 0.06640625 0.091796875
4 0.83203125 0.6845703125 0.060937500000000006 0.05859375
4 0.8875000000000001 0.74267578125 0.0703125 0.0927734375
4 0.034375 0.83203125 0.0625 0.06640625
3 0.71640625 0.37841796875 0.0703125 0.0869140625
0 0.565625 0.73779296875 0.0484375 0.0615234375
4 0.44140625 0.587890625 0.0421875 0.060546875
0 0.21601562500000002 0.29541015625 0.05078125 0.0654296875
3 0.140625 0.48974609375 0.08125 0.1025390625
0 0.9 0.57861328125 0.051562500000000004 0.0615234375
3 0.7542968750000001 0.88818359375 0.06640625 0.0771484375
2 0.59140625 0.5400390625 0.0328125 0.04296875
2 0.33906250000000004 0.8583984375 0.046875 0.056640625
0 0.32109375 0.7880859375 0.0484375 0.056640625
2 0.895703125 0.8671875 0.03515625 0.046875
1 0.894140625 0.640625 0.02890625 0.041015625
1 0.809765625 0.5263671875 0.032031250000000004 0.0390625
1 0.787109375 0.30126953125 0.02890625 0.0361328125
1 0.88984375 0.375 0.029687500000000002 0.03515625
3 0.2 0.15771484375 0.060937500000000006 0.0771484375
1 0.140234375 0.775390625 0.03359375 0.037109375
1 0.074609375 0.845703125 0.02734375 0.033203125
1 0.09843750000000001 0.884765625 0.0328125 0.041015625
1 0.53828125 0.10693359375 0.028125 0.0322265625