0 0.335546875 0.62548828125 0.06484375 0.0693359375
1 0.068359375 0.474609375 0.04609375 0.04296875
0 0.026953125 0.73095703125 0.05390625 0.0693359375
0 0.42890625000000004 0.38916015625 0.060937500000000006 0.0810546875
4 0.27265625 0.0986328125 0.0671875 0.080078125
3 0.934765625 0.49169921875 0.08203125 0.0888671875
0 0.7046875 0.15673828125 0.053125000000000006 0.0615234375
0 0.495703125 0.0576171875 0.049218750000000006 0.0625
0 0.486328125 0.48486328125 0.05078125 0.0556640625
3 0.45859375 0.95361328125 0.065625 0.0751953125
2 0.3609375 0.28515625 0.037500000000000006 0.046875
2 0.1234375 0.17919921875 0.037500000000000006 0.0498046875
2 0.705078125 0.87353515625 0.03671875 0.0537109375
0 0.878125 0.66064453125 0.0390625 0.0556640625
1 0.31015625 0.52734375 0.034375 0.04296875
0 0.8289062500000001 0.46337890625 0.053125000000000006 0.0634765625
3 0.59609375 0.279296875 0.0734375 0.1015625
0 0.270703125 0.7236328125 0.047656250000000004 0.06640625
1 0.362890625 0.732421875 0.02734375 0.0390625
3 0.9714843750000001 0.37353515625 0.05390625 0.0732421875
0 0.616796875 0.16064453125 0.05078125 0.0498046875
3 0.540625 0.08349609375 0.051562500000000004 0.0693359375
3 0.486328125 0.35498046875 0.06796875000000001 0.0810546875
0 0.915625 0.6171875 0.043750000000000004 0.05859375
1 0.10507812500000001 0.55126953125 0.032031250000000004 0.0380859375
3 0.6332031250000001 0.7470703125 0.07578125000000001 0.087890625
1 0.0328125 0.10009765625 0.0328125 0.0458984375
1 0.225 0.81689453125 0.0328125 0.0341796875
2 0.114453125 0.6181640625 0.039843750000000004 0.048828125