0 0.6015625 0.6630859375 0.07187500000000001 0.083984375
3 0.33515625000000004 0.33984375 0.0578125 0.083984375
0 0.766796875 0.77197265625 0.06484375 0.0634765625
0 0.47968750000000004 0.716796875 0.045312500000000006 0.068359375
4 0.84296875 0.46923828125 0.060937500000000006 0.0693359375
4 0.7488281250000001 0.60400390625 0.055468750000000004 0.0634765625
0 0.384765625 0.47265625 0.057031250000000006 0.072265625
4 0.7019531250000001 0.65380859375 0.04609375 0.0576171875
4 0.8125 0.5869140625 0.05625 0.072265625
0 0.653515625 0.71533203125 0.047656250000000004 0.0615234375
4 0.38320312500000003 0.3544921875 0.05078125 0.060546875
4 0.6550781250000001 0.4970703125 0.049218750000000006 0.05859375
3 0.296484375 0.0634765625 0.05859375 0.0859375
0 0.468359375 0.50732421875 0.05078125 0.0673828125
0 0.530859375 0.52880859375 0.057031250000000006 0.0693359375
0 0.70234375 0.5234375 0.0546875 0.0703125
0 0.7546875000000001 0.681640625 0.046875 0.056640625