0 0.755078125 0.38037109375 0.06015625 0.0849609375
0 0.6046875 0.38330078125 0.05 0.0673828125
0 0.6566406250000001 0.40625 0.06953125 0.0625
0 0.552734375 0.49853515625 0.05859375 0.0732421875
0 0.47890625000000003 0.38720703125 0.0765625 0.1083984375
0 0.6171875 0.5068359375 0.051562500000000004 0.068359375
0 0.6726562500000001 0.5478515625 0.046875 0.068359375
0 0.67734375 0.609375 0.059375000000000004 0.064453125
3 0.490234375 0.5 0.07109375 0.091796875
0 0.658203125 0.3369140625 0.07265625 0.080078125
0 0.57734375 0.4375 0.053125000000000006 0.0625