0 0.39882812500000003 0.9208984375 0.06640625 0.078125
0 0.444921875 0.71826171875 0.08671875000000001 0.1220703125
0 0.38671875 0.77490234375 0.0625 0.0615234375
0 0.5144531250000001 0.7607421875 0.06640625 0.076171875
0 0.698828125 0.45263671875 0.06171875 0.0751953125
2 0.22109375 0.82275390625 0.0421875 0.0517578125
2 0.34296875000000004 0.31982421875 0.0390625 0.0537109375
2 0.32265625000000003 0.265625 0.037500000000000006 0.048828125
2 0.7800781250000001 0.08154296875 0.03828125 0.0439453125
2 0.15078125 0.73095703125 0.040625 0.0537109375
3 0.070703125 0.83544921875 0.05390625 0.0732421875
2 0.36328125 0.43017578125 0.035937500000000004 0.0458984375
0 0.899609375 0.3740234375 0.041406250000000006 0.05859375
0 0.4734375 0.8115234375 0.0484375 0.0703125
0 0.17109375000000002 0.59130859375 0.0546875 0.0673828125
4 0.21992187500000002 0.94287109375 0.049218750000000006 0.0673828125
0 0.064453125 0.11962890625 0.057031250000000006 0.0673828125
1 0.034375 0.21533203125 0.03125 0.0380859375
0 0.34140625 0.12158203125 0.051562500000000004 0.0673828125
2 0.8460937500000001 0.46240234375 0.037500000000000006 0.0478515625
4 0.595703125 0.52587890625 0.05859375 0.0791015625
1 0.8250000000000001 0.36376953125 0.029687500000000002 0.0439453125
1 0.816015625 0.42578125 0.02890625 0.0390625
0 0.031640625 0.65380859375 0.04453125 0.0595703125
0 0.257421875 0.46435546875 0.047656250000000004 0.0576171875
2 0.787109375 0.18115234375 0.04296875 0.0537109375
1 0.5535156250000001 0.3125 0.03359375 0.04296875
2 0.310546875 0.58154296875 0.03671875 0.0419921875
2 0.309375 0.6865234375 0.037500000000000006 0.048828125
0 0.6800781250000001 0.5888671875 0.04609375 0.056640625
1 0.980078125 0.02685546875 0.03828125 0.0380859375
1 0.211328125 0.58935546875 0.02734375 0.0400390625