4 0.7738281250000001 0.2978515625 0.06796875000000001 0.08984375
4 0.9203125000000001 0.18603515625 0.07187500000000001 0.0712890625
4 0.86484375 0.21533203125 0.0578125 0.0654296875
0 0.083203125 0.5791015625 0.05078125 0.068359375
3 0.530859375 0.8603515625 0.07421875 0.09375
4 0.23750000000000002 0.30224609375 0.0578125 0.0673828125
0 0.03828125 0.548828125 0.0546875 0.0625
0 0.671875 0.47119140625 0.060937500000000006 0.0849609375
0 0.5984375000000001 0.85546875 0.059375000000000004 0.087890625
0 0.8816406250000001 0.130859375 0.057031250000000006 0.0703125
0 0.284375 0.27099609375 0.053125000000000006 0.0654296875
0 0.70859375 0.73583984375 0.059375000000000004 0.0771484375