0 0.30390625000000004 0.23486328125 0.059375000000000004 0.0830078125
0 0.50546875 0.6689453125 0.06406250000000001 0.07421875
0 0.566015625 0.63232421875 0.06171875 0.0791015625
0 0.34492187500000004 0.5537109375 0.06796875000000001 0.078125
0 0.34804687500000003 0.4716796875 0.06328125 0.076171875
0 0.39609375 0.64453125 0.0546875 0.068359375
0 0.43398437500000003 0.48681640625 0.06796875000000001 0.0712890625
0 0.26406250000000003 0.54248046875 0.060937500000000006 0.0849609375
0 0.38710937500000003 0.7109375 0.06640625 0.07421875
0 0.46718750000000003 0.54345703125 0.0734375 0.0732421875
0 0.24921875000000002 0.65185546875 0.0671875 0.0888671875
0 0.30546875 0.619140625 0.06406250000000001 0.083984375