0 0.24296875 0.64794921875 0.07500000000000001 0.0927734375
0 0.20703125 0.232421875 0.0671875 0.087890625
0 0.13125 0.19580078125 0.0484375 0.0654296875
0 0.13789062500000002 0.12646484375 0.06171875 0.0673828125
0 0.158203125 0.255859375 0.05390625 0.06640625
0 0.40664062500000003 0.24609375 0.057031250000000006 0.068359375
0 0.42226562500000003 0.3134765625 0.05234375 0.07421875
0 0.47734375 0.3369140625 0.05 0.080078125
0 0.55 0.62548828125 0.07187500000000001 0.0869140625
0 0.59609375 0.552734375 0.0578125 0.07421875
0 0.508984375 0.40185546875 0.06015625 0.0771484375
0 0.5574218750000001 0.4423828125 0.049218750000000006 0.0703125
0 0.46953125 0.51416015625 0.05625 0.0732421875
0 0.603515625 0.42138671875 0.05390625 0.0654296875
0 0.205078125 0.1171875 0.055468750000000004 0.072265625
0 0.260546875 0.197265625 0.06484375 0.0703125
0 0.5925781250000001 0.29443359375 0.05234375 0.0595703125
0 0.603515625 0.61572265625 0.06484375 0.0634765625
0 0.462890625 0.443359375 0.05859375 0.07421875
0 0.653515625 0.39013671875 0.06328125 0.0791015625