0 0.32656250000000003 0.3759765625 0.09062500000000001 0.09765625
3 0.5867187500000001 0.087890625 0.1015625 0.125
0 0.7113281250000001 0.51953125 0.06640625 0.087890625
1 0.35976562500000003 0.22265625 0.03515625 0.041015625
0 0.658203125 0.30615234375 0.055468750000000004 0.0732421875
0 0.704296875 0.3095703125 0.04453125 0.060546875
0 0.71015625 0.2412109375 0.060937500000000006 0.07421875
0 0.7523437500000001 0.3154296875 0.053125000000000006 0.078125
3 0.33671875 0.91552734375 0.0703125 0.0888671875
3 0.67578125 0.1455078125 0.0765625 0.1015625
0 0.5613281250000001 0.2158203125 0.05390625 0.072265625
0 0.295703125 0.837890625 0.06953125 0.080078125
0 0.34687500000000004 0.80078125 0.046875 0.0625
0 0.53359375 0.962890625 0.0546875 0.068359375
0 0.384375 0.447265625 0.05 0.060546875
4 0.405859375 0.6806640625 0.05859375 0.076171875
3 0.376953125 0.529296875 0.08203125 0.09765625
0 0.4296875 0.30078125 0.053125000000000006 0.078125
0 0.8972656250000001 0.15380859375 0.06171875 0.0654296875
0 0.315234375 0.525390625 0.047656250000000004 0.07421875
0 0.236328125 0.78076171875 0.049218750000000006 0.0615234375
0 0.2015625 0.8251953125 0.0578125 0.0703125
0 0.60859375 0.47509765625 0.0734375 0.0869140625
0 0.148828125 0.78662109375 0.057031250000000006 0.0693359375
0 0.8324218750000001 0.62841796875 0.049218750000000006 0.0595703125
0 0.8390625 0.69189453125 0.05625 0.0732421875
0 0.41054687500000003 0.3798828125 0.04609375 0.060546875
0 0.427734375 0.466796875 0.055468750000000004 0.05859375