0 0.347265625 0.2412109375 0.06640625 0.087890625
4 0.8304687500000001 0.61962890625 0.05 0.0673828125
1 0.786328125 0.67822265625 0.030468750000000003 0.0458984375
3 0.21835937500000002 0.33935546875 0.12421875 0.1533203125
4 0.37109375 0.34765625 0.05625 0.06640625
3 0.45 0.96044921875 0.0671875 0.0771484375
4 0.43007812500000003 0.3984375 0.05859375 0.060546875
0 0.9011718750000001 0.66796875 0.049218750000000006 0.068359375
3 0.33437500000000003 0.63525390625 0.0578125 0.0693359375
0 0.30546875 0.46240234375 0.0484375 0.0556640625
0 0.864453125 0.53759765625 0.057031250000000006 0.0654296875
2 0.15195312500000002 0.943359375 0.041406250000000006 0.0546875
2 0.237109375 0.8623046875 0.03828125 0.0546875
3 0.02734375 0.728515625 0.051562500000000004 0.080078125
1 0.07890625000000001 0.18994140625 0.029687500000000002 0.0400390625
1 0.15000000000000002 0.19921875 0.034375 0.03515625
0 0.286328125 0.02587890625 0.049218750000000006 0.0517578125
0 0.81640625 0.5107421875 0.046875 0.0625
0 0.292578125 0.65185546875 0.047656250000000004 0.0517578125
2 0.7449218750000001 0.669921875 0.03671875 0.048828125
1 0.5320312500000001 0.53173828125 0.0328125 0.0380859375
1 0.386328125 0.87548828125 0.03359375 0.0341796875
1 0.14921875 0.8212890625 0.037500000000000006 0.044921875
0 0.278515625 0.1787109375 0.05078125 0.060546875
1 0.193359375 0.42626953125 0.032031250000000004 0.0361328125
0 0.49062500000000003 0.3408203125 0.045312500000000006 0.060546875
3 0.156640625 0.68408203125 0.057031250000000006 0.0673828125
3 0.9695312500000001 0.28515625 0.059375000000000004 0.087890625
0 0.58359375 0.29541015625 0.059375000000000004 0.0712890625
0 0.7273437500000001 0.60986328125 0.05625 0.0771484375
0 0.08867187500000001 0.6005859375 0.04296875 0.0625
0 0.612890625 0.14404296875 0.05078125 0.0615234375
1 0.86484375 0.48388671875 0.029687500000000002 0.0361328125
1 0.44296875 0.4814453125 0.0390625 0.041015625
0 0.32109375 0.52294921875 0.060937500000000006 0.0693359375
0 0.669921875 0.9482421875 0.05234375 0.080078125
1 0.070703125 0.9404296875 0.02890625 0.037109375
1 0.9812500000000001 0.92626953125 0.029687500000000002 0.0498046875