0 0.41054687500000003 0.06005859375 0.06640625 0.0869140625
0 0.47500000000000003 0.1162109375 0.065625 0.0859375
0 0.53046875 0.17822265625 0.06875 0.0771484375
0 0.9714843750000001 0.421875 0.055468750000000004 0.0703125
0 0.8125 0.375 0.060937500000000006 0.07421875
0 0.262890625 0.3095703125 0.047656250000000004 0.068359375
3 0.70234375 0.3642578125 0.06875 0.095703125
0 0.6015625 0.27197265625 0.051562500000000004 0.0654296875
0 0.7972656250000001 0.84814453125 0.05390625 0.0693359375
0 0.8250000000000001 0.16943359375 0.0625 0.0830078125
2 0.022656250000000003 0.7060546875 0.0328125 0.052734375
0 0.36484375 0.10546875 0.051562500000000004 0.06640625
0 0.33984375 0.65673828125 0.08281250000000001 0.0791015625
3 0.168359375 0.93798828125 0.11171875 0.1220703125
0 0.28203125 0.96728515625 0.05 0.0634765625
0 0.32109375 0.9111328125 0.0671875 0.08203125
0 0.8074218750000001 0.45849609375 0.06328125 0.0732421875
0 0.8167968750000001 0.291015625 0.05234375 0.0625