1 0.38203125000000004 0.69921875 0.03125 0.041015625
0 0.73984375 0.27978515625 0.08281250000000001 0.0927734375
4 0.326171875 0.4326171875 0.041406250000000006 0.05859375
0 0.696875 0.37744140625 0.060937500000000006 0.0673828125
0 0.80078125 0.158203125 0.0546875 0.083984375
0 0.1921875 0.3837890625 0.0625 0.0703125
4 0.358203125 0.779296875 0.06484375 0.083984375
3 0.69140625 0.080078125 0.078125 0.087890625
2 0.9812500000000001 0.4462890625 0.029687500000000002 0.041015625
0 0.9597656250000001 0.5703125 0.06953125 0.08984375
0 0.396484375 0.30322265625 0.07421875 0.1025390625
0 0.8453125 0.4521484375 0.08281250000000001 0.1015625
1 0.680859375 0.57470703125 0.03671875 0.0400390625
0 0.05859375 0.447265625 0.060937500000000006 0.07421875
1 0.1953125 0.17724609375 0.029687500000000002 0.0341796875