0 0.48984375 0.64306640625 0.0765625 0.0869140625
0 0.880859375 0.0791015625 0.06484375 0.072265625
3 0.48750000000000004 0.1787109375 0.06875 0.078125
0 0.5359375000000001 0.8701171875 0.078125 0.08984375
0 0.759765625 0.2041015625 0.06640625 0.08203125
0 0.8675781250000001 0.1572265625 0.06484375 0.0859375
0 0.255859375 0.83544921875 0.06171875 0.0791015625
0 0.76953125 0.02880859375 0.0578125 0.0576171875
0 0.81015625 0.111328125 0.059375000000000004 0.072265625
0 0.7601562500000001 0.47265625 0.0734375 0.091796875
0 0.8128906250000001 0.896484375 0.07421875 0.08984375