0 0.30390625000000004 0.12353515625 0.11406250000000001 0.1279296875
0 0.544921875 0.53662109375 0.06484375 0.0693359375
0 0.23515625 0.22998046875 0.051562500000000004 0.0634765625
0 0.22773437500000002 0.28515625 0.05859375 0.064453125
0 0.191796875 0.3515625 0.04609375 0.060546875
4 0.1234375 0.44140625 0.06875 0.080078125
4 0.20429687500000002 0.05615234375 0.05234375 0.0654296875
3 0.499609375 0.41259765625 0.08359375000000001 0.1044921875
0 0.8343750000000001 0.462890625 0.059375000000000004 0.0703125
0 0.3296875 0.767578125 0.08125 0.10546875
0 0.732421875 0.96484375 0.07109375 0.068359375
0 0.10820312500000001 0.08984375 0.06171875 0.07421875
0 0.091015625 0.27099609375 0.05859375 0.0732421875
0 0.284375 0.22607421875 0.0578125 0.0791015625
0 0.05234375 0.15087890625 0.05625 0.0595703125