0 0.10546875 0.40185546875 0.065625 0.0908203125
0 0.591015625 0.669921875 0.06640625 0.083984375
0 0.6742187500000001 0.61083984375 0.06875 0.0986328125
0 0.7425781250000001 0.5419921875 0.06953125 0.083984375
0 0.288671875 0.849609375 0.05859375 0.0703125
0 0.36171875000000003 0.20263671875 0.05625 0.0810546875
0 0.392578125 0.1162109375 0.05859375 0.07421875
0 0.532421875 0.74560546875 0.06953125 0.0888671875
0 0.419921875 0.83837890625 0.08046875 0.0849609375
3 0.46640625 0.341796875 0.06406250000000001 0.08984375
1 0.25703125 0.619140625 0.037500000000000006 0.04296875
0 0.5886718750000001 0.1826171875 0.055468750000000004 0.07421875
0 0.280859375 0.95458984375 0.06640625 0.0771484375
0 0.61875 0.255859375 0.0578125 0.068359375
3 0.171875 0.90087890625 0.07968750000000001 0.0732421875
2 0.11484375000000001 0.8837890625 0.028125 0.037109375
0 0.828125 0.37451171875 0.07187500000000001 0.0869140625
0 0.52890625 0.24658203125 0.0578125 0.0771484375
0 0.59765625 0.05322265625 0.07187500000000001 0.0791015625
0 0.53671875 0.10986328125 0.0671875 0.0908203125
0 0.37539062500000003 0.9013671875 0.07421875 0.08984375