0 0.351171875 0.63037109375 0.10390625 0.1044921875
0 0.39609375 0.716796875 0.07968750000000001 0.076171875
3 0.36015625 0.36083984375 0.10312500000000001 0.1123046875
0 0.32070312500000003 0.53759765625 0.057031250000000006 0.0712890625
0 0.274609375 0.44677734375 0.06484375 0.0791015625
0 0.35664062500000004 0.4521484375 0.06015625 0.068359375
0 0.5015625 0.59765625 0.0671875 0.08984375
0 0.2484375 0.50244140625 0.0625 0.0712890625
0 0.5125000000000001 0.693359375 0.051562500000000004 0.078125
0 0.661328125 0.59033203125 0.05390625 0.0751953125
0 0.6820312500000001 0.52001953125 0.051562500000000004 0.0712890625