0 0.7609375 0.38427734375 0.0765625 0.0966796875
0 0.767578125 0.28515625 0.06484375 0.07421875
0 0.35195312500000003 0.806640625 0.09921875000000001 0.115234375
0 0.46015625000000004 0.93798828125 0.05625 0.0673828125
0 0.259765625 0.8623046875 0.05234375 0.076171875
0 0.458984375 0.70458984375 0.05234375 0.0673828125
0 0.2 0.80419921875 0.0578125 0.0693359375
0 0.037109375 0.48193359375 0.05859375 0.0673828125
0 0.5390625 0.306640625 0.05 0.064453125
0 0.4265625 0.794921875 0.051562500000000004 0.0625
0 0.55 0.384765625 0.0546875 0.056640625
0 0.1078125 0.47705078125 0.0546875 0.0732421875
3 0.9593750000000001 0.35791015625 0.06406250000000001 0.0869140625
0 0.712890625 0.4453125 0.04453125 0.0625
0 0.6957031250000001 0.701171875 0.055468750000000004 0.08203125