0 0.46171875 0.65234375 0.11875000000000001 0.181640625
0 0.74765625 0.33251953125 0.0734375 0.1005859375
0 0.8128906250000001 0.32373046875 0.07421875 0.1083984375
0 0.511328125 0.79736328125 0.05234375 0.0673828125
0 0.548828125 0.74853515625 0.057031250000000006 0.0771484375
4 0.1953125 0.37890625 0.1046875 0.119140625
4 0.63046875 0.7890625 0.0703125 0.087890625
0 0.9343750000000001 0.24609375 0.06875 0.08203125
4 0.8894531250000001 0.79150390625 0.07578125000000001 0.1123046875
1 0.22578125000000002 0.3046875 0.034375 0.041015625
0 0.859375 0.25146484375 0.065625 0.0830078125