1 0.41250000000000003 0.2939453125 0.037500000000000006 0.05078125
1 0.14960937500000002 0.3095703125 0.03671875 0.046875
4 0.40703125 0.13037109375 0.065625 0.0791015625
4 0.08867187500000001 0.14599609375 0.06953125 0.0830078125
4 0.07773437500000001 0.93994140625 0.05390625 0.0634765625
4 0.041015625 0.90087890625 0.06171875 0.0771484375
3 0.20429687500000002 0.17138671875 0.06484375 0.0751953125
4 0.25546875 0.396484375 0.060937500000000006 0.068359375
4 0.24765625000000002 0.4580078125 0.051562500000000004 0.0625
2 0.62890625 0.54052734375 0.0328125 0.0400390625
1 0.7875000000000001 0.4384765625 0.029687500000000002 0.04296875
1 0.724609375 0.39013671875 0.02890625 0.0361328125
2 0.90234375 0.08349609375 0.040625 0.0478515625
2 0.59296875 0.67333984375 0.040625 0.0419921875
0 0.02890625 0.07861328125 0.046875 0.0595703125
4 0.30312500000000003 0.23291015625 0.06875 0.0908203125
4 0.4890625 0.23095703125 0.06406250000000001 0.0791015625
4 0.555859375 0.43212890625 0.05390625 0.0732421875
0 0.671484375 0.64501953125 0.05078125 0.0654296875
0 0.209375 0.92822265625 0.065625 0.0771484375
3 0.08671875000000001 0.86474609375 0.059375000000000004 0.0751953125
0 0.090234375 0.673828125 0.047656250000000004 0.0625
0 0.10429687500000001 0.48876953125 0.06171875 0.0693359375
2 0.6101562500000001 0.90380859375 0.0390625 0.0576171875
3 0.703125 0.87548828125 0.0625 0.0791015625
1 0.15234375 0.88037109375 0.028125 0.0400390625
1 0.27265625 0.94287109375 0.026562500000000003 0.0419921875
1 0.640234375 0.4541015625 0.03671875 0.044921875
0 0.89375 0.67333984375 0.0484375 0.0673828125
0 0.6687500000000001 0.27783203125 0.037500000000000006 0.0537109375
2 0.32890625 0.73388671875 0.05 0.0537109375
1 0.490234375 0.61962890625 0.030468750000000003 0.0439453125
0 0.7957031250000001 0.32177734375 0.04609375 0.0576171875
1 0.19062500000000002 0.35888671875 0.03125 0.0361328125
1 0.7429687500000001 0.59716796875 0.0328125 0.0380859375
0 0.751171875 0.94140625 0.06015625 0.0703125
1 0.38359375 0.02734375 0.029687500000000002 0.0390625
1 0.694921875 0.0546875 0.032031250000000004 0.044921875