0 0.586328125 0.93603515625 0.06953125 0.0888671875
0 0.636328125 0.869140625 0.08046875 0.109375
0 0.844921875 0.72119140625 0.07578125000000001 0.1044921875
0 0.9167968750000001 0.67822265625 0.06171875 0.0830078125
0 0.703125 0.79833984375 0.06875 0.0849609375
0 0.78828125 0.80712890625 0.0703125 0.0869140625
0 0.37265625 0.3271484375 0.065625 0.083984375
0 0.24140625000000002 0.23193359375 0.07968750000000001 0.1103515625
0 0.32343750000000004 0.24951171875 0.078125 0.1044921875
3 0.15195312500000002 0.3212890625 0.09453125000000001 0.1015625
3 0.283984375 0.37744140625 0.10859375 0.1572265625