0 0.2859375 0.32080078125 0.08125 0.0927734375
0 0.26875 0.6630859375 0.07500000000000001 0.087890625
0 0.58359375 0.5146484375 0.07500000000000001 0.09375
0 0.559765625 0.619140625 0.07421875 0.107421875
0 0.6277343750000001 0.716796875 0.06953125 0.091796875
0 0.29921875000000003 0.771484375 0.078125 0.10546875
0 0.37265625 0.47802734375 0.0703125 0.0849609375
0 0.429296875 0.4423828125 0.06953125 0.09765625
0 0.30546875 0.208984375 0.07500000000000001 0.1015625
0 0.33242187500000003 0.6015625 0.06328125 0.08203125
4 0.40703125 0.556640625 0.078125 0.1015625
0 0.48046875 0.6201171875 0.065625 0.111328125
0 0.5078125 0.45556640625 0.078125 0.0986328125
3 0.659765625 0.60693359375 0.14140625 0.1572265625