0 0.209765625 0.6044921875 0.07734375 0.107421875
0 0.064453125 0.45849609375 0.08203125 0.1025390625
0 0.81171875 0.72314453125 0.07187500000000001 0.0888671875
0 0.702734375 0.58935546875 0.06484375 0.0986328125
0 0.535546875 0.51171875 0.07265625 0.080078125
0 0.6890625 0.36376953125 0.0703125 0.0869140625
0 0.6917968750000001 0.7890625 0.05234375 0.072265625
0 0.766796875 0.65625 0.06015625 0.091796875
0 0.8375 0.4541015625 0.0546875 0.0859375
0 0.52265625 0.8095703125 0.08281250000000001 0.09765625
0 0.6937500000000001 0.4658203125 0.0703125 0.099609375
0 0.10078125 0.05859375 0.0859375 0.08984375
0 0.6468750000000001 0.66259765625 0.065625 0.0888671875
1 0.829296875 0.08349609375 0.025781250000000002 0.0400390625
3 0.91328125 0.68896484375 0.09531250000000001 0.1357421875