4 0.5613281250000001 0.23583984375 0.047656250000000004 0.0595703125
3 0.36015625 0.08349609375 0.10312500000000001 0.1201171875
1 0.2109375 0.44384765625 0.034375 0.0419921875
4 0.047265625000000006 0.748046875 0.08046875 0.095703125
3 0.7566406250000001 0.1943359375 0.08984375 0.1015625
0 0.8203125 0.64501953125 0.0546875 0.0673828125
3 0.543359375 0.76220703125 0.07421875 0.0810546875
4 0.46914062500000003 0.9111328125 0.05234375 0.068359375
1 0.20234375000000002 0.56787109375 0.03125 0.0439453125
0 0.887890625 0.78759765625 0.06015625 0.0732421875
0 0.6781250000000001 0.22119140625 0.059375000000000004 0.0634765625
2 0.069140625 0.47607421875 0.03828125 0.0517578125
1 0.20820312500000002 0.70654296875 0.03515625 0.0361328125
0 0.32929687500000004 0.7109375 0.04453125 0.0546875
0 0.7859375000000001 0.4404296875 0.0390625 0.052734375
0 0.10312500000000001 0.1318359375 0.043750000000000004 0.056640625
0 0.45546875000000003 0.46142578125 0.051562500000000004 0.0654296875
2 0.443359375 0.24755859375 0.032031250000000004 0.0419921875
2 0.86328125 0.6181640625 0.0328125 0.04296875
0 0.67109375 0.35595703125 0.045312500000000006 0.0595703125
1 0.7777343750000001 0.54150390625 0.025781250000000002 0.0380859375
3 0.246484375 0.77587890625 0.16328125000000002 0.1728515625