0 0.85546875 0.2470703125 0.1296875 0.15625
0 0.7542968750000001 0.2958984375 0.08046875 0.09765625
0 0.9500000000000001 0.337890625 0.06406250000000001 0.091796875
0 0.739453125 0.2099609375 0.06796875000000001 0.08203125
0 0.812109375 0.38916015625 0.05859375 0.0849609375
0 0.853125 0.62255859375 0.0671875 0.0908203125
0 0.857421875 0.4677734375 0.08203125 0.08984375
0 0.28203125 0.86279296875 0.0703125 0.0751953125
0 0.141015625 0.939453125 0.06796875000000001 0.08984375
0 0.779296875 0.892578125 0.06015625 0.078125
0 0.6640625 0.6728515625 0.045312500000000006 0.07421875
4 0.08476562500000001 0.876953125 0.06953125 0.0859375
0 0.8250000000000001 0.86181640625 0.05625 0.0634765625
0 0.1484375 0.3681640625 0.059375000000000004 0.076171875
0 0.8269531250000001 0.7646484375 0.06328125 0.08984375