0 0.7527343750000001 0.4326171875 0.08828125 0.09765625
0 0.8984375 0.693359375 0.078125 0.099609375
0 0.7890625 0.78125 0.08750000000000001 0.091796875
0 0.43046875 0.46533203125 0.060937500000000006 0.0791015625
0 0.5 0.4677734375 0.0671875 0.09765625
0 0.6117187500000001 0.5634765625 0.0625 0.07421875
0 0.7410156250000001 0.5166015625 0.06796875000000001 0.083984375
0 0.7777343750000001 0.6943359375 0.06171875 0.068359375
0 0.8054687500000001 0.35205078125 0.0703125 0.0908203125
0 0.6828125 0.55615234375 0.0703125 0.0849609375
3 0.7859375000000001 0.60009765625 0.0921875 0.1220703125