0 0.54140625 0.2197265625 0.07187500000000001 0.109375
0 0.474609375 0.2197265625 0.06171875 0.08203125
0 0.28554687500000003 0.34228515625 0.07578125000000001 0.1123046875
0 0.41015625 0.3623046875 0.06406250000000001 0.0859375
0 0.33125000000000004 0.68701171875 0.07968750000000001 0.1005859375
0 0.35234375 0.2958984375 0.059375000000000004 0.09765625
0 0.45 0.53857421875 0.06875 0.0732421875
0 0.3796875 0.76025390625 0.06875 0.0869140625
0 0.42031250000000003 0.45849609375 0.0625 0.0732421875
4 0.251953125 0.54345703125 0.07265625 0.0986328125
0 0.452734375 0.74365234375 0.07421875 0.0869140625
0 0.6277343750000001 0.2119140625 0.07578125000000001 0.08984375