0 0.49257812500000003 0.81005859375 0.08984375 0.1201171875
0 0.933203125 0.44873046875 0.06171875 0.0888671875
0 0.86328125 0.42431640625 0.0546875 0.0830078125
0 0.805859375 0.4404296875 0.05234375 0.06640625
0 0.66015625 0.4794921875 0.0484375 0.07421875
0 0.7410156250000001 0.28515625 0.055468750000000004 0.060546875
0 0.744140625 0.38037109375 0.05078125 0.0615234375
0 0.718359375 0.478515625 0.047656250000000004 0.056640625
0 0.76171875 0.49951171875 0.0484375 0.0654296875
0 0.70703125 0.42578125 0.0484375 0.056640625
0 0.31015625 0.26171875 0.059375000000000004 0.078125
0 0.28554687500000003 0.2001953125 0.06328125 0.072265625
0 0.571875 0.9443359375 0.059375000000000004 0.076171875
1 0.8148437500000001 0.89404296875 0.029687500000000002 0.0400390625
4 0.1078125 0.4912109375 0.06875 0.078125
1 0.193359375 0.7353515625 0.03359375 0.03515625
4 0.33828125000000003 0.57958984375 0.06406250000000001 0.0732421875
0 0.37929687500000003 0.2607421875 0.07265625 0.08203125
0 0.037500000000000006 0.21142578125 0.065625 0.0693359375
1 0.597265625 0.14013671875 0.030468750000000003 0.0361328125
4 0.3375 0.4765625 0.0546875 0.078125
4 0.9222656250000001 0.1904296875 0.06640625 0.0859375
1 0.89765625 0.70068359375 0.029687500000000002 0.0400390625
1 0.47109375000000003 0.060546875 0.034375 0.04296875
1 0.537109375 0.0419921875 0.02734375 0.041015625
1 0.274609375 0.08349609375 0.030468750000000003 0.0361328125
4 0.16171875000000002 0.92236328125 0.07500000000000001 0.0908203125
1 0.46640625 0.69091796875 0.03125 0.0400390625
1 0.9359375000000001 0.978515625 0.034375 0.03515625
1 0.44140625 0.138671875 0.0328125 0.033203125