0 0.698828125 0.64404296875 0.06953125 0.0888671875
0 0.7527343750000001 0.90966796875 0.057031250000000006 0.0712890625
0 0.08203125 0.85888671875 0.060937500000000006 0.0693359375
0 0.08945312500000001 0.78955078125 0.06015625 0.0732421875
0 0.06992187500000001 0.14697265625 0.09453125000000001 0.1220703125
0 0.533203125 0.44580078125 0.06640625 0.0732421875
2 0.8855468750000001 0.1923828125 0.041406250000000006 0.041015625
2 0.966015625 0.14306640625 0.041406250000000006 0.0478515625
2 0.9109375000000001 0.01953125 0.035937500000000004 0.0390625
2 0.733984375 0.2890625 0.03671875 0.0546875
2 0.515625 0.05029296875 0.03125 0.0458984375
0 0.516796875 0.7421875 0.05234375 0.0625
0 0.637890625 0.65869140625 0.049218750000000006 0.0712890625
2 0.160546875 0.28369140625 0.032031250000000004 0.0439453125
1 0.19648437500000002 0.4853515625 0.030468750000000003 0.0390625
1 0.053125000000000006 0.34033203125 0.0328125 0.0380859375
1 0.30078125 0.314453125 0.03125 0.041015625
1 0.39101562500000003 0.283203125 0.03671875 0.044921875
1 0.7503906250000001 0.14990234375 0.032031250000000004 0.0458984375
1 0.821875 0.0771484375 0.029687500000000002 0.03515625
1 0.88671875 0.693359375 0.034375 0.046875
1 0.2828125 0.85205078125 0.029687500000000002 0.0400390625