0 0.6351562500000001 0.3603515625 0.08281250000000001 0.1015625
0 0.8148437500000001 0.83642578125 0.09843750000000001 0.1025390625
0 0.9222656250000001 0.640625 0.06015625 0.076171875
0 0.351171875 0.76025390625 0.05859375 0.0771484375
0 0.142578125 0.82861328125 0.06328125 0.0712890625
0 0.22812500000000002 0.1552734375 0.07187500000000001 0.083984375
0 0.6671875 0.10302734375 0.065625 0.0830078125
0 0.673828125 0.46826171875 0.06640625 0.0712890625
0 0.5859375 0.58447265625 0.0578125 0.0771484375
0 0.4578125 0.49072265625 0.0578125 0.0751953125
0 0.5 0.45556640625 0.0546875 0.0615234375
0 0.480078125 0.59326171875 0.055468750000000004 0.0673828125
0 0.51015625 0.5517578125 0.046875 0.060546875
0 0.555859375 0.50390625 0.055468750000000004 0.064453125
0 0.8425781250000001 0.46240234375 0.09453125000000001 0.1162109375
0 0.818359375 0.55322265625 0.05078125 0.0576171875
0 0.7855468750000001 0.3447265625 0.049218750000000006 0.0703125
0 0.767578125 0.2919921875 0.05234375 0.06640625
0 0.72578125 0.2412109375 0.0625 0.07421875
0 0.09765625 0.15087890625 0.05 0.0712890625
0 0.040625 0.091796875 0.053125000000000006 0.064453125
0 0.053515625000000004 0.21142578125 0.05390625 0.0615234375
0 0.6980468750000001 0.57275390625 0.049218750000000006 0.0615234375
0 0.6097656250000001 0.66064453125 0.055468750000000004 0.0634765625
2 0.016796875 0.62890625 0.025781250000000002 0.041015625
2 0.219140625 0.47314453125 0.03671875 0.0419921875
1 0.436328125 0.953125 0.02890625 0.044921875
1 0.015625 0.79443359375 0.028125 0.0400390625
1 0.193359375 0.412109375 0.03515625 0.0390625
1 0.8523437500000001 0.6484375 0.0328125 0.041015625
0 0.892578125 0.29052734375 0.055468750000000004 0.0712890625
0 0.7621093750000001 0.4453125 0.05078125 0.064453125
1 0.38984375000000004 0.22607421875 0.035937500000000004 0.0419921875
2 0.2859375 0.03662109375 0.035937500000000004 0.0419921875
1 0.23398437500000002 0.03515625 0.030468750000000003 0.041015625
1 0.226953125 0.68994140625 0.02890625 0.0341796875