0 0.90234375 0.49951171875 0.0578125 0.0732421875
0 0.33632812500000003 0.9658203125 0.057031250000000006 0.0625
0 0.16757812500000002 0.25341796875 0.055468750000000004 0.0712890625
2 0.41015625 0.857421875 0.0328125 0.0390625
2 0.54609375 0.7646484375 0.03125 0.041015625
4 0.70703125 0.73095703125 0.06406250000000001 0.0732421875
2 0.603515625 0.1142578125 0.03671875 0.046875
1 0.7429687500000001 0.0263671875 0.029687500000000002 0.0390625
2 0.468359375 0.39599609375 0.030468750000000003 0.0380859375
0 0.548046875 0.552734375 0.049218750000000006 0.060546875
0 0.63046875 0.44921875 0.060937500000000006 0.06640625
0 0.8765625 0.4365234375 0.060937500000000006 0.076171875
1 0.4265625 0.63037109375 0.028125 0.0380859375
1 0.7898437500000001 0.97509765625 0.034375 0.0400390625
1 0.864453125 0.3203125 0.02890625 0.041015625
2 0.05 0.6728515625 0.035937500000000004 0.046875
1 0.270703125 0.73828125 0.02890625 0.03515625
4 0.933203125 0.7138671875 0.05390625 0.08203125