0 0.43359375 0.2744140625 0.0671875 0.078125
0 0.7828125 0.0751953125 0.0421875 0.068359375
0 0.829296875 0.09814453125 0.04453125 0.0654296875
0 0.77734375 0.486328125 0.051562500000000004 0.0703125
0 0.72578125 0.4853515625 0.053125000000000006 0.068359375
0 0.7777343750000001 0.41650390625 0.04609375 0.0693359375
0 0.7210937500000001 0.3916015625 0.05625 0.0703125
2 0.574609375 0.64599609375 0.03359375 0.0478515625
2 0.7953125000000001 0.8876953125 0.0328125 0.05078125
0 0.28828125 0.5244140625 0.046875 0.06640625
0 0.33203125 0.5546875 0.05 0.064453125
0 0.35390625000000003 0.51123046875 0.040625 0.0673828125
2 0.21875 0.88134765625 0.028125 0.0458984375
2 0.7125 0.25 0.0390625 0.0546875
2 0.19648437500000002 0.056640625 0.03828125 0.041015625
2 0.841015625 0.38134765625 0.03359375 0.0419921875
0 0.132421875 0.7431640625 0.09296875 0.123046875
1 0.8128906250000001 0.74462890625 0.02734375 0.0419921875
1 0.908203125 0.23486328125 0.03359375 0.0419921875
1 0.41953125 0.12841796875 0.028125 0.0302734375
1 0.42031250000000003 0.40478515625 0.029687500000000002 0.0361328125
1 0.45625000000000004 0.87939453125 0.03125 0.0419921875
1 0.7582031250000001 0.7900390625 0.02890625 0.041015625
1 0.6625000000000001 0.56005859375 0.037500000000000006 0.0400390625
2 0.9675781250000001 0.6123046875 0.03515625 0.046875
1 0.029687500000000002 0.3095703125 0.0328125 0.0390625
2 0.6804687500000001 0.38037109375 0.034375 0.0419921875
1 0.11015625000000001 0.93798828125 0.029687500000000002 0.0361328125
1 0.933203125 0.755859375 0.025781250000000002 0.037109375
1 0.880078125 0.677734375 0.032031250000000004 0.0390625
4 0.723828125 0.87744140625 0.06328125 0.0791015625