2 0.718359375 0.138671875 0.03671875 0.044921875
0 0.7156250000000001 0.52783203125 0.0671875 0.0830078125
0 0.782421875 0.5029296875 0.06640625 0.0859375
0 0.853515625 0.42578125 0.12421875 0.154296875
0 0.8695312500000001 0.625 0.053125000000000006 0.064453125
0 0.6531250000000001 0.77490234375 0.0578125 0.0693359375
0 0.07382812500000001 0.2744140625 0.055468750000000004 0.0625
0 0.16015625 0.33056640625 0.0484375 0.0654296875
0 0.028125 0.2099609375 0.05 0.0703125
2 0.353125 0.03515625 0.034375 0.041015625
2 0.29335937500000003 0.62890625 0.030468750000000003 0.04296875
0 0.23007812500000002 0.36865234375 0.06328125 0.0712890625
0 0.2234375 0.30712890625 0.06406250000000001 0.0654296875
4 0.8949218750000001 0.09423828125 0.06171875 0.0791015625
1 0.34921875 0.89208984375 0.0328125 0.0361328125
1 0.118359375 0.53515625 0.032031250000000004 0.033203125
1 0.040625 0.58349609375 0.03125 0.0341796875
1 0.08984375 0.07568359375 0.028125 0.0380859375
4 0.40546875000000004 0.7177734375 0.065625 0.078125
1 0.57578125 0.15625 0.034375 0.037109375