0 0.07265625 0.50927734375 0.09531250000000001 0.1083984375
0 0.521875 0.64306640625 0.0703125 0.0888671875
0 0.92734375 0.89794921875 0.07500000000000001 0.0947265625
2 0.6199218750000001 0.7431640625 0.030468750000000003 0.044921875
0 0.280859375 0.1728515625 0.09296875 0.10546875
2 0.283203125 0.3564453125 0.03828125 0.04296875
2 0.6781250000000001 0.24755859375 0.028125 0.0400390625
2 0.8363281250000001 0.8662109375 0.03515625 0.041015625
2 0.33125000000000004 0.5556640625 0.0328125 0.04296875
1 0.36640625000000004 0.75244140625 0.029687500000000002 0.0361328125
1 0.4546875 0.29833984375 0.026562500000000003 0.0361328125
1 0.39609375 0.2841796875 0.0328125 0.033203125
1 0.049218750000000006 0.58251953125 0.034375 0.0380859375
1 0.878125 0.052734375 0.029687500000000002 0.037109375