0 0.31679687500000003 0.5576171875 0.07734375 0.103515625
0 0.0921875 0.5751953125 0.06875 0.08984375
0 0.158203125 0.54443359375 0.07265625 0.0869140625
0 0.181640625 0.44677734375 0.07421875 0.0888671875
0 0.158984375 0.9189453125 0.06796875000000001 0.07421875
0 0.583984375 0.5712890625 0.04609375 0.068359375
0 0.798828125 0.7470703125 0.05390625 0.078125
2 0.041015625 0.63916015625 0.030468750000000003 0.0400390625
2 0.470703125 0.69873046875 0.032031250000000004 0.0380859375
2 0.6890625 0.64013671875 0.026562500000000003 0.0361328125
0 0.08750000000000001 0.2021484375 0.05 0.056640625
0 0.7175781250000001 0.36865234375 0.05078125 0.0654296875
0 0.22617187500000002 0.57421875 0.055468750000000004 0.060546875
1 0.507421875 0.134765625 0.03359375 0.03515625
1 0.753125 0.1904296875 0.03125 0.041015625
1 0.8285156250000001 0.8935546875 0.02890625 0.03515625
1 0.775 0.94970703125 0.035937500000000004 0.0380859375
1 0.92890625 0.6064453125 0.029687500000000002 0.03515625
1 0.947265625 0.44580078125 0.02734375 0.0361328125
1 0.0765625 0.357421875 0.029687500000000002 0.0390625