0 0.7890625 0.49169921875 0.08125 0.0986328125
0 0.88984375 0.333984375 0.1078125 0.146484375
0 0.12421875 0.515625 0.05625 0.0703125
0 0.19609375 0.48291015625 0.08125 0.1103515625
0 0.443359375 0.1640625 0.047656250000000004 0.05859375
0 0.408203125 0.8701171875 0.057031250000000006 0.0703125
2 0.548828125 0.85400390625 0.032031250000000004 0.0419921875
0 0.3359375 0.88525390625 0.05 0.0576171875
0 0.14570312500000002 0.4140625 0.047656250000000004 0.05859375
0 0.26601562500000003 0.927734375 0.06015625 0.078125
1 0.18281250000000002 0.775390625 0.0203125 0.029296875
1 0.21601562500000002 0.94482421875 0.022656250000000003 0.0302734375
0 0.16718750000000002 0.55419921875 0.05 0.0517578125
0 0.08476562500000001 0.6787109375 0.039843750000000004 0.048828125
0 0.16562500000000002 0.6181640625 0.043750000000000004 0.056640625
4 0.39296875000000003 0.234375 0.060937500000000006 0.072265625
1 0.251953125 0.41455078125 0.03359375 0.0380859375
4 0.88984375 0.17041015625 0.0734375 0.0830078125
4 0.831640625 0.2353515625 0.05078125 0.072265625
2 0.780859375 0.1455078125 0.03828125 0.046875
1 0.516796875 0.64697265625 0.030468750000000003 0.0302734375
1 0.6683593750000001 0.77294921875 0.02890625 0.0419921875