0 0.28359375000000003 0.7421875 0.1296875 0.201171875
0 0.37109375 0.7646484375 0.051562500000000004 0.08203125
0 0.7621093750000001 0.484375 0.06328125 0.087890625
0 0.8894531250000001 0.572265625 0.05234375 0.064453125
2 0.929296875 0.576171875 0.02734375 0.044921875
0 0.6351562500000001 0.74951171875 0.065625 0.0849609375
0 0.7015625000000001 0.5302734375 0.0484375 0.0625
2 0.594140625 0.375 0.03359375 0.04296875
0 0.4625 0.2490234375 0.0578125 0.076171875
2 0.7269531250000001 0.67578125 0.03359375 0.041015625
2 0.30117187500000003 0.44482421875 0.02734375 0.0419921875
1 0.8308593750000001 0.162109375 0.032031250000000004 0.0390625
1 0.86484375 0.11376953125 0.0328125 0.0439453125
1 0.8542968750000001 0.76416015625 0.02890625 0.0400390625
1 0.8503906250000001 0.69921875 0.02734375 0.044921875
1 0.273046875 0.2099609375 0.02890625 0.03515625
1 0.08828125 0.09716796875 0.028125 0.0380859375