4 0.25039062500000003 0.36572265625 0.06640625 0.0712890625
1 0.5750000000000001 0.08837890625 0.029687500000000002 0.0380859375
3 0.126953125 0.15673828125 0.07734375 0.1044921875
0 0.578125 0.607421875 0.05625 0.078125
3 0.253125 0.283203125 0.05625 0.07421875
2 0.6117187500000001 0.35107421875 0.037500000000000006 0.0458984375
0 0.8132812500000001 0.53955078125 0.045312500000000006 0.0517578125
0 0.6414062500000001 0.71533203125 0.051562500000000004 0.0576171875
0 0.45859375 0.73974609375 0.0484375 0.0595703125
0 0.29531250000000003 0.908203125 0.0484375 0.068359375
1 0.516015625 0.115234375 0.02890625 0.041015625
0 0.954296875 0.56494140625 0.04296875 0.0537109375
0 0.919921875 0.56494140625 0.039843750000000004 0.0595703125
0 0.69453125 0.4658203125 0.053125000000000006 0.05859375
1 0.24453125 0.16650390625 0.03125 0.0361328125
0 0.425390625 0.9052734375 0.05078125 0.060546875
1 0.524609375 0.68359375 0.02734375 0.037109375
1 0.8546875 0.84375 0.0328125 0.0390625
0 0.939453125 0.685546875 0.047656250000000004 0.05859375
2 0.8734375000000001 0.13134765625 0.034375 0.0498046875
3 0.9640625 0.41552734375 0.06875 0.0869140625
1 0.51796875 0.876953125 0.029687500000000002 0.04296875