0 0.26601562500000003 0.84033203125 0.11328125 0.1494140625
0 0.26406250000000003 0.69775390625 0.078125 0.0908203125
0 0.37265625 0.673828125 0.051562500000000004 0.0625
0 0.48750000000000004 0.85888671875 0.09375 0.1396484375
0 0.29375 0.5595703125 0.0484375 0.0546875
0 0.25234375000000003 0.5419921875 0.05625 0.0546875
0 0.4703125 0.52880859375 0.053125000000000006 0.0673828125
0 0.874609375 0.447265625 0.07109375 0.091796875
0 0.7132812500000001 0.24853515625 0.10312500000000001 0.1298828125
0 0.6414062500000001 0.34228515625 0.065625 0.0888671875
2 0.796484375 0.78955078125 0.032031250000000004 0.0439453125
2 0.125390625 0.51953125 0.03671875 0.048828125
2 0.35859375000000004 0.14306640625 0.035937500000000004 0.0498046875
0 0.85859375 0.681640625 0.084375 0.087890625
0 0.32890625 0.74609375 0.053125000000000006 0.068359375
0 0.31953125000000004 0.50146484375 0.053125000000000006 0.0634765625
0 0.66796875 0.15478515625 0.043750000000000004 0.0576171875
0 0.5066406250000001 0.3115234375 0.05390625 0.07421875
1 0.133203125 0.8896484375 0.030468750000000003 0.03515625
1 0.1875 0.50830078125 0.029687500000000002 0.0341796875
1 0.547265625 0.12841796875 0.03359375 0.0361328125
4 0.540625 0.708984375 0.05 0.06640625
2 0.931640625 0.9775390625 0.03671875 0.037109375
1 0.37226562500000004 0.37744140625 0.032031250000000004 0.0361328125