2 0.444140625 0.77685546875 0.03828125 0.0458984375
2 0.353125 0.84033203125 0.037500000000000006 0.0439453125
2 0.38828125 0.7880859375 0.0390625 0.04296875
0 0.616796875 0.419921875 0.10078125 0.130859375
0 0.24921875000000002 0.310546875 0.0578125 0.072265625
0 0.27421875 0.12646484375 0.059375000000000004 0.0693359375
0 0.2546875 0.1884765625 0.0484375 0.0703125
0 0.46601562500000004 0.3173828125 0.05234375 0.064453125
0 0.548046875 0.3115234375 0.05859375 0.07421875
0 0.51015625 0.22412109375 0.0484375 0.0673828125
0 0.91796875 0.6376953125 0.059375000000000004 0.076171875
0 0.68125 0.96044921875 0.065625 0.0771484375
0 0.40937500000000004 0.27490234375 0.059375000000000004 0.0595703125
0 0.420703125 0.369140625 0.05234375 0.05859375
0 0.30312500000000003 0.32177734375 0.046875 0.0634765625
0 0.5945312500000001 0.1875 0.046875 0.060546875
0 0.7542968750000001 0.3349609375 0.05859375 0.07421875
0 0.907421875 0.154296875 0.09921875000000001 0.12890625
0 0.93359375 0.7783203125 0.059375000000000004 0.056640625
0 0.8875000000000001 0.9150390625 0.0484375 0.060546875
0 0.19140625 0.1591796875 0.060937500000000006 0.078125
0 0.44609375 0.125 0.05625 0.0625
0 0.671484375 0.3251953125 0.055468750000000004 0.0625
0 0.388671875 0.11865234375 0.049218750000000006 0.0673828125