0 0.58828125 0.3525390625 0.06875 0.08203125
0 0.591796875 0.267578125 0.05859375 0.083984375
0 0.6585937500000001 0.21875 0.06406250000000001 0.078125
0 0.7265625 0.23388671875 0.0578125 0.0810546875
0 0.6820312500000001 0.27783203125 0.07187500000000001 0.0791015625
0 0.7046875 0.3505859375 0.05 0.0703125
0 0.07578125000000001 0.53662109375 0.0703125 0.0888671875
0 0.13007812500000002 0.515625 0.04609375 0.076171875
0 0.16640625 0.1630859375 0.0578125 0.0703125
1 0.6316406250000001 0.74609375 0.02421875 0.044921875
0 0.17539062500000002 0.71875 0.05390625 0.0625
2 0.30898437500000003 0.4658203125 0.02734375 0.037109375
0 0.9148437500000001 0.3388671875 0.059375000000000004 0.08203125
1 0.035546875 0.80712890625 0.030468750000000003 0.0400390625
1 0.45078125 0.9521484375 0.0328125 0.04296875
1 0.02734375 0.9130859375 0.034375 0.041015625