0 0.321875 0.57470703125 0.0859375 0.1083984375
0 0.39296875000000003 0.5244140625 0.0546875 0.0703125
0 0.24375000000000002 0.578125 0.051562500000000004 0.068359375
0 0.208984375 0.43505859375 0.047656250000000004 0.0654296875
0 0.43085937500000004 0.46484375 0.05234375 0.0625
0 0.08828125 0.16552734375 0.0546875 0.0654296875
0 0.08828125 0.06201171875 0.051562500000000004 0.0537109375
0 0.2578125 0.6552734375 0.046875 0.064453125
0 0.48085937500000003 0.41748046875 0.049218750000000006 0.0615234375
2 0.463671875 0.58203125 0.030468750000000003 0.0390625
1 0.276171875 0.09716796875 0.025781250000000002 0.0361328125
1 0.19140625 0.24609375 0.025 0.03515625
1 0.1015625 0.3642578125 0.026562500000000003 0.037109375
1 0.15156250000000002 0.92578125 0.028125 0.041015625
4 0.51484375 0.51220703125 0.0625 0.0810546875
1 0.08945312500000001 0.83642578125 0.02890625 0.0380859375
1 0.36953125000000003 0.2275390625 0.028125 0.03515625
4 0.774609375 0.330078125 0.06171875 0.080078125
1 0.63671875 0.07275390625 0.034375 0.0341796875