0 0.49843750000000003 0.7451171875 0.1546875 0.1875
0 0.698828125 0.88623046875 0.06328125 0.0791015625
0 0.876953125 0.58203125 0.07109375 0.09375
0 0.903515625 0.6591796875 0.06640625 0.0859375
0 0.923046875 0.56103515625 0.05234375 0.0771484375
0 0.10859375 0.1923828125 0.06875 0.0859375
0 0.18125000000000002 0.275390625 0.05625 0.0703125
0 0.373046875 0.75146484375 0.055468750000000004 0.0732421875
2 0.24140625000000002 0.25634765625 0.03125 0.0458984375
2 0.619140625 0.8544921875 0.030468750000000003 0.04296875
2 0.84296875 0.888671875 0.03125 0.05078125
2 0.6589843750000001 0.62109375 0.03359375 0.037109375
0 0.503125 0.892578125 0.0703125 0.076171875
1 0.078515625 0.4091796875 0.03359375 0.041015625
4 0.405078125 0.3701171875 0.08203125 0.103515625
4 0.66015625 0.31787109375 0.065625 0.0888671875
4 0.724609375 0.28369140625 0.05859375 0.0810546875
1 0.6800781250000001 0.06787109375 0.02890625 0.0380859375
1 0.4140625 0.013671875 0.029687500000000002 0.02734375
1 0.278515625 0.55859375 0.03515625 0.044921875
4 0.322265625 0.69873046875 0.05859375 0.0732421875
1 0.657421875 0.564453125 0.030468750000000003 0.037109375
1 0.186328125 0.7314453125 0.02890625 0.0390625
2 0.51875 0.45947265625 0.037500000000000006 0.0419921875