0 0.3171875 0.39453125 0.115625 0.146484375
0 0.8714843750000001 0.689453125 0.12890625 0.171875
0 0.18671875000000002 0.10546875 0.060937500000000006 0.083984375
0 0.515234375 0.1279296875 0.055468750000000004 0.072265625
0 0.50703125 0.70849609375 0.06406250000000001 0.0908203125
0 0.6890625 0.5849609375 0.08281250000000001 0.1015625
0 0.237109375 0.46240234375 0.06171875 0.0751953125
0 0.5652343750000001 0.51416015625 0.057031250000000006 0.0791015625
0 0.4859375 0.07275390625 0.05625 0.0751953125
2 0.640234375 0.275390625 0.039843750000000004 0.05078125
1 0.234375 0.06787109375 0.029687500000000002 0.0341796875
1 0.7816406250000001 0.20166015625 0.03671875 0.0361328125
4 0.49257812500000003 0.37646484375 0.06484375 0.0771484375