0 0.48867187500000003 0.32861328125 0.11328125 0.1416015625
0 0.632421875 0.13134765625 0.07734375 0.0947265625
0 0.70234375 0.146484375 0.060937500000000006 0.080078125
0 0.5710937500000001 0.3916015625 0.0765625 0.091796875
0 0.590234375 0.47119140625 0.07265625 0.0869140625
0 0.6390625000000001 0.734375 0.05625 0.083984375
0 0.598046875 0.76611328125 0.049218750000000006 0.0732421875
0 0.55859375 0.80615234375 0.0703125 0.0810546875
0 0.52578125 0.7275390625 0.0578125 0.07421875
0 0.36367187500000003 0.9189453125 0.06015625 0.0703125
0 0.5953125 0.61279296875 0.053125000000000006 0.0693359375
0 0.64375 0.58251953125 0.053125000000000006 0.0693359375
0 0.548828125 0.54541015625 0.05234375 0.0673828125
0 0.21328125 0.27978515625 0.07187500000000001 0.0888671875
2 0.8679687500000001 0.22607421875 0.0328125 0.0400390625
2 0.861328125 0.85546875 0.039843750000000004 0.048828125
2 0.38203125000000004 0.41357421875 0.03125 0.0341796875
2 0.335546875 0.08740234375 0.03828125 0.0458984375
2 0.8441406250000001 0.77392578125 0.03515625 0.0419921875
1 0.34140625 0.197265625 0.028125 0.037109375
1 0.6277343750000001 0.20263671875 0.032031250000000004 0.0400390625
1 0.569921875 0.19091796875 0.02890625 0.0361328125
0 0.663671875 0.46826171875 0.05859375 0.0693359375
1 0.08671875000000001 0.66552734375 0.028125 0.0380859375
1 0.36445312500000004 0.666015625 0.032031250000000004 0.041015625
1 0.164453125 0.9150390625 0.02890625 0.0390625
4 0.8777343750000001 0.333984375 0.06796875000000001 0.0859375