0 0.594140625 0.6181640625 0.11640625 0.154296875
0 0.416796875 0.24853515625 0.04609375 0.0556640625
0 0.10859375 0.423828125 0.045312500000000006 0.0546875
0 0.118359375 0.47900390625 0.05078125 0.0537109375
2 0.9484375 0.615234375 0.029687500000000002 0.046875
0 0.471484375 0.39306640625 0.04453125 0.0517578125
0 0.65625 0.515625 0.053125000000000006 0.068359375
0 0.555859375 0.36474609375 0.04453125 0.0537109375
2 0.055468750000000004 0.6494140625 0.0328125 0.0390625
2 0.033203125 0.42626953125 0.02734375 0.0400390625
2 0.27109375 0.4833984375 0.026562500000000003 0.044921875
1 0.3375 0.130859375 0.03125 0.03515625
4 0.6960937500000001 0.181640625 0.0734375 0.0859375
1 0.40937500000000004 0.47607421875 0.03125 0.0380859375
1 0.847265625 0.55419921875 0.02890625 0.0361328125
4 0.6429687500000001 0.77001953125 0.059375000000000004 0.0712890625
4 0.33242187500000003 0.95361328125 0.05234375 0.0712890625
1 0.38007812500000004 0.8828125 0.025781250000000002 0.03515625
1 0.83984375 0.6494140625 0.026562500000000003 0.029296875
1 0.9734375000000001 0.4775390625 0.03125 0.03515625
1 0.0203125 0.29638671875 0.028125 0.0361328125
1 0.42695312500000004 0.513671875 0.02734375 0.03125
0 0.5796875 0.494140625 0.05 0.0625