0 0.26875 0.36767578125 0.08125 0.1083984375
0 0.532421875 0.6826171875 0.08203125 0.109375
0 0.44960937500000003 0.4501953125 0.07578125000000001 0.087890625
0 0.505859375 0.5458984375 0.05078125 0.0703125
0 0.55703125 0.49267578125 0.0484375 0.0654296875
0 0.708203125 0.46484375 0.05234375 0.076171875
0 0.712109375 0.71826171875 0.05390625 0.0927734375
0 0.9343750000000001 0.78125 0.059375000000000004 0.0703125
0 0.759765625 0.08544921875 0.05390625 0.0869140625
0 0.798828125 0.11962890625 0.05234375 0.0771484375
0 0.16640625 0.28759765625 0.053125000000000006 0.0576171875
0 0.20625000000000002 0.23291015625 0.0546875 0.0654296875
0 0.259765625 0.67919921875 0.057031250000000006 0.0771484375
0 0.18281250000000002 0.66015625 0.0546875 0.072265625
0 0.57734375 0.8916015625 0.0484375 0.07421875
2 0.693359375 0.6123046875 0.03515625 0.041015625
0 0.203515625 0.95654296875 0.06015625 0.0654296875
0 0.412109375 0.67333984375 0.049218750000000006 0.0712890625
2 0.47773437500000004 0.203125 0.03359375 0.046875
0 0.74921875 0.42578125 0.0546875 0.064453125
4 0.334765625 0.302734375 0.04609375 0.064453125
4 0.446875 0.59326171875 0.05 0.0615234375
4 0.26484375 0.970703125 0.0484375 0.056640625
0 0.79609375 0.71875 0.0484375 0.06640625
0 0.755859375 0.6591796875 0.055468750000000004 0.072265625
1 0.704296875 0.2421875 0.03671875 0.044921875
0 0.10390625 0.2919921875 0.05 0.068359375