0 0.43281250000000004 0.36376953125 0.0921875 0.1201171875
0 0.572265625 0.40576171875 0.06328125 0.0927734375
0 0.964453125 0.56640625 0.05859375 0.07421875
2 0.665234375 0.7451171875 0.03828125 0.0390625
0 0.21835937500000002 0.958984375 0.05859375 0.080078125
0 0.11796875000000001 0.427734375 0.053125000000000006 0.0703125
0 0.503125 0.29296875 0.060937500000000006 0.07421875
0 0.262890625 0.31884765625 0.06171875 0.0830078125
0 0.20625000000000002 0.056640625 0.060937500000000006 0.068359375
2 0.555078125 0.1826171875 0.03671875 0.046875
1 0.89765625 0.2001953125 0.029687500000000002 0.044921875
1 0.810546875 0.25 0.02890625 0.0390625
1 0.585546875 0.8330078125 0.022656250000000003 0.04296875
0 0.371875 0.22802734375 0.05625 0.0673828125
0 0.20429687500000002 0.44677734375 0.05859375 0.0751953125
0 0.12421875 0.32861328125 0.0546875 0.0673828125
1 0.915234375 0.9697265625 0.02890625 0.04296875
0 0.9636718750000001 0.388671875 0.06015625 0.078125
1 0.73828125 0.3349609375 0.03125 0.04296875
4 0.50390625 0.3818359375 0.0671875 0.083984375