0 0.62421875 0.5517578125 0.115625 0.138671875
0 0.36875 0.2578125 0.1453125 0.173828125
0 0.0921875 0.6357421875 0.05625 0.072265625
0 0.24765625000000002 0.23681640625 0.065625 0.0810546875
0 0.153125 0.31640625 0.045312500000000006 0.0625
0 0.6214843750000001 0.896484375 0.057031250000000006 0.076171875
2 0.521875 0.28369140625 0.034375 0.0458984375
2 0.92734375 0.2216796875 0.0328125 0.05078125
2 0.270703125 0.6005859375 0.032031250000000004 0.041015625
0 0.358984375 0.623046875 0.04609375 0.060546875
0 0.026562500000000003 0.736328125 0.046875 0.064453125
1 0.147265625 0.55126953125 0.02890625 0.0361328125
4 0.776953125 0.17041015625 0.057031250000000006 0.0712890625
1 0.70703125 0.24560546875 0.0328125 0.0439453125
1 0.700390625 0.87353515625 0.025781250000000002 0.0380859375
1 0.851171875 0.30517578125 0.02734375 0.0361328125
0 0.113671875 0.73681640625 0.049218750000000006 0.0615234375
1 0.47187500000000004 0.9814453125 0.028125 0.03515625
1 0.8832031250000001 0.61328125 0.02734375 0.03125
1 0.52890625 0.45654296875 0.026562500000000003 0.0341796875
0 0.37812500000000004 0.5673828125 0.0484375 0.0625
1 0.8656250000000001 0.33740234375 0.028125 0.0380859375