0 0.751953125 0.3447265625 0.22578125000000002 0.30859375
0 0.841015625 0.8671875 0.06015625 0.087890625
0 0.783203125 0.8623046875 0.055468750000000004 0.0703125
0 0.35976562500000003 0.96142578125 0.055468750000000004 0.0654296875
4 0.26875 0.81005859375 0.0578125 0.0673828125
0 0.5109375 0.330078125 0.0484375 0.060546875
0 0.3046875 0.26611328125 0.0546875 0.0654296875
0 0.6941406250000001 0.5439453125 0.055468750000000004 0.0625
0 0.36367187500000003 0.90283203125 0.057031250000000006 0.0615234375
0 0.77890625 0.580078125 0.0484375 0.05859375
2 0.428515625 0.81298828125 0.03359375 0.0361328125
0 0.9457031250000001 0.576171875 0.03828125 0.064453125
0 0.47304687500000003 0.5830078125 0.04453125 0.0625
4 0.6628906250000001 0.0830078125 0.055468750000000004 0.05859375
4 0.6921875000000001 0.142578125 0.059375000000000004 0.064453125
4 0.8207031250000001 0.16259765625 0.05390625 0.0615234375
4 0.55625 0.861328125 0.045312500000000006 0.060546875
4 0.634765625 0.9296875 0.05390625 0.064453125
0 0.948828125 0.50439453125 0.041406250000000006 0.0576171875
1 0.08125 0.28564453125 0.028125 0.0341796875
0 0.436328125 0.630859375 0.05390625 0.0625