4 0.385546875 0.47998046875 0.05234375 0.0732421875
0 0.91171875 0.24853515625 0.0671875 0.0927734375
3 0.32421875 0.73193359375 0.09531250000000001 0.1123046875
1 0.23671875 0.89306640625 0.029687500000000002 0.0400390625
0 0.958984375 0.35302734375 0.04609375 0.0634765625
0 0.8035156250000001 0.1591796875 0.04609375 0.056640625
3 0.67109375 0.4482421875 0.078125 0.12109375
0 0.903515625 0.0654296875 0.04609375 0.056640625
3 0.32343750000000004 0.46533203125 0.06875 0.0888671875
1 0.7265625 0.18017578125 0.026562500000000003 0.0341796875
0 0.775390625 0.27490234375 0.047656250000000004 0.0673828125
3 0.275 0.9453125 0.08281250000000001 0.091796875
0 0.43398437500000003 0.490234375 0.04609375 0.05859375
2 0.276953125 0.65625 0.04453125 0.0625
0 0.035546875 0.18896484375 0.049218750000000006 0.0673828125