3 0.333984375 0.36767578125 0.10078125 0.1005859375
4 0.6390625000000001 0.0986328125 0.0578125 0.05859375
3 0.18476562500000002 0.48876953125 0.14140625 0.1591796875
4 0.89453125 0.37890625 0.0671875 0.0859375
0 0.5890625 0.35400390625 0.05625 0.0673828125
3 0.38710937500000003 0.6083984375 0.12109375 0.134765625
2 0.801953125 0.916015625 0.03671875 0.041015625
2 0.29140625000000003 0.95654296875 0.0390625 0.0478515625
1 0.209765625 0.86376953125 0.032031250000000004 0.0361328125
0 0.651953125 0.37255859375 0.049218750000000006 0.0595703125
0 0.594921875 0.42041015625 0.04453125 0.0576171875
0 0.740234375 0.591796875 0.05390625 0.06640625
0 0.92890625 0.2548828125 0.053125000000000006 0.064453125
1 0.23203125000000002 0.6005859375 0.03125 0.037109375
0 0.237109375 0.6416015625 0.04609375 0.05859375