3 0.716796875 0.3232421875 0.13046875 0.1640625
3 0.825390625 0.3818359375 0.09921875000000001 0.123046875
0 0.636328125 0.84619140625 0.07265625 0.0830078125
3 0.14765625000000002 0.4736328125 0.1234375 0.14453125
3 0.240625 0.37353515625 0.1609375 0.1708984375
0 0.4921875 0.18603515625 0.08125 0.0908203125
3 0.873046875 0.86767578125 0.14140625 0.1689453125
4 0.909765625 0.296875 0.06484375 0.091796875
1 0.6707031250000001 0.54541015625 0.032031250000000004 0.0419921875
1 0.51796875 0.666015625 0.0328125 0.04296875
1 0.22890625 0.07470703125 0.03125 0.0380859375
0 0.51171875 0.09619140625 0.05 0.0517578125
0 0.9222656250000001 0.1611328125 0.04453125 0.064453125
3 0.90234375 0.38037109375 0.0578125 0.0927734375
1 0.900390625 0.49853515625 0.03359375 0.0341796875
0 0.10703125000000001 0.23291015625 0.0578125 0.0712890625
1 0.49257812500000003 0.734375 0.032031250000000004 0.0390625
1 0.76171875 0.87109375 0.03125 0.04296875
3 0.6941406250000001 0.7802734375 0.10234375000000001 0.12109375
3 0.9609375 0.35595703125 0.06406250000000001 0.0869140625