0 0.151171875 0.40625 0.08828125 0.1015625
0 0.780859375 0.8310546875 0.12734375 0.158203125
0 0.60078125 0.693359375 0.0546875 0.0703125
0 0.87421875 0.70654296875 0.053125000000000006 0.0732421875
4 0.11406250000000001 0.07568359375 0.053125000000000006 0.0615234375
2 0.30234375 0.76123046875 0.028125 0.0361328125
2 0.94140625 0.416015625 0.028125 0.044921875
0 0.7542968750000001 0.599609375 0.057031250000000006 0.080078125
0 0.62421875 0.6201171875 0.051562500000000004 0.064453125
1 0.318359375 0.3994140625 0.02734375 0.033203125
1 0.714453125 0.31005859375 0.032031250000000004 0.0380859375
2 0.078125 0.73779296875 0.028125 0.0400390625
2 0.17734375000000002 0.28857421875 0.026562500000000003 0.0361328125
1 0.27421875 0.67919921875 0.029687500000000002 0.0341796875
1 0.197265625 0.74560546875 0.03515625 0.0458984375
1 0.11992187500000001 0.8935546875 0.032031250000000004 0.0390625
1 0.40859375000000003 0.3369140625 0.028125 0.041015625
1 0.68671875 0.2607421875 0.029687500000000002 0.037109375
1 0.49609375 0.92431640625 0.028125 0.0361328125
1 0.19921875 0.03466796875 0.034375 0.0380859375