0 0.7253906250000001 0.9130859375 0.09453125000000001 0.119140625
0 0.81640625 0.79931640625 0.059375000000000004 0.0771484375
0 0.8933593750000001 0.77001953125 0.04296875 0.0537109375
0 0.31875000000000003 0.0498046875 0.06406250000000001 0.083984375
0 0.217578125 0.0927734375 0.05859375 0.076171875
2 0.6390625000000001 0.875 0.026562500000000003 0.03515625
2 0.4609375 0.947265625 0.034375 0.033203125
0 0.71640625 0.63671875 0.037500000000000006 0.05859375
2 0.36367187500000003 0.80859375 0.02734375 0.03515625
1 0.7078125000000001 0.4638671875 0.021875000000000002 0.03515625
1 0.540625 0.46630859375 0.0234375 0.0302734375
0 0.35195312500000003 0.45458984375 0.04296875 0.0537109375
1 0.390625 0.67236328125 0.025 0.0302734375
1 0.44843750000000004 0.7119140625 0.021875000000000002 0.02734375
2 0.47773437500000004 0.48095703125 0.025781250000000002 0.0302734375
2 0.39492187500000003 0.38916015625 0.02734375 0.0322265625
2 0.16953125000000002 0.7548828125 0.029687500000000002 0.03515625
2 0.082421875 0.93115234375 0.025781250000000002 0.0361328125
2 0.2234375 0.4755859375 0.028125 0.033203125
4 0.916015625 0.84619140625 0.05234375 0.0634765625
1 0.911328125 0.1328125 0.02890625 0.03125
1 0.2234375 0.67724609375 0.029687500000000002 0.0341796875
1 0.83359375 0.68994140625 0.028125 0.0322265625
1 0.366015625 0.91650390625 0.030468750000000003 0.0361328125
2 0.05078125 0.783203125 0.035937500000000004 0.0390625
1 0.452734375 0.13134765625 0.02890625 0.0361328125
1 0.980078125 0.837890625 0.032031250000000004 0.03125
1 0.400390625 0.54248046875 0.02734375 0.0400390625
1 0.56640625 0.3037109375 0.026562500000000003 0.033203125