0 0.408203125 0.10400390625 0.07265625 0.0966796875
0 0.47695312500000003 0.60595703125 0.06953125 0.0810546875
0 0.44921875 0.47705078125 0.0578125 0.0732421875
0 0.4375 0.54638671875 0.0625 0.0712890625
2 0.36250000000000004 0.61767578125 0.0328125 0.0419921875
2 0.7328125000000001 0.5869140625 0.03125 0.041015625
2 0.601171875 0.47412109375 0.030468750000000003 0.0361328125
1 0.8050781250000001 0.599609375 0.02109375 0.03125
0 0.595703125 0.28564453125 0.04453125 0.0595703125
0 0.5457031250000001 0.34619140625 0.04453125 0.0556640625
0 0.46718750000000003 0.1962890625 0.045312500000000006 0.056640625
0 0.43828125 0.3076171875 0.040625 0.056640625
2 0.891796875 0.05908203125 0.02890625 0.0400390625
2 0.174609375 0.58349609375 0.02890625 0.0380859375
2 0.022265625 0.48388671875 0.02734375 0.0400390625
0 0.1953125 0.39794921875 0.0421875 0.0556640625
1 0.35390625000000003 0.94873046875 0.029687500000000002 0.0400390625
1 0.21601562500000002 0.7451171875 0.030468750000000003 0.03125
1 0.140234375 0.68115234375 0.02890625 0.0341796875
1 0.148828125 0.642578125 0.03359375 0.0390625
1 0.209765625 0.50341796875 0.02890625 0.0361328125
1 0.06796875000000001 0.6279296875 0.025 0.033203125
1 0.070703125 0.71044921875 0.025781250000000002 0.0400390625
1 0.456640625 0.02001953125 0.032031250000000004 0.0361328125
1 0.762890625 0.173828125 0.02890625 0.033203125
1 0.9164062500000001 0.30810546875 0.03125 0.0419921875
4 0.6828125 0.77294921875 0.0578125 0.0537109375
1 0.9441406250000001 0.4794921875 0.025781250000000002 0.0390625
1 0.98359375 0.9501953125 0.028125 0.03515625
1 0.580078125 0.17041015625 0.030468750000000003 0.0361328125
1 0.21601562500000002 0.14013671875 0.030468750000000003 0.0361328125
1 0.125390625 0.26220703125 0.032031250000000004 0.0341796875
1 0.39492187500000003 0.7001953125 0.02890625 0.04296875
1 0.7609375 0.47216796875 0.028125 0.0341796875