0 0.55078125 0.5380859375 0.08281250000000001 0.109375
0 0.328125 0.712890625 0.0578125 0.072265625
0 0.32851562500000003 0.64501953125 0.05078125 0.0654296875
0 0.314453125 0.57080078125 0.05859375 0.0732421875
0 0.6023437500000001 0.16748046875 0.0671875 0.0771484375
2 0.78828125 0.8916015625 0.03125 0.0390625
2 0.9769531250000001 0.8046875 0.02890625 0.037109375
2 0.43593750000000003 0.81396484375 0.029687500000000002 0.0361328125
2 0.825390625 0.4482421875 0.025781250000000002 0.037109375
0 0.645703125 0.33544921875 0.05078125 0.0595703125
0 0.58515625 0.46337890625 0.0484375 0.0439453125
0 0.583984375 0.416015625 0.05078125 0.056640625
0 0.701171875 0.24365234375 0.05078125 0.0673828125
0 0.37617187500000004 0.68115234375 0.04609375 0.0634765625
4 0.46875 0.08544921875 0.053125000000000006 0.0615234375
1 0.130859375 0.2529296875 0.02734375 0.03125
4 0.41132812500000004 0.46484375 0.06015625 0.080078125
1 0.53515625 0.83447265625 0.026562500000000003 0.0302734375
1 0.029687500000000002 0.82421875 0.026562500000000003 0.03515625
2 0.6332031250000001 0.46484375 0.032031250000000004 0.0390625
1 0.934765625 0.27587890625 0.02734375 0.0322265625
2 0.637890625 0.10888671875 0.030468750000000003 0.0380859375
1 0.612890625 0.23486328125 0.02890625 0.0322265625