0 0.8910156250000001 0.09716796875 0.08203125 0.1025390625
0 0.2921875 0.3984375 0.08281250000000001 0.1015625
0 0.38671875 0.55517578125 0.07187500000000001 0.0986328125
0 0.64375 0.2646484375 0.060937500000000006 0.07421875
0 0.37343750000000003 0.3779296875 0.060937500000000006 0.080078125
0 0.365234375 0.46630859375 0.08671875000000001 0.1083984375
0 0.4765625 0.6171875 0.05 0.068359375
0 0.437109375 0.66748046875 0.05078125 0.0673828125
0 0.495703125 0.69091796875 0.05078125 0.0654296875
0 0.5921875 0.455078125 0.065625 0.08203125
0 0.495703125 0.4052734375 0.06171875 0.076171875
0 0.31484375000000003 0.28173828125 0.060937500000000006 0.0849609375
0 0.248828125 0.3427734375 0.057031250000000006 0.0703125
0 0.16953125000000002 0.193359375 0.059375000000000004 0.064453125
2 0.618359375 0.93017578125 0.025781250000000002 0.0380859375
2 0.47421875 0.7568359375 0.028125 0.0390625
0 0.638671875 0.5126953125 0.047656250000000004 0.0546875
0 0.37031250000000004 0.65478515625 0.05 0.0595703125
2 0.775390625 0.42919921875 0.030468750000000003 0.0400390625
2 0.93671875 0.48046875 0.026562500000000003 0.041015625
0 0.42109375000000004 0.255859375 0.045312500000000006 0.05078125
2 0.508984375 0.3447265625 0.03359375 0.0390625
2 0.43203125000000003 0.30419921875 0.029687500000000002 0.0361328125
2 0.888671875 0.22998046875 0.02734375 0.0419921875
0 0.26484375 0.20556640625 0.05 0.0615234375
0 0.20390625 0.27490234375 0.045312500000000006 0.0576171875
0 0.11406250000000001 0.12109375 0.07500000000000001 0.095703125
0 0.587890625 0.05712890625 0.05078125 0.0576171875
0 0.053125000000000006 0.70703125 0.05 0.06640625
0 0.15859375 0.7568359375 0.06406250000000001 0.07421875
2 0.225 0.88525390625 0.03125 0.0400390625
1 0.741796875 0.890625 0.02734375 0.037109375
1 0.512109375 0.8203125 0.02890625 0.037109375
1 0.775390625 0.234375 0.02890625 0.03515625
0 0.323046875 0.6064453125 0.05859375 0.068359375
1 0.166015625 0.13525390625 0.030468750000000003 0.0361328125
1 0.8703125 0.6337890625 0.026562500000000003 0.033203125
0 0.5496093750000001 0.3720703125 0.05390625 0.064453125