0 0.10390625 0.5146484375 0.1 0.126953125
0 0.221484375 0.11669921875 0.06484375 0.0947265625
0 0.93515625 0.5458984375 0.09531250000000001 0.123046875
0 0.08984375 0.365234375 0.078125 0.091796875
0 0.29921875000000003 0.87841796875 0.05625 0.0888671875
2 0.7734375 0.04443359375 0.03125 0.0439453125
2 0.86640625 0.0498046875 0.03125 0.041015625
0 0.152734375 0.25 0.039843750000000004 0.05859375
2 0.33242187500000003 0.07080078125 0.030468750000000003 0.0400390625
2 0.2921875 0.1220703125 0.034375 0.041015625
2 0.08085937500000001 0.7685546875 0.032031250000000004 0.044921875
1 0.733984375 0.7998046875 0.02890625 0.048828125
1 0.809765625 0.91162109375 0.022656250000000003 0.0341796875
1 0.909765625 0.83154296875 0.022656250000000003 0.0322265625
1 0.875 0.728515625 0.025 0.03515625
0 0.15195312500000002 0.37109375 0.049218750000000006 0.07421875
0 0.663671875 0.36181640625 0.06484375 0.0888671875
1 0.766796875 0.939453125 0.025781250000000002 0.041015625
1 0.70078125 0.818359375 0.026562500000000003 0.037109375
1 0.519140625 0.3779296875 0.02890625 0.041015625
1 0.8765625 0.11962890625 0.03125 0.0400390625
1 0.5671875000000001 0.810546875 0.03125 0.037109375
1 0.22968750000000002 0.2353515625 0.028125 0.0390625
1 0.578515625 0.57666015625 0.02734375 0.0322265625
1 0.683203125 0.5166015625 0.02890625 0.037109375
1 0.16796875 0.95458984375 0.025 0.0341796875