0 0.2109375 0.70703125 0.065625 0.099609375
0 0.16367187500000002 0.75341796875 0.05390625 0.0732421875
0 0.12460937500000001 0.79052734375 0.047656250000000004 0.0634765625
0 0.062890625 0.8046875 0.05078125 0.0625
0 0.111328125 0.71875 0.04296875 0.076171875
0 0.8089843750000001 0.3134765625 0.05234375 0.064453125
0 0.8703125 0.25634765625 0.1390625 0.1748046875
0 0.84140625 0.36279296875 0.05 0.0595703125
2 0.6664062500000001 0.43896484375 0.029687500000000002 0.0380859375
2 0.6214843750000001 0.71533203125 0.03515625 0.0380859375
1 0.883984375 0.833984375 0.02421875 0.03125
1 0.88671875 0.70068359375 0.026562500000000003 0.0302734375
1 0.74375 0.69921875 0.0234375 0.03125
1 0.7140625 0.537109375 0.037500000000000006 0.04296875
0 0.794921875 0.05712890625 0.05234375 0.0654296875
0 0.9480468750000001 0.1318359375 0.057031250000000006 0.07421875
0 0.8859375 0.12451171875 0.060937500000000006 0.0673828125
0 0.82734375 0.10205078125 0.0421875 0.0537109375
1 0.44609375 0.240234375 0.021875000000000002 0.03125
0 0.6203125 0.0283203125 0.045312500000000006 0.056640625
1 0.626953125 0.572265625 0.02421875 0.0390625
1 0.388671875 0.45751953125 0.03515625 0.0439453125
1 0.484375 0.69287109375 0.026562500000000003 0.0380859375
1 0.474609375 0.94970703125 0.03359375 0.0380859375
1 0.31367187500000004 0.8974609375 0.02734375 0.04296875
1 0.040625 0.32275390625 0.028125 0.0361328125
1 0.137109375 0.0244140625 0.032031250000000004 0.04296875
1 0.40625 0.076171875 0.028125 0.037109375
1 0.37343750000000003 0.1552734375 0.028125 0.0390625
1 0.908203125 0.96533203125 0.032031250000000004 0.0380859375
1 0.53125 0.7607421875 0.028125 0.033203125