0 0.45351562500000003 0.4541015625 0.13671875 0.169921875
0 0.34453125 0.603515625 0.059375000000000004 0.076171875
0 0.039843750000000004 0.859375 0.05625 0.072265625
0 0.2109375 0.9619140625 0.059375000000000004 0.0703125
0 0.9398437500000001 0.15576171875 0.0625 0.0771484375
2 0.5750000000000001 0.92236328125 0.029687500000000002 0.0400390625
2 0.602734375 0.7685546875 0.02734375 0.033203125
2 0.48828125 0.92822265625 0.029687500000000002 0.0400390625
0 0.5703125 0.447265625 0.05 0.06640625
0 0.55078125 0.52392578125 0.0546875 0.0751953125
4 0.93125 0.51171875 0.0578125 0.07421875
2 0.7578125 0.39990234375 0.029687500000000002 0.0380859375
2 0.408984375 0.1748046875 0.02890625 0.03515625
2 0.15585937500000002 0.5498046875 0.030468750000000003 0.03515625
2 0.11289062500000001 0.55859375 0.02890625 0.03515625
0 0.3375 0.3583984375 0.046875 0.060546875
2 0.057421875000000004 0.9306640625 0.02890625 0.03515625
4 0.8421875000000001 0.81689453125 0.046875 0.0732421875
1 0.791015625 0.96044921875 0.02734375 0.0341796875
1 0.21601562500000002 0.47900390625 0.025781250000000002 0.0302734375
1 0.761328125 0.32080078125 0.030468750000000003 0.0341796875
1 0.34414062500000003 0.89990234375 0.032031250000000004 0.0380859375
1 0.855078125 0.6474609375 0.030468750000000003 0.0390625