0 0.8234375 0.4443359375 0.065625 0.08984375
0 0.43789062500000003 0.689453125 0.07265625 0.095703125
0 0.8621093750000001 0.2822265625 0.06796875000000001 0.068359375
0 0.362890625 0.4970703125 0.06328125 0.083984375
0 0.533203125 0.58154296875 0.05390625 0.0732421875
0 0.6707031250000001 0.38037109375 0.04609375 0.0634765625
0 0.133203125 0.41064453125 0.06015625 0.0771484375
0 0.298828125 0.51171875 0.047656250000000004 0.060546875
0 0.094140625 0.27880859375 0.04296875 0.0615234375
2 0.234765625 0.22412109375 0.02734375 0.0341796875
2 0.3171875 0.14404296875 0.028125 0.0380859375
0 0.23554687500000002 0.4931640625 0.04453125 0.064453125
0 0.4921875 0.1396484375 0.059375000000000004 0.078125
0 0.614453125 0.419921875 0.05078125 0.0625
0 0.53125 0.33203125 0.0578125 0.08203125
2 0.68125 0.49853515625 0.03125 0.0361328125
2 0.970703125 0.62255859375 0.030468750000000003 0.0380859375
0 0.575390625 0.53076171875 0.05234375 0.0751953125
0 0.234765625 0.77099609375 0.05859375 0.0771484375
0 0.291796875 0.79931640625 0.04296875 0.0595703125
0 0.43398437500000003 0.60400390625 0.06640625 0.0712890625
2 0.15859375 0.33740234375 0.034375 0.0419921875
2 0.916015625 0.50927734375 0.02734375 0.0380859375
4 0.594140625 0.31298828125 0.06484375 0.0693359375
1 0.684765625 0.64013671875 0.02890625 0.0341796875
1 0.865234375 0.0693359375 0.02734375 0.03515625
1 0.029687500000000002 0.4677734375 0.028125 0.037109375
1 0.03125 0.07763671875 0.028125 0.0341796875
1 0.919140625 0.21142578125 0.025781250000000002 0.0361328125