0 0.3875 0.38720703125 0.11875000000000001 0.1474609375
0 0.6003906250000001 0.662109375 0.06171875 0.078125
0 0.50234375 0.662109375 0.053125000000000006 0.064453125
0 0.7937500000000001 0.46826171875 0.0546875 0.0673828125
0 0.54609375 0.5634765625 0.05 0.076171875
0 0.36875 0.50048828125 0.0546875 0.0634765625
0 0.36796875 0.1962890625 0.05625 0.068359375
0 0.35546875 0.2724609375 0.040625 0.05859375
2 0.59609375 0.357421875 0.029687500000000002 0.03515625
0 0.9496093750000001 0.82470703125 0.06484375 0.0830078125
0 0.5203125000000001 0.95947265625 0.060937500000000006 0.0791015625
0 0.2234375 0.7919921875 0.0484375 0.064453125
0 0.268359375 0.7724609375 0.041406250000000006 0.052734375
2 0.259375 0.8134765625 0.026562500000000003 0.03515625
0 0.4578125 0.6337890625 0.05 0.060546875
0 0.8933593750000001 0.3173828125 0.05234375 0.072265625
2 0.60703125 0.439453125 0.026562500000000003 0.03515625
1 0.044140625 0.05810546875 0.032031250000000004 0.0380859375
1 0.08125 0.8671875 0.0328125 0.046875
0 0.721875 0.681640625 0.06406250000000001 0.08203125
1 0.697265625 0.962890625 0.02890625 0.037109375
1 0.28828125 0.12890625 0.026562500000000003 0.037109375
1 0.34296875000000004 0.89111328125 0.025 0.0322265625
1 0.7132812500000001 0.34814453125 0.026562500000000003 0.0341796875
1 0.5710937500000001 0.39892578125 0.028125 0.0341796875
1 0.9085937500000001 0.84521484375 0.03125 0.0361328125