0 0.2078125 0.53125 0.06406250000000001 0.091796875
0 0.526953125 0.90771484375 0.07578125000000001 0.0927734375
0 0.30507812500000003 0.57470703125 0.05234375 0.0791015625
0 0.35468750000000004 0.5556640625 0.05625 0.076171875
0 0.38359375 0.5244140625 0.053125000000000006 0.0703125
0 0.48671875000000003 0.50439453125 0.051562500000000004 0.0693359375
0 0.5546875 0.419921875 0.051562500000000004 0.07421875
0 0.487109375 0.43505859375 0.06015625 0.0712890625
0 0.539453125 0.34033203125 0.047656250000000004 0.0615234375
0 0.641796875 0.6005859375 0.049218750000000006 0.068359375
1 0.916015625 0.67236328125 0.02109375 0.0263671875
1 0.953125 0.86083984375 0.026562500000000003 0.0322265625
1 0.40273437500000003 0.97607421875 0.02734375 0.0341796875
1 0.405859375 0.759765625 0.025781250000000002 0.03125
0 0.8542968750000001 0.447265625 0.04296875 0.0625
4 0.890625 0.103515625 0.043750000000000004 0.05078125
0 0.46914062500000003 0.05126953125 0.04296875 0.0478515625
2 0.4296875 0.2685546875 0.029687500000000002 0.0390625
4 0.122265625 0.11474609375 0.06015625 0.0732421875
0 0.18203125 0.24755859375 0.046875 0.0576171875
0 0.07734375 0.6279296875 0.05625 0.068359375
1 0.30078125 0.65283203125 0.028125 0.0361328125
1 0.339453125 0.87060546875 0.02734375 0.0361328125
0 0.6003906250000001 0.53271484375 0.057031250000000006 0.0615234375
4 0.6984375 0.533203125 0.0546875 0.06640625
1 0.2671875 0.7490234375 0.029687500000000002 0.03515625
1 0.651953125 0.806640625 0.032031250000000004 0.0390625
1 0.5652343750000001 0.82177734375 0.03515625 0.0380859375
4 0.482421875 0.6708984375 0.04453125 0.0546875
0 0.42421875000000003 0.49072265625 0.0484375 0.0634765625
1 0.560546875 0.48828125 0.032031250000000004 0.033203125
1 0.551171875 0.03759765625 0.032031250000000004 0.0341796875
1 0.89453125 0.013671875 0.025 0.02734375
1 0.946484375 0.123046875 0.022656250000000003 0.03515625
1 0.80859375 0.580078125 0.0234375 0.03515625
1 0.34296875000000004 0.03173828125 0.029687500000000002 0.0341796875
1 0.37578125 0.72607421875 0.03125 0.0302734375
1 0.401171875 0.1015625 0.032031250000000004 0.0390625