0 0.302734375 0.55908203125 0.09609375 0.1337890625
0 0.5886718750000001 0.71826171875 0.055468750000000004 0.0751953125
0 0.51484375 0.4873046875 0.05625 0.08984375
0 0.48046875 0.5634765625 0.0671875 0.095703125
0 0.6707031250000001 0.5302734375 0.06484375 0.111328125
0 0.7292968750000001 0.46923828125 0.04609375 0.0712890625
0 0.69453125 0.63525390625 0.0484375 0.0654296875
0 0.40351562500000004 0.623046875 0.05390625 0.0703125
0 0.49921875000000004 0.67578125 0.0484375 0.0625
0 0.5421875 0.771484375 0.046875 0.064453125
0 0.48828125 0.80078125 0.0484375 0.064453125
0 0.7738281250000001 0.34912109375 0.049218750000000006 0.0595703125
0 0.626953125 0.32470703125 0.04453125 0.0537109375
0 0.84921875 0.125 0.045312500000000006 0.05859375
0 0.8113281250000001 0.265625 0.03828125 0.05078125
0 0.8425781250000001 0.22216796875 0.041406250000000006 0.0576171875
0 0.8910156250000001 0.251953125 0.03671875 0.05078125
2 0.86875 0.36279296875 0.029687500000000002 0.0361328125
0 0.89609375 0.07666015625 0.05 0.0615234375
2 0.48828125 0.302734375 0.034375 0.046875
0 0.2109375 0.5458984375 0.0578125 0.078125
2 0.098828125 0.2197265625 0.03515625 0.04296875
1 0.984375 0.58544921875 0.026562500000000003 0.0341796875
2 0.31484375000000003 0.9580078125 0.029687500000000002 0.0390625
1 0.7875000000000001 0.47412109375 0.0328125 0.0341796875
1 0.9539062500000001 0.4287109375 0.028125 0.037109375
4 0.634375 0.02490234375 0.05 0.0498046875
1 0.9851562500000001 0.37109375 0.026562500000000003 0.03125
2 0.9625 0.1220703125 0.037500000000000006 0.044921875