0 0.20273437500000002 0.18798828125 0.10234375000000001 0.1298828125
0 0.601171875 0.66845703125 0.08203125 0.1103515625
0 0.48046875 0.572265625 0.060937500000000006 0.07421875
0 0.628125 0.57470703125 0.0546875 0.0712890625
0 0.63671875 0.87841796875 0.0484375 0.0615234375
0 0.48046875 0.7470703125 0.05 0.068359375
0 0.63828125 0.74462890625 0.0703125 0.0732421875
0 0.76953125 0.69970703125 0.06406250000000001 0.0830078125
2 0.31796875 0.9091796875 0.0328125 0.041015625
0 0.30390625000000004 0.59130859375 0.0671875 0.0732421875
0 0.5515625000000001 0.5576171875 0.065625 0.076171875
0 0.128515625 0.416015625 0.055468750000000004 0.068359375
0 0.40078125000000003 0.1171875 0.059375000000000004 0.08203125
2 0.94140625 0.66357421875 0.026562500000000003 0.0361328125
0 0.51953125 0.638671875 0.065625 0.0859375
0 0.18828125 0.8935546875 0.0578125 0.072265625
2 0.34140625 0.36474609375 0.035937500000000004 0.0419921875
4 0.6546875000000001 0.14111328125 0.0421875 0.0576171875
0 0.7000000000000001 0.6123046875 0.053125000000000006 0.06640625
0 0.716796875 0.71142578125 0.04453125 0.0712890625
1 0.970703125 0.8623046875 0.025781250000000002 0.033203125
1 0.759375 0.7587890625 0.025 0.029296875
1 0.09296875 0.5517578125 0.03125 0.04296875
1 0.455078125 0.11962890625 0.032031250000000004 0.0361328125
1 0.447265625 0.1884765625 0.02734375 0.041015625
4 0.480078125 0.9755859375 0.04609375 0.046875
1 0.6765625000000001 0.90625 0.028125 0.03125