0 0.9125000000000001 0.29931640625 0.060937500000000006 0.0771484375
0 0.8074218750000001 0.29052734375 0.06484375 0.0771484375
0 0.6125 0.83984375 0.060937500000000006 0.087890625
0 0.818359375 0.78564453125 0.047656250000000004 0.0634765625
0 0.7386718750000001 0.876953125 0.04453125 0.05859375
0 0.416796875 0.52001953125 0.05390625 0.0634765625
0 0.257421875 0.47607421875 0.05390625 0.0732421875
0 0.35976562500000003 0.41259765625 0.047656250000000004 0.0576171875
0 0.32460937500000003 0.4619140625 0.05078125 0.0859375
0 0.539453125 0.26708984375 0.05390625 0.0615234375
1 0.64765625 0.109375 0.029687500000000002 0.03515625
1 0.8734375000000001 0.57080078125 0.029687500000000002 0.0380859375
1 0.941015625 0.8603515625 0.030468750000000003 0.041015625
1 0.51875 0.95556640625 0.0328125 0.0341796875
0 0.20859375000000002 0.4755859375 0.053125000000000006 0.076171875
1 0.9359375000000001 0.1279296875 0.026562500000000003 0.03515625
0 0.512109375 0.3603515625 0.11484375000000001 0.138671875
1 0.50390625 0.75 0.035937500000000004 0.05078125