0 0.41132812500000004 0.75732421875 0.08046875 0.1064453125
0 0.48671875000000003 0.8486328125 0.07187500000000001 0.08984375
2 0.9320312500000001 0.90380859375 0.03125 0.0439453125
0 0.578515625 0.8330078125 0.06015625 0.072265625
0 0.56875 0.763671875 0.045312500000000006 0.05859375
0 0.51875 0.5966796875 0.05625 0.06640625
0 0.509765625 0.69140625 0.06640625 0.09765625
0 0.28164062500000003 0.5625 0.07421875 0.09765625
0 0.42890625000000004 0.60107421875 0.051562500000000004 0.0712890625
2 0.251953125 0.40234375 0.02890625 0.03515625
2 0.5261718750000001 0.16796875 0.032031250000000004 0.041015625
1 0.855078125 0.18017578125 0.025781250000000002 0.0380859375
1 0.109765625 0.1728515625 0.022656250000000003 0.037109375
1 0.251171875 0.6630859375 0.025781250000000002 0.033203125