0 0.86484375 0.544921875 0.0578125 0.078125
0 0.783203125 0.32421875 0.08515625 0.123046875
0 0.78828125 0.212890625 0.07968750000000001 0.10546875
0 0.7515625 0.130859375 0.084375 0.08203125
0 0.552734375 0.06298828125 0.06015625 0.0771484375
0 0.780859375 0.06005859375 0.055468750000000004 0.0751953125
0 0.35781250000000003 0.6669921875 0.0546875 0.068359375
0 0.30976562500000004 0.58837890625 0.057031250000000006 0.0791015625
0 0.303515625 0.69775390625 0.049218750000000006 0.0537109375
0 0.16484375 0.76953125 0.053125000000000006 0.0625
0 0.131640625 0.71630859375 0.049218750000000006 0.0654296875
0 0.225 0.8154296875 0.053125000000000006 0.0703125
0 0.30976562500000004 0.923828125 0.049218750000000006 0.056640625
0 0.26796875000000003 0.9521484375 0.0625 0.07421875
0 0.09765625 0.80908203125 0.0578125 0.0693359375
0 0.19609375 0.9267578125 0.1015625 0.099609375
2 0.154296875 0.81884765625 0.030468750000000003 0.0380859375
1 0.9324218750000001 0.7353515625 0.025781250000000002 0.03515625
1 0.778515625 0.83447265625 0.022656250000000003 0.0322265625
1 0.260546875 0.18896484375 0.022656250000000003 0.0283203125
1 0.07773437500000001 0.45703125 0.02734375 0.03125
4 0.8777343750000001 0.06787109375 0.05859375 0.0791015625
1 0.28125 0.0908203125 0.035937500000000004 0.04296875
1 0.51015625 0.064453125 0.0203125 0.03125
1 0.980078125 0.51025390625 0.02734375 0.0341796875
1 0.9144531250000001 0.5283203125 0.030468750000000003 0.0390625
1 0.4421875 0.09912109375 0.028125 0.0361328125
1 0.096875 0.02294921875 0.03125 0.0400390625
1 0.033984375000000004 0.27001953125 0.03359375 0.0419921875
1 0.73046875 0.9267578125 0.03125 0.037109375
2 0.15546875000000002 0.59619140625 0.035937500000000004 0.0380859375