0 0.9671875000000001 0.08740234375 0.06406250000000001 0.0947265625
3 0.61328125 0.1025390625 0.10625000000000001 0.119140625
3 0.6585937500000001 0.3916015625 0.109375 0.13671875
3 0.362890625 0.5947265625 0.08984375 0.09765625
3 0.47382812500000004 0.61181640625 0.09296875 0.1142578125
4 0.2765625 0.1220703125 0.0625 0.07421875
4 0.338671875 0.21875 0.05078125 0.064453125
4 0.801953125 0.357421875 0.06015625 0.072265625
3 0.284765625 0.63818359375 0.06484375 0.0869140625
0 0.8425781250000001 0.404296875 0.049218750000000006 0.060546875
0 0.10546875 0.53173828125 0.05625 0.0732421875
0 0.7328125000000001 0.2626953125 0.053125000000000006 0.064453125
2 0.5769531250000001 0.4921875 0.03671875 0.046875
1 0.41914062500000004 0.49609375 0.030468750000000003 0.03515625
0 0.217578125 0.72216796875 0.049218750000000006 0.0556640625
3 0.1125 0.93115234375 0.07187500000000001 0.0908203125
3 0.298046875 0.96630859375 0.057031250000000006 0.0634765625
0 0.062890625 0.48193359375 0.06015625 0.0615234375
0 0.8246093750000001 0.0849609375 0.039843750000000004 0.05859375
3 0.92734375 0.791015625 0.059375000000000004 0.05859375
1 0.75703125 0.8466796875 0.037500000000000006 0.046875
4 0.334765625 0.3369140625 0.06953125 0.1015625
4 0.374609375 0.05859375 0.07421875 0.08203125
3 0.9656250000000001 0.74951171875 0.065625 0.0849609375