0 0.203515625 0.56591796875 0.07421875 0.0849609375
0 0.8453125 0.798828125 0.0578125 0.078125
0 0.548828125 0.38330078125 0.06328125 0.0810546875
0 0.41171875 0.38037109375 0.0734375 0.0693359375
0 0.0484375 0.52392578125 0.0421875 0.0517578125
0 0.327734375 0.556640625 0.049218750000000006 0.060546875
0 0.33046875000000003 0.490234375 0.0390625 0.056640625
0 0.06171875 0.27685546875 0.05625 0.0751953125
0 0.033984375000000004 0.38037109375 0.05234375 0.0712890625
0 0.09335937500000001 0.3603515625 0.07734375 0.087890625
0 0.6257812500000001 0.740234375 0.0578125 0.064453125
0 0.6785156250000001 0.77197265625 0.06484375 0.0771484375
0 0.7125 0.7021484375 0.05 0.076171875
0 0.9203125000000001 0.92626953125 0.040625 0.0537109375
0 0.8812500000000001 0.1123046875 0.040625 0.060546875
1 0.6351562500000001 0.46923828125 0.021875000000000002 0.0322265625
2 0.8988281250000001 0.5859375 0.030468750000000003 0.041015625
1 0.8125 0.65087890625 0.0234375 0.0283203125
4 0.338671875 0.6787109375 0.05859375 0.076171875
1 0.264453125 0.6630859375 0.02890625 0.033203125
1 0.783203125 0.1640625 0.02734375 0.0390625
1 0.41640625000000003 0.287109375 0.028125 0.02734375
1 0.48476562500000003 0.44921875 0.02890625 0.037109375
1 0.40273437500000003 0.5185546875 0.025781250000000002 0.037109375
2 0.9574218750000001 0.19580078125 0.03671875 0.0458984375