0 0.771484375 0.58544921875 0.11640625 0.1474609375
0 0.32109375 0.49658203125 0.146875 0.2021484375
0 0.839453125 0.49267578125 0.055468750000000004 0.0732421875
2 0.278515625 0.07373046875 0.02890625 0.0380859375
0 0.745703125 0.91162109375 0.06953125 0.0869140625
1 0.7605468750000001 0.287109375 0.032031250000000004 0.0390625
1 0.6828125 0.24267578125 0.0328125 0.0439453125
2 0.895703125 0.03564453125 0.032031250000000004 0.0380859375
1 0.6195312500000001 0.86669921875 0.029687500000000002 0.0380859375
1 0.50625 0.064453125 0.03125 0.03515625
1 0.136328125 0.10205078125 0.02734375 0.0361328125
1 0.880078125 0.244140625 0.02421875 0.033203125
1 0.7562500000000001 0.466796875 0.0234375 0.03125
1 0.587109375 0.2080078125 0.02890625 0.037109375
1 0.69140625 0.4345703125 0.03125 0.037109375