0 0.6761718750000001 0.86962890625 0.20078125000000002 0.2314453125
0 0.38984375000000004 0.49365234375 0.05625 0.0830078125
0 0.43007812500000003 0.41259765625 0.07109375 0.0869140625
0 0.32460937500000003 0.48828125 0.05234375 0.0703125
0 0.4 0.10205078125 0.0734375 0.0908203125
0 0.35859375000000004 0.408203125 0.051562500000000004 0.056640625
2 0.9187500000000001 0.6357421875 0.026562500000000003 0.041015625
0 0.5578125 0.71533203125 0.043750000000000004 0.0576171875
0 0.626171875 0.71044921875 0.06015625 0.0693359375
0 0.041015625 0.20654296875 0.039843750000000004 0.0517578125
2 0.9714843750000001 0.2001953125 0.030468750000000003 0.0390625
0 0.837890625 0.5556640625 0.08359375000000001 0.10546875
1 0.896484375 0.6826171875 0.02734375 0.02734375
1 0.96875 0.8173828125 0.0328125 0.0390625
1 0.8617187500000001 0.25 0.029687500000000002 0.04296875
1 0.72265625 0.181640625 0.034375 0.033203125
1 0.474609375 0.03955078125 0.03359375 0.0380859375
1 0.062890625 0.71435546875 0.02890625 0.0380859375
0 0.49335937500000004 0.71142578125 0.06953125 0.0888671875
1 0.43203125000000003 0.22119140625 0.029687500000000002 0.0380859375
1 0.355078125 0.3310546875 0.030468750000000003 0.03515625
1 0.08085937500000001 0.75634765625 0.02890625 0.0419921875