0 0.18125000000000002 0.55224609375 0.0625 0.0869140625
0 0.150390625 0.6240234375 0.07265625 0.08203125
0 0.07421875 0.5947265625 0.0703125 0.08984375
0 0.10859375 0.5234375 0.045312500000000006 0.060546875
2 0.1609375 0.7607421875 0.0328125 0.037109375
2 0.221484375 0.84765625 0.025781250000000002 0.03515625
0 0.24453125 0.68603515625 0.05625 0.0634765625
0 0.24375000000000002 0.6064453125 0.059375000000000004 0.080078125
0 0.27187500000000003 0.36669921875 0.0671875 0.0751953125
0 0.3015625 0.4892578125 0.060937500000000006 0.0703125
0 0.22578125000000002 0.49462890625 0.0625 0.0712890625
0 0.8558593750000001 0.6064453125 0.057031250000000006 0.068359375
2 0.51875 0.6171875 0.029687500000000002 0.0390625
0 0.8421875000000001 0.13232421875 0.051562500000000004 0.0615234375
0 0.8953125000000001 0.1337890625 0.046875 0.060546875
0 0.87265625 0.73193359375 0.053125000000000006 0.0693359375
0 0.83125 0.7900390625 0.051562500000000004 0.06640625
0 0.9421875000000001 0.73974609375 0.053125000000000006 0.0654296875
2 0.476171875 0.24365234375 0.02890625 0.0361328125
0 0.8210937500000001 0.20068359375 0.0625 0.0732421875
0 0.9496093750000001 0.423828125 0.05078125 0.0703125
0 0.8992187500000001 0.537109375 0.0546875 0.07421875
1 0.5183593750000001 0.87353515625 0.03359375 0.0400390625
0 0.79453125 0.671875 0.059375000000000004 0.068359375
0 0.923046875 0.32568359375 0.055468750000000004 0.0634765625
1 0.562890625 0.49169921875 0.02734375 0.0361328125