0 0.572265625 0.61962890625 0.17890625000000002 0.1962890625
0 0.566015625 0.7685546875 0.04609375 0.064453125
0 0.6257812500000001 0.77392578125 0.05625 0.0693359375
0 0.6640625 0.8408203125 0.043750000000000004 0.0625
0 0.7152343750000001 0.890625 0.05234375 0.05859375
0 0.7074218750000001 0.96240234375 0.04453125 0.0537109375
2 0.9632812500000001 0.62255859375 0.029687500000000002 0.0380859375
0 0.919921875 0.31787109375 0.05859375 0.0849609375
0 0.49609375 0.35498046875 0.0734375 0.0830078125
0 0.55234375 0.3212890625 0.051562500000000004 0.060546875
0 0.594921875 0.42578125 0.05390625 0.06640625
0 0.5632812500000001 0.474609375 0.051562500000000004 0.060546875
0 0.45859375 0.501953125 0.060937500000000006 0.080078125
1 0.421875 0.19482421875 0.03125 0.0361328125
1 0.7984375 0.1025390625 0.025 0.029296875
0 0.446875 0.35205078125 0.043750000000000004 0.0673828125
2 0.071484375 0.83740234375 0.030468750000000003 0.0380859375
0 0.58125 0.87744140625 0.034375 0.0517578125
3 0.09335937500000001 0.1630859375 0.09765625 0.1015625
2 0.921875 0.62939453125 0.0328125 0.0458984375
2 0.8890625000000001 0.65087890625 0.040625 0.0380859375
4 0.6296875000000001 0.89892578125 0.05 0.0634765625
1 0.018750000000000003 0.71875 0.03125 0.04296875
1 0.3671875 0.10791015625 0.029687500000000002 0.0458984375
1 0.55625 0.255859375 0.03125 0.03515625
1 0.873046875 0.138671875 0.030468750000000003 0.0390625
1 0.46132812500000003 0.65283203125 0.03359375 0.0380859375
1 0.078125 0.9111328125 0.029687500000000002 0.037109375