3 0.9144531250000001 0.853515625 0.11015625000000001 0.158203125
3 0.7582031250000001 0.25146484375 0.08046875 0.1044921875
3 0.109375 0.64501953125 0.0921875 0.1201171875
1 0.369921875 0.30029296875 0.032031250000000004 0.0400390625
0 0.0328125 0.27001953125 0.05 0.0615234375
0 0.0234375 0.53955078125 0.040625 0.0654296875
3 0.6734375 0.259765625 0.0734375 0.099609375
3 0.633984375 0.18505859375 0.05859375 0.0791015625
0 0.8714843750000001 0.18310546875 0.05234375 0.0576171875
0 0.465625 0.1650390625 0.0578125 0.0625
0 0.45039062500000004 0.0927734375 0.05859375 0.060546875
1 0.35703125 0.0576171875 0.0328125 0.044921875
1 0.833203125 0.48876953125 0.032031250000000004 0.0419921875
1 0.390234375 0.86328125 0.032031250000000004 0.03515625
4 0.060937500000000006 0.73583984375 0.059375000000000004 0.0693359375
0 0.1484375 0.22314453125 0.053125000000000006 0.0576171875
3 0.255859375 0.201171875 0.07734375 0.103515625
3 0.162109375 0.318359375 0.05234375 0.0625
1 0.7156250000000001 0.21923828125 0.026562500000000003 0.0419921875