0 0.720703125 0.306640625 0.06015625 0.078125
0 0.5421875 0.47900390625 0.0578125 0.0712890625
0 0.7019531250000001 0.58447265625 0.05859375 0.0791015625
0 0.496875 0.63916015625 0.060937500000000006 0.0791015625
0 0.544140625 0.716796875 0.057031250000000006 0.078125
0 0.598046875 0.6884765625 0.06484375 0.07421875
0 0.48867187500000003 0.50927734375 0.05390625 0.0634765625
0 0.308203125 0.31103515625 0.049218750000000006 0.0615234375
0 0.8113281250000001 0.2197265625 0.055468750000000004 0.0703125
2 0.52578125 0.25927734375 0.035937500000000004 0.0458984375
2 0.93515625 0.54736328125 0.0421875 0.0478515625
1 0.23164062500000002 0.771484375 0.02890625 0.033203125
1 0.21953125 0.97119140625 0.0328125 0.0400390625
0 0.6218750000000001 0.63720703125 0.05625 0.0771484375
1 0.36562500000000003 0.36572265625 0.028125 0.0341796875
1 0.12812500000000002 0.091796875 0.034375 0.033203125