0 0.42226562500000003 0.84375 0.08671875000000001 0.107421875
0 0.5953125 0.822265625 0.0671875 0.095703125
0 0.84140625 0.80126953125 0.0671875 0.0830078125
0 0.523828125 0.87939453125 0.057031250000000006 0.0693359375
0 0.4 0.41796875 0.0546875 0.064453125
0 0.441015625 0.251953125 0.06171875 0.06640625
0 0.75 0.2822265625 0.0734375 0.083984375
0 0.684765625 0.6806640625 0.05234375 0.064453125
0 0.620703125 0.658203125 0.05859375 0.07421875
0 0.5554687500000001 0.6708984375 0.053125000000000006 0.068359375
0 0.5078125 0.78466796875 0.065625 0.0654296875
0 0.419921875 0.56396484375 0.06015625 0.0576171875
0 0.5421875 0.5146484375 0.0703125 0.064453125
0 0.6890625 0.31396484375 0.059375000000000004 0.0830078125
0 0.39375000000000004 0.1943359375 0.053125000000000006 0.068359375
0 0.43203125000000003 0.158203125 0.05 0.05859375
0 0.458984375 0.1025390625 0.055468750000000004 0.05859375
0 0.6101562500000001 0.1591796875 0.0578125 0.0703125
0 0.55390625 0.34228515625 0.053125000000000006 0.0654296875
2 0.6550781250000001 0.0888671875 0.032031250000000004 0.044921875
2 0.71015625 0.4677734375 0.03125 0.0390625
2 0.7601562500000001 0.92724609375 0.03125 0.0439453125
1 0.3203125 0.90771484375 0.025 0.0361328125
1 0.6214843750000001 0.521484375 0.030468750000000003 0.037109375
0 0.4859375 0.1572265625 0.059375000000000004 0.08203125
0 0.404296875 0.61865234375 0.05234375 0.0595703125