0 0.26601562500000003 0.55126953125 0.06015625 0.0751953125
0 0.36054687500000004 0.33544921875 0.06015625 0.0771484375
0 0.24960937500000002 0.37158203125 0.05234375 0.0615234375
0 0.624609375 0.560546875 0.06640625 0.08984375
0 0.24296875 0.42578125 0.0484375 0.05859375
2 0.19101562500000002 0.56884765625 0.02890625 0.0361328125
2 0.207421875 0.509765625 0.03515625 0.0390625
2 0.54609375 0.4892578125 0.0328125 0.033203125
0 0.36015625 0.20458984375 0.0625 0.0732421875
2 0.718359375 0.13330078125 0.030468750000000003 0.0439453125
2 0.696484375 0.8017578125 0.03359375 0.041015625
2 0.42109375000000004 0.49609375 0.0328125 0.04296875
1 0.09531250000000001 0.236328125 0.03125 0.0390625
1 0.9320312500000001 0.67822265625 0.029687500000000002 0.0361328125
1 0.3171875 0.73681640625 0.03125 0.0439453125
1 0.242578125 0.91357421875 0.032031250000000004 0.0458984375
1 0.5765625 0.53857421875 0.029687500000000002 0.0361328125
1 0.70234375 0.70849609375 0.0328125 0.0419921875
1 0.023828125000000002 0.35986328125 0.032031250000000004 0.0380859375
1 0.021875000000000002 0.0751953125 0.035937500000000004 0.041015625