0 0.7000000000000001 0.30126953125 0.08750000000000001 0.1318359375
0 0.784765625 0.3505859375 0.06015625 0.083984375
0 0.34453125 0.52490234375 0.065625 0.0771484375
0 0.5515625000000001 0.71728515625 0.0546875 0.0732421875
0 0.191796875 0.77587890625 0.06328125 0.0849609375
0 0.19609375 0.88623046875 0.0546875 0.0712890625
0 0.26210937500000003 0.875 0.057031250000000006 0.078125
0 0.369140625 0.84130859375 0.05390625 0.0732421875
0 0.330859375 0.7783203125 0.06015625 0.068359375
0 0.444140625 0.85009765625 0.05234375 0.0673828125
0 0.44843750000000004 0.55908203125 0.0546875 0.0693359375
0 0.535546875 0.4658203125 0.05234375 0.06640625
0 0.523828125 0.400390625 0.05234375 0.06640625
0 0.48945312500000004 0.48046875 0.041406250000000006 0.0546875
0 0.47968750000000004 0.75048828125 0.0484375 0.0615234375
0 0.3171875 0.88916015625 0.0421875 0.0615234375
0 0.278125 0.7216796875 0.045312500000000006 0.056640625
0 0.38984375000000004 0.67822265625 0.051562500000000004 0.0654296875
2 0.716796875 0.79443359375 0.03515625 0.0458984375
2 0.53125 0.630859375 0.03125 0.037109375
1 0.014453125 0.8330078125 0.02421875 0.03125
1 0.14765625000000002 0.80517578125 0.025 0.0302734375
2 0.8289062500000001 0.23681640625 0.03125 0.0361328125
2 0.298046875 0.0869140625 0.030468750000000003 0.04296875
1 0.15546875000000002 0.44921875 0.0234375 0.03125
1 0.22187500000000002 0.23388671875 0.029687500000000002 0.0361328125
1 0.92578125 0.4462890625 0.029687500000000002 0.03515625
2 0.546875 0.03662109375 0.035937500000000004 0.0439453125