0 0.45351562500000003 0.6591796875 0.07421875 0.0859375
0 0.382421875 0.6396484375 0.06171875 0.07421875
0 0.267578125 0.29931640625 0.07421875 0.0966796875
0 0.9484375 0.10791015625 0.0859375 0.1123046875
4 0.8375 0.8515625 0.0390625 0.048828125
0 0.4859375 0.71923828125 0.05625 0.0634765625
0 0.41640625000000003 0.74853515625 0.053125000000000006 0.0654296875
4 0.307421875 0.81689453125 0.03828125 0.0419921875
0 0.81015625 0.39599609375 0.05625 0.0712890625
0 0.142578125 0.423828125 0.055468750000000004 0.0859375
4 0.9574218750000001 0.77880859375 0.04453125 0.0654296875
2 0.55 0.92138671875 0.03125 0.0400390625
2 0.525390625 0.5185546875 0.03359375 0.0390625
1 0.7781250000000001 0.1875 0.03125 0.041015625
1 0.8851562500000001 0.505859375 0.03125 0.041015625
1 0.269140625 0.0419921875 0.030468750000000003 0.033203125
1 0.13593750000000002 0.8076171875 0.035937500000000004 0.037109375
4 0.7562500000000001 0.7841796875 0.0421875 0.0546875
2 0.69296875 0.33203125 0.034375 0.041015625
2 0.66328125 0.39892578125 0.034375 0.0400390625
1 0.633984375 0.01708984375 0.025781250000000002 0.0341796875
1 0.287890625 0.18359375 0.030468750000000003 0.03515625
4 0.354296875 0.85791015625 0.06796875000000001 0.0810546875
1 0.7359375 0.56884765625 0.03125 0.0361328125
2 0.645703125 0.8330078125 0.02890625 0.033203125