0 0.65234375 0.5947265625 0.065625 0.083984375
0 0.71484375 0.66015625 0.0625 0.083984375
0 0.48281250000000003 0.69677734375 0.05 0.0615234375
0 0.44960937500000003 0.623046875 0.05078125 0.06640625
0 0.539453125 0.64306640625 0.05859375 0.1142578125
0 0.416796875 0.45068359375 0.04453125 0.0595703125
0 0.536328125 0.486328125 0.047656250000000004 0.060546875
0 0.566796875 0.43310546875 0.05078125 0.0576171875
0 0.638671875 0.3896484375 0.04296875 0.0546875
0 0.7820312500000001 0.5810546875 0.0390625 0.05859375
0 0.73359375 0.39501953125 0.0421875 0.0537109375
0 0.6000000000000001 0.24951171875 0.0546875 0.0712890625
0 0.67578125 0.25537109375 0.0421875 0.0556640625
0 0.374609375 0.3095703125 0.055468750000000004 0.0703125
0 0.38046875 0.22265625 0.0484375 0.0625
0 0.5339843750000001 0.22021484375 0.07265625 0.0927734375
0 0.4375 0.259765625 0.065625 0.08984375
0 0.424609375 0.1748046875 0.04609375 0.056640625
0 0.5171875 0.11328125 0.05625 0.07421875
2 0.32734375000000004 0.79833984375 0.026562500000000003 0.0341796875
1 0.24726562500000002 0.4755859375 0.025781250000000002 0.033203125
1 0.268359375 0.29541015625 0.02109375 0.0283203125
2 0.26406250000000003 0.0791015625 0.03125 0.04296875
2 0.064453125 0.0556640625 0.030468750000000003 0.033203125
1 0.15156250000000002 0.17724609375 0.028125 0.0400390625
2 0.128515625 0.330078125 0.03515625 0.041015625