0 0.408984375 0.58837890625 0.06953125 0.0751953125
0 0.398046875 0.5078125 0.07265625 0.076171875
0 0.361328125 0.421875 0.06796875000000001 0.087890625
0 0.42695312500000004 0.419921875 0.06171875 0.072265625
0 0.40703125 0.35400390625 0.0546875 0.0693359375
0 0.7875000000000001 0.22509765625 0.053125000000000006 0.0556640625
2 0.29335937500000003 0.5361328125 0.04453125 0.048828125
2 0.125 0.80078125 0.040625 0.041015625
2 0.536328125 0.1337890625 0.032031250000000004 0.046875
0 0.474609375 0.3759765625 0.04609375 0.052734375
1 0.012109375 0.541015625 0.02421875 0.037109375
1 0.034765625 0.14990234375 0.03671875 0.0380859375
2 0.8910156250000001 0.1259765625 0.03359375 0.04296875
1 0.7484375000000001 0.30224609375 0.025 0.0341796875
1 0.84296875 0.544921875 0.026562500000000003 0.03515625
2 0.96875 0.3857421875 0.0421875 0.05078125
0 0.393359375 0.65771484375 0.04609375 0.0615234375
2 0.10039062500000001 0.84716796875 0.03671875 0.0380859375
0 0.44140625 0.3212890625 0.0390625 0.060546875
1 0.54140625 0.5234375 0.025 0.03515625
1 0.5984375000000001 0.47802734375 0.026562500000000003 0.0361328125
1 0.3296875 0.181640625 0.0234375 0.03125
1 0.48085937500000003 0.78271484375 0.02734375 0.0361328125