0 0.44375000000000003 0.4912109375 0.06875 0.0859375
0 0.34375 0.4443359375 0.0625 0.076171875
0 0.26992187500000003 0.39990234375 0.049218750000000006 0.0712890625
0 0.3375 0.37060546875 0.051562500000000004 0.0771484375
0 0.319921875 0.52587890625 0.07265625 0.0771484375
2 0.23007812500000002 0.880859375 0.03515625 0.046875
0 0.94140625 0.400390625 0.053125000000000006 0.068359375
2 0.554296875 0.35595703125 0.02734375 0.0380859375
0 0.42617187500000003 0.3955078125 0.06328125 0.078125
2 0.6296875000000001 0.11328125 0.035937500000000004 0.04296875
1 0.18085937500000002 0.17236328125 0.025781250000000002 0.0341796875
1 0.581640625 0.9140625 0.030468750000000003 0.037109375
2 0.6843750000000001 0.85595703125 0.0328125 0.0419921875
0 0.32539062500000004 0.31005859375 0.05078125 0.0615234375
1 0.8792968750000001 0.58056640625 0.01953125 0.0302734375