0 0.48281250000000003 0.6787109375 0.08125 0.09375
0 0.6156250000000001 0.47314453125 0.07968750000000001 0.0986328125
0 0.39140625 0.7626953125 0.0484375 0.06640625
0 0.40742187500000004 0.6982421875 0.057031250000000006 0.064453125
0 0.43515625 0.58349609375 0.09843750000000001 0.0947265625
0 0.516015625 0.5146484375 0.06015625 0.064453125
0 0.657421875 0.55224609375 0.057031250000000006 0.0654296875
0 0.5890625 0.55615234375 0.053125000000000006 0.0634765625
0 0.9460937500000001 0.17431640625 0.046875 0.0556640625
1 0.309375 0.333984375 0.0234375 0.033203125
1 0.166796875 0.3359375 0.02890625 0.029296875
0 0.11093750000000001 0.16162109375 0.043750000000000004 0.0595703125
0 0.310546875 0.7138671875 0.04453125 0.076171875
1 0.56953125 0.38330078125 0.025 0.0341796875
1 0.275390625 0.13525390625 0.025781250000000002 0.0361328125
1 0.240625 0.07373046875 0.029687500000000002 0.0302734375
1 0.7679687500000001 0.21630859375 0.034375 0.0400390625
1 0.3875 0.115234375 0.0328125 0.033203125