2 0.43281250000000004 0.4931640625 0.035937500000000004 0.046875
3 0.9171875 0.849609375 0.11406250000000001 0.115234375
3 0.08750000000000001 0.255859375 0.1171875 0.125
4 0.3515625 0.64794921875 0.053125000000000006 0.0595703125
4 0.47968750000000004 0.66259765625 0.040625 0.0576171875
4 0.71796875 0.73388671875 0.0703125 0.0849609375
2 0.792578125 0.52978515625 0.032031250000000004 0.0458984375
3 0.17109375000000002 0.8369140625 0.1015625 0.107421875
4 0.6605468750000001 0.58642578125 0.05234375 0.0693359375
4 0.43867187500000004 0.712890625 0.05859375 0.060546875
0 0.5921875 0.28759765625 0.053125000000000006 0.0732421875
0 0.26796875000000003 0.26416015625 0.0546875 0.0634765625
3 0.6109375 0.5380859375 0.08281250000000001 0.119140625
1 0.7679687500000001 0.8837890625 0.029687500000000002 0.041015625
0 0.156640625 0.12451171875 0.05078125 0.0634765625
1 0.930859375 0.92626953125 0.02734375 0.0400390625
1 0.680859375 0.3798828125 0.02890625 0.048828125
3 0.39179687500000004 0.60888671875 0.06640625 0.0869140625