0 0.70625 0.52099609375 0.06875 0.0810546875
3 0.7523437500000001 0.21875 0.10625000000000001 0.142578125
4 0.030859375 0.42529296875 0.049218750000000006 0.0693359375
4 0.07734375 0.6826171875 0.0625 0.076171875
4 0.037500000000000006 0.92724609375 0.060937500000000006 0.0693359375
3 0.5625 0.58740234375 0.1375 0.1650390625
4 0.312109375 0.85009765625 0.049218750000000006 0.0576171875
0 0.270703125 0.81689453125 0.06640625 0.0673828125
1 0.17695312500000002 0.58203125 0.030468750000000003 0.041015625
0 0.6390625000000001 0.83154296875 0.060937500000000006 0.0693359375
0 0.15234375 0.79833984375 0.051562500000000004 0.0654296875
4 0.278125 0.2470703125 0.084375 0.10546875
3 0.966796875 0.42529296875 0.05859375 0.0908203125
3 0.79296875 0.68017578125 0.06406250000000001 0.0791015625
2 0.452734375 0.14599609375 0.032031250000000004 0.0556640625
3 0.413671875 0.287109375 0.06171875 0.0703125
1 0.8671875 0.73681640625 0.028125 0.0380859375
0 0.439453125 0.41455078125 0.04296875 0.0576171875
3 0.06171875 0.0830078125 0.0546875 0.06640625
1 0.892578125 0.89697265625 0.030468750000000003 0.0400390625
3 0.684765625 0.7734375 0.08046875 0.119140625
3 0.17421875 0.69384765625 0.13125 0.1376953125
4 0.294921875 0.92041015625 0.06953125 0.0869140625