3 0.34101562500000004 0.59130859375 0.11640625 0.1220703125
3 0.45429687500000004 0.37939453125 0.12734375 0.1611328125
3 0.193359375 0.1533203125 0.10390625 0.123046875
4 0.558984375 0.2939453125 0.07109375 0.080078125
4 0.212890625 0.51416015625 0.07265625 0.0751953125
2 0.571484375 0.78076171875 0.041406250000000006 0.0634765625
3 0.866796875 0.84912109375 0.10859375 0.1416015625
3 0.6109375 0.22900390625 0.07968750000000001 0.0927734375
1 0.3640625 0.4501953125 0.026562500000000003 0.037109375
1 0.31367187500000004 0.24169921875 0.03359375 0.0380859375
1 0.687109375 0.6220703125 0.039843750000000004 0.044921875
3 0.5300781250000001 0.919921875 0.06171875 0.072265625
1 0.923046875 0.18115234375 0.02890625 0.0458984375
0 0.9578125000000001 0.201171875 0.051562500000000004 0.0703125
1 0.7250000000000001 0.37451171875 0.0390625 0.0419921875
4 0.396484375 0.88232421875 0.07578125000000001 0.0908203125
3 0.6492187500000001 0.3740234375 0.09062500000000001 0.107421875
1 0.665234375 0.302734375 0.02890625 0.03515625
4 0.08203125 0.662109375 0.065625 0.07421875
4 0.1296875 0.81298828125 0.078125 0.0986328125