0 0.5640625 0.134765625 0.07968750000000001 0.107421875
0 0.6996093750000001 0.54736328125 0.06328125 0.0947265625
0 0.630859375 0.5546875 0.05859375 0.078125
0 0.8359375 0.25439453125 0.0546875 0.0732421875
0 0.4421875 0.35791015625 0.05625 0.0654296875
0 0.415625 0.490234375 0.053125000000000006 0.0703125
0 0.198046875 0.47998046875 0.06796875000000001 0.0849609375
0 0.895703125 0.23828125 0.05078125 0.076171875
0 0.526953125 0.8876953125 0.05390625 0.068359375
0 0.33828125000000003 0.49365234375 0.053125000000000006 0.0732421875
2 0.6195312500000001 0.90234375 0.0328125 0.0390625
2 0.598828125 0.935546875 0.03359375 0.04296875
0 0.554296875 0.2373046875 0.041406250000000006 0.056640625
2 0.390625 0.22314453125 0.03125 0.0380859375
2 0.737890625 0.62890625 0.025781250000000002 0.0390625
2 0.3328125 0.90771484375 0.03125 0.0380859375
2 0.101953125 0.7529296875 0.02890625 0.037109375
2 0.84921875 0.93115234375 0.029687500000000002 0.0419921875
2 0.916015625 0.95556640625 0.030468750000000003 0.0341796875
2 0.5703125 0.517578125 0.034375 0.041015625
1 0.5906250000000001 0.0302734375 0.029687500000000002 0.03515625
2 0.8988281250000001 0.7705078125 0.02734375 0.0390625
2 0.228515625 0.224609375 0.02734375 0.0390625
2 0.915625 0.06494140625 0.035937500000000004 0.0400390625
1 0.5390625 0.27587890625 0.029687500000000002 0.0322265625
2 0.641796875 0.8427734375 0.03359375 0.041015625
2 0.23945312500000002 0.7890625 0.03359375 0.04296875
2 0.8343750000000001 0.78173828125 0.03125 0.0400390625