0 0.0921875 0.5224609375 0.0703125 0.09375
0 0.15781250000000002 0.41162109375 0.065625 0.0830078125
0 0.451953125 0.24072265625 0.05234375 0.0634765625
0 0.565625 0.32958984375 0.0546875 0.0791015625
0 0.9339843750000001 0.42333984375 0.06328125 0.0751953125
0 0.739453125 0.216796875 0.06640625 0.072265625
0 0.819921875 0.47705078125 0.06328125 0.0771484375
0 0.76171875 0.2919921875 0.059375000000000004 0.07421875
0 0.822265625 0.35009765625 0.05390625 0.0830078125
1 0.721875 0.642578125 0.029687500000000002 0.037109375
1 0.53828125 0.6064453125 0.028125 0.0390625
2 0.4578125 0.96337890625 0.025 0.0380859375
4 0.220703125 0.603515625 0.04609375 0.052734375
2 0.2703125 0.0966796875 0.034375 0.046875
2 0.4421875 0.68017578125 0.034375 0.0439453125
2 0.567578125 0.95703125 0.03359375 0.037109375
2 0.3359375 0.6201171875 0.03125 0.041015625
2 0.361328125 0.0390625 0.03359375 0.044921875
2 0.425390625 0.4599609375 0.032031250000000004 0.041015625
2 0.32343750000000004 0.37255859375 0.035937500000000004 0.0400390625
2 0.638671875 0.32421875 0.030468750000000003 0.037109375
2 0.8871093750000001 0.57373046875 0.030468750000000003 0.0419921875
2 0.8660156250000001 0.90966796875 0.02890625 0.0380859375
0 0.8765625 0.40185546875 0.0578125 0.0673828125
2 0.34296875000000004 0.97265625 0.03125 0.041015625
2 0.03125 0.76513671875 0.034375 0.0439453125
2 0.769140625 0.91162109375 0.032031250000000004 0.0380859375