0 0.78046875 0.234375 0.0703125 0.103515625
0 0.7074218750000001 0.23876953125 0.06484375 0.0751953125
0 0.515234375 0.04248046875 0.06328125 0.0634765625
0 0.4921875 0.17919921875 0.053125000000000006 0.0693359375
0 0.41835937500000003 0.17822265625 0.057031250000000006 0.0673828125
0 0.274609375 0.16650390625 0.07265625 0.0869140625
0 0.408984375 0.80712890625 0.07265625 0.0888671875
0 0.43359375 0.87939453125 0.0703125 0.0888671875
0 0.8289062500000001 0.7666015625 0.07500000000000001 0.099609375
0 0.11171875 0.904296875 0.0734375 0.076171875
0 0.29531250000000003 0.93310546875 0.060937500000000006 0.0654296875
2 0.62265625 0.4951171875 0.03125 0.04296875
2 0.9300781250000001 0.619140625 0.03671875 0.044921875
2 0.067578125 0.2548828125 0.03359375 0.046875
2 0.6484375 0.20361328125 0.034375 0.0478515625
0 0.6039062500000001 0.5693359375 0.0546875 0.064453125
2 0.60078125 0.69775390625 0.035937500000000004 0.0419921875
2 0.412109375 0.59619140625 0.032031250000000004 0.0478515625
2 0.9773437500000001 0.458984375 0.026562500000000003 0.04296875
2 0.81171875 0.66943359375 0.035937500000000004 0.0400390625
2 0.6875 0.69970703125 0.035937500000000004 0.0380859375
2 0.154296875 0.35009765625 0.03515625 0.0419921875
2 0.065625 0.06005859375 0.028125 0.0400390625
2 0.37109375 0.314453125 0.029687500000000002 0.03515625
2 0.8148437500000001 0.3173828125 0.0328125 0.037109375
1 0.584375 0.8330078125 0.025 0.02734375
2 0.7152343750000001 0.5322265625 0.030468750000000003 0.037109375
2 0.8382812500000001 0.36865234375 0.0328125 0.0458984375
2 0.525 0.6826171875 0.0328125 0.04296875
2 0.164453125 0.0654296875 0.03515625 0.0390625
2 0.6707031250000001 0.072265625 0.030468750000000003 0.048828125
2 0.71796875 0.43505859375 0.034375 0.0400390625
2 0.31328125 0.47509765625 0.029687500000000002 0.0400390625
2 0.821875 0.0302734375 0.034375 0.03515625