0 0.628515625 0.4453125 0.07734375 0.08203125
0 0.63828125 0.3466796875 0.078125 0.083984375
0 0.802734375 0.07666015625 0.07734375 0.0908203125
0 0.9203125000000001 0.28369140625 0.059375000000000004 0.0751953125
0 0.1203125 0.6728515625 0.06406250000000001 0.09375
0 0.9554687500000001 0.8564453125 0.078125 0.0859375
0 0.168359375 0.8896484375 0.057031250000000006 0.064453125
0 0.098046875 0.22216796875 0.06796875000000001 0.0810546875
0 0.15351562500000002 0.435546875 0.06640625 0.07421875
0 0.191796875 0.21923828125 0.05859375 0.0791015625
2 0.869140625 0.60498046875 0.030468750000000003 0.0478515625
2 0.49062500000000003 0.7841796875 0.037500000000000006 0.046875
1 0.326953125 0.91552734375 0.025781250000000002 0.0380859375
4 0.1171875 0.3466796875 0.053125000000000006 0.056640625
2 0.46718750000000003 0.50537109375 0.034375 0.0439453125
1 0.8546875 0.265625 0.03125 0.041015625
2 0.9535156250000001 0.17919921875 0.032031250000000004 0.0400390625
4 0.020703125000000003 0.19921875 0.03359375 0.05078125
2 0.10117187500000001 0.4072265625 0.03671875 0.037109375
2 0.211328125 0.9365234375 0.02734375 0.04296875
2 0.146484375 0.16015625 0.03515625 0.04296875
2 0.37539062500000003 0.53759765625 0.03359375 0.0419921875