4 0.22226562500000002 0.6171875 0.06484375 0.078125
3 0.935546875 0.63720703125 0.09140625000000001 0.1240234375
4 0.34804687500000003 0.49609375 0.05234375 0.068359375
4 0.3765625 0.55078125 0.051562500000000004 0.0625
4 0.773046875 0.75927734375 0.049218750000000006 0.0869140625
3 0.37890625 0.212890625 0.0625 0.0703125
2 0.29531250000000003 0.0322265625 0.034375 0.048828125
4 0.58984375 0.80908203125 0.065625 0.0869140625
0 0.747265625 0.3115234375 0.05078125 0.064453125
0 0.68515625 0.06298828125 0.043750000000000004 0.0595703125
0 0.550390625 0.89892578125 0.047656250000000004 0.0771484375
0 0.841015625 0.50927734375 0.05234375 0.0654296875
0 0.5593750000000001 0.45361328125 0.053125000000000006 0.0712890625
1 0.13671875 0.6162109375 0.0328125 0.048828125
3 0.94140625 0.5341796875 0.06406250000000001 0.078125
0 0.416015625 0.7822265625 0.055468750000000004 0.06640625
0 0.268359375 0.298828125 0.04453125 0.0546875
3 0.1609375 0.306640625 0.153125 0.189453125
3 0.7957031250000001 0.04833984375 0.08984375 0.0849609375
4 0.34921875 0.66259765625 0.084375 0.0947265625
4 0.44140625 0.400390625 0.0546875 0.064453125
4 0.7289062500000001 0.75244140625 0.059375000000000004 0.0791015625