0 0.15351562500000002 0.51904296875 0.07578125000000001 0.0849609375
0 0.16367187500000002 0.416015625 0.07109375 0.080078125
0 0.44453125000000004 0.35595703125 0.0625 0.0712890625
0 0.32656250000000003 0.1484375 0.07500000000000001 0.091796875
0 0.782421875 0.28271484375 0.08046875 0.1123046875
0 0.75703125 0.8876953125 0.0546875 0.072265625
0 0.48203125 0.93212890625 0.0765625 0.0830078125
2 0.483984375 0.251953125 0.03828125 0.04296875
2 0.69921875 0.4140625 0.0328125 0.0390625
1 0.37890625 0.33837890625 0.03125 0.0361328125
2 0.6570312500000001 0.39306640625 0.034375 0.0458984375
3 0.540625 0.71044921875 0.1546875 0.1943359375
0 0.09062500000000001 0.60791015625 0.05625 0.0771484375
2 0.39570312500000004 0.67529296875 0.030468750000000003 0.0419921875
2 0.2828125 0.31298828125 0.045312500000000006 0.0458984375
1 0.4703125 0.14697265625 0.029687500000000002 0.0322265625
2 0.49921875000000004 0.8408203125 0.034375 0.0390625
2 0.27382812500000003 0.68408203125 0.03515625 0.0400390625
0 0.5339843750000001 0.04931640625 0.049218750000000006 0.0615234375
2 0.913671875 0.11328125 0.032031250000000004 0.048828125