0 0.8953125000000001 0.43896484375 0.07187500000000001 0.0849609375
0 0.7917968750000001 0.29541015625 0.07890625000000001 0.0908203125
0 0.6203125 0.1630859375 0.06875 0.095703125
0 0.45156250000000003 0.1904296875 0.065625 0.08984375
0 0.468359375 0.048828125 0.06796875000000001 0.07421875
0 0.123046875 0.78564453125 0.06953125 0.0966796875
0 0.19609375 0.8193359375 0.06875 0.08203125
0 0.662109375 0.75634765625 0.06015625 0.0830078125
0 0.183984375 0.69287109375 0.06015625 0.0830078125
2 0.44960937500000003 0.94287109375 0.032031250000000004 0.0400390625
0 0.1796875 0.3369140625 0.0578125 0.080078125
0 0.2015625 0.26806640625 0.059375000000000004 0.0712890625
0 0.895703125 0.7109375 0.057031250000000006 0.072265625
0 0.641796875 0.5322265625 0.049218750000000006 0.068359375
0 0.5164062500000001 0.19580078125 0.0578125 0.0654296875
1 0.20078125000000002 0.513671875 0.03125 0.037109375
2 0.46523437500000003 0.8291015625 0.03359375 0.048828125
2 0.7937500000000001 0.3642578125 0.0328125 0.046875
2 0.968359375 0.20263671875 0.039843750000000004 0.0458984375
0 0.31367187500000004 0.19140625 0.05390625 0.076171875
2 0.045312500000000006 0.96435546875 0.037500000000000006 0.0458984375
2 0.53515625 0.421875 0.0421875 0.044921875
4 0.8453125 0.37060546875 0.059375000000000004 0.0751953125
2 0.27578125000000003 0.86376953125 0.035937500000000004 0.0419921875
2 0.23984375000000002 0.71533203125 0.034375 0.0419921875
2 0.38789062500000004 0.6923828125 0.03515625 0.044921875