0 0.494921875 0.34814453125 0.07578125000000001 0.1083984375
0 0.25 0.45751953125 0.08281250000000001 0.0830078125
0 0.0765625 0.72021484375 0.0703125 0.0927734375
0 0.19140625 0.8037109375 0.065625 0.076171875
0 0.61328125 0.93115234375 0.0578125 0.0732421875
0 0.662109375 0.86376953125 0.06171875 0.0732421875
0 0.074609375 0.0458984375 0.06953125 0.080078125
0 0.5554687500000001 0.11181640625 0.0671875 0.0732421875
0 0.572265625 0.2529296875 0.055468750000000004 0.068359375
0 0.9285156250000001 0.43798828125 0.06953125 0.0791015625
0 0.419921875 0.29931640625 0.05390625 0.0810546875
2 0.8601562500000001 0.57861328125 0.035937500000000004 0.0478515625
2 0.74140625 0.29833984375 0.040625 0.0458984375
0 0.140234375 0.94921875 0.055468750000000004 0.056640625
0 0.46914062500000003 0.1611328125 0.06015625 0.072265625
2 0.22890625 0.046875 0.0390625 0.044921875
2 0.44570312500000003 0.01953125 0.039843750000000004 0.0390625