0 0.248828125 0.18310546875 0.08359375000000001 0.1005859375
0 0.19257812500000002 0.29052734375 0.06171875 0.0849609375
0 0.408984375 0.38525390625 0.07734375 0.0908203125
0 0.33242187500000003 0.85693359375 0.08203125 0.1083984375
0 0.2109375 0.80029296875 0.078125 0.0869140625
0 0.7972656250000001 0.7451171875 0.07578125000000001 0.09765625
2 0.93359375 0.83056640625 0.046875 0.0498046875
0 0.80078125 0.08251953125 0.059375000000000004 0.0849609375
2 0.5085937500000001 0.66552734375 0.035937500000000004 0.0498046875
0 0.77734375 0.4423828125 0.046875 0.05859375
2 0.71875 0.54248046875 0.0390625 0.0498046875
2 0.7375 0.38623046875 0.034375 0.0498046875