0 0.495703125 0.3046875 0.09765625 0.1328125
0 0.8078125 0.2724609375 0.078125 0.107421875
0 0.8441406250000001 0.1923828125 0.06953125 0.078125
0 0.46328125000000003 0.15576171875 0.08281250000000001 0.1064453125
0 0.27890625 0.572265625 0.0703125 0.083984375
0 0.412890625 0.80810546875 0.07734375 0.0947265625
0 0.15859375 0.87841796875 0.0734375 0.0908203125
0 0.15078125 0.70947265625 0.053125000000000006 0.0693359375
0 0.23125 0.5087890625 0.06875 0.091796875
4 0.36640625000000004 0.48095703125 0.051562500000000004 0.0712890625
2 0.08164062500000001 0.40283203125 0.039843750000000004 0.0498046875
0 0.9281250000000001 0.08056640625 0.051562500000000004 0.0654296875
4 0.7375 0.07568359375 0.06875 0.0791015625
2 0.42695312500000004 0.58349609375 0.02890625 0.0361328125
2 0.023828125000000002 0.66064453125 0.03671875 0.0498046875
0 0.33515625000000004 0.41357421875 0.0578125 0.0732421875