0 0.606640625 0.220703125 0.10390625 0.13671875
0 0.916015625 0.18212890625 0.07890625000000001 0.1064453125
0 0.9496093750000001 0.0986328125 0.06328125 0.0859375
0 0.56875 0.0693359375 0.08125 0.103515625
0 0.390625 0.47509765625 0.07500000000000001 0.0810546875
0 0.5171875 0.71435546875 0.0734375 0.1044921875
0 0.265234375 0.78955078125 0.07421875 0.0966796875
0 0.47500000000000003 0.9140625 0.07500000000000001 0.08203125
0 0.25703125 0.89111328125 0.0671875 0.0810546875
0 0.439453125 0.32373046875 0.06796875000000001 0.0712890625
0 0.334765625 0.4130859375 0.06953125 0.08203125
0 0.25703125 0.62060546875 0.05625 0.0791015625
2 0.5808593750000001 0.60888671875 0.03359375 0.0439453125
4 0.47187500000000004 0.39208984375 0.0546875 0.0732421875
2 0.18515625000000002 0.314453125 0.034375 0.04296875
2 0.126953125 0.5673828125 0.03515625 0.05078125
2 0.53515625 0.4892578125 0.029687500000000002 0.046875
2 0.30078125 0.06640625 0.0328125 0.04296875