0 0.46171875 0.61865234375 0.084375 0.1064453125
0 0.4 0.76611328125 0.065625 0.0771484375
0 0.221484375 0.47998046875 0.06015625 0.0654296875
0 0.2390625 0.5498046875 0.060937500000000006 0.080078125
0 0.74140625 0.63427734375 0.0671875 0.0869140625
0 0.790625 0.7080078125 0.07187500000000001 0.095703125
0 0.5484375 0.86572265625 0.0625 0.1005859375
0 0.508984375 0.76318359375 0.049218750000000006 0.0634765625
0 0.499609375 0.88330078125 0.04609375 0.0576171875
0 0.91796875 0.30224609375 0.0671875 0.0849609375
0 0.71015625 0.16357421875 0.06875 0.0869140625
0 0.6734375 0.0849609375 0.05625 0.07421875
0 0.886328125 0.17333984375 0.06328125 0.0712890625
2 0.369140625 0.205078125 0.041406250000000006 0.04296875
0 0.9070312500000001 0.45703125 0.05625 0.091796875
2 0.0859375 0.82958984375 0.034375 0.0478515625
2 0.5750000000000001 0.525390625 0.0328125 0.046875
0 0.7757812500000001 0.18115234375 0.0484375 0.0654296875
2 0.48476562500000003 0.3310546875 0.03359375 0.05078125
4 0.065234375 0.45166015625 0.06484375 0.0810546875
2 0.380859375 0.953125 0.03671875 0.046875