0 0.48281250000000003 0.337890625 0.084375 0.107421875
0 0.817578125 0.32421875 0.06484375 0.08984375
0 0.7800781250000001 0.57470703125 0.06328125 0.0849609375
0 0.5398437500000001 0.6962890625 0.0734375 0.10546875
0 0.637890625 0.7724609375 0.06328125 0.087890625
0 0.16523437500000002 0.58984375 0.07421875 0.091796875
0 0.220703125 0.29443359375 0.06796875000000001 0.0966796875
4 0.37109375 0.3291015625 0.1125 0.140625
2 0.38320312500000003 0.46630859375 0.03671875 0.0576171875
2 0.619140625 0.29638671875 0.03671875 0.0478515625
2 0.8308593750000001 0.1142578125 0.03359375 0.04296875
4 0.9125000000000001 0.1220703125 0.0484375 0.0625
2 0.9144531250000001 0.8955078125 0.03671875 0.041015625
2 0.25859375 0.1240234375 0.034375 0.04296875
2 0.36054687500000004 0.61474609375 0.03359375 0.0439453125
2 0.16132812500000002 0.25634765625 0.03671875 0.0458984375
2 0.1 0.02197265625 0.035937500000000004 0.0439453125
2 0.37148437500000003 0.1865234375 0.03515625 0.046875
2 0.9792968750000001 0.7197265625 0.03359375 0.04296875
2 0.032031250000000004 0.966796875 0.043750000000000004 0.046875
2 0.28554687500000003 0.95654296875 0.032031250000000004 0.0498046875
2 0.10039062500000001 0.6416015625 0.03515625 0.04296875