0 0.525 0.16162109375 0.06875 0.0830078125
0 0.7125 0.185546875 0.0578125 0.078125
0 0.448828125 0.55322265625 0.06640625 0.0927734375
0 0.416015625 0.86767578125 0.06953125 0.0888671875
0 0.12578125 0.56591796875 0.059375000000000004 0.0751953125
4 0.203125 0.19482421875 0.051562500000000004 0.0673828125
0 0.637890625 0.3291015625 0.05234375 0.08984375
0 0.9753906250000001 0.7001953125 0.047656250000000004 0.076171875
1 0.848828125 0.109375 0.03359375 0.0390625
0 0.8503906250000001 0.76513671875 0.04609375 0.0634765625
0 0.294921875 0.6689453125 0.04453125 0.060546875
0 0.241015625 0.40283203125 0.06015625 0.0712890625
0 0.39687500000000003 0.2626953125 0.059375000000000004 0.076171875
2 0.369921875 0.18017578125 0.039843750000000004 0.0439453125
2 0.585546875 0.80078125 0.03359375 0.046875
0 0.562890625 0.4833984375 0.06484375 0.083984375
0 0.50703125 0.791015625 0.051562500000000004 0.0703125