0 0.6359375 0.53515625 0.07968750000000001 0.103515625
0 0.36875 0.79296875 0.07500000000000001 0.095703125
0 0.27421875 0.2890625 0.0671875 0.07421875
0 0.7621093750000001 0.9482421875 0.06796875000000001 0.1015625
2 0.8167968750000001 0.9453125 0.032031250000000004 0.041015625
2 0.9148437500000001 0.2978515625 0.0390625 0.044921875
2 0.9320312500000001 0.23583984375 0.035937500000000004 0.0458984375
2 0.48203125 0.6904296875 0.0328125 0.041015625
2 0.408203125 0.88037109375 0.039843750000000004 0.0361328125
2 0.5828125000000001 0.4990234375 0.034375 0.0390625
2 0.152734375 0.81884765625 0.032031250000000004 0.0361328125
2 0.1078125 0.79541015625 0.034375 0.0400390625
0 0.6429687500000001 0.6337890625 0.060937500000000006 0.083984375
2 0.9710937500000001 0.8779296875 0.029687500000000002 0.04296875
1 0.0203125 0.44775390625 0.03125 0.0419921875
2 0.114453125 0.4482421875 0.03359375 0.03515625
2 0.417578125 0.44873046875 0.02734375 0.0361328125
2 0.464453125 0.46240234375 0.03359375 0.0400390625
2 0.169921875 0.6337890625 0.030468750000000003 0.03515625
2 0.52109375 0.24169921875 0.0390625 0.0361328125
2 0.5296875 0.1435546875 0.037500000000000006 0.041015625
2 0.1234375 0.12255859375 0.045312500000000006 0.0400390625
0 0.85546875 0.29443359375 0.060937500000000006 0.0712890625
2 0.8539062500000001 0.4423828125 0.035937500000000004 0.041015625
2 0.825390625 0.45654296875 0.02890625 0.0400390625
4 0.078515625 0.05078125 0.07578125000000001 0.080078125
2 0.8343750000000001 0.021484375 0.0390625 0.0390625