0 0.199609375 0.33740234375 0.07265625 0.0927734375
0 0.2234375 0.60693359375 0.08750000000000001 0.1083984375
0 0.033984375000000004 0.541015625 0.06171875 0.083984375
0 0.039453125000000006 0.04638671875 0.06953125 0.0927734375
0 0.14140625 0.03466796875 0.0671875 0.0693359375
2 0.405859375 0.509765625 0.03671875 0.044921875
2 0.31562500000000004 0.68896484375 0.029687500000000002 0.0439453125
0 0.6199218750000001 0.47021484375 0.06796875000000001 0.0908203125
0 0.903515625 0.447265625 0.07734375 0.103515625
0 0.92890625 0.537109375 0.07187500000000001 0.099609375
0 0.8558593750000001 0.5595703125 0.06328125 0.08203125
2 0.779296875 0.533203125 0.02890625 0.041015625
0 0.78671875 0.8720703125 0.059375000000000004 0.08203125
0 0.7859375000000001 0.724609375 0.06406250000000001 0.080078125
0 0.8835937500000001 0.943359375 0.0578125 0.080078125
2 0.56875 0.53369140625 0.03125 0.0419921875
0 0.9148437500000001 0.275390625 0.060937500000000006 0.0859375
0 0.7097656250000001 0.15087890625 0.049218750000000006 0.0595703125
2 0.24296875 0.19189453125 0.0328125 0.0478515625
2 0.115625 0.76513671875 0.029687500000000002 0.0439453125
2 0.090234375 0.5576171875 0.032031250000000004 0.05078125
2 0.10390625 0.39306640625 0.035937500000000004 0.0361328125
2 0.09062500000000001 0.8857421875 0.0328125 0.052734375
0 0.5066406250000001 0.892578125 0.06015625 0.06640625
2 0.5417968750000001 0.63427734375 0.032031250000000004 0.0400390625
2 0.6414062500000001 0.6796875 0.0390625 0.048828125
0 0.259375 0.9658203125 0.06875 0.06640625
2 0.7367187500000001 0.611328125 0.035937500000000004 0.044921875
3 0.7625000000000001 0.3583984375 0.09062500000000001 0.1171875
2 0.73203125 0.48046875 0.0328125 0.04296875