0 0.5 0.6083984375 0.08281250000000001 0.10546875
0 0.6179687500000001 0.3623046875 0.0734375 0.08984375
2 0.76875 0.3251953125 0.037500000000000006 0.04296875
0 0.8441406250000001 0.27587890625 0.05234375 0.0654296875
0 0.248046875 0.30419921875 0.07265625 0.0908203125
4 0.08476562500000001 0.171875 0.05234375 0.0625
2 0.369140625 0.9736328125 0.039843750000000004 0.05078125
0 0.584375 0.61181640625 0.046875 0.0595703125
0 0.534765625 0.732421875 0.04609375 0.0625
2 0.5964843750000001 0.25244140625 0.02890625 0.0341796875
0 0.8625 0.61083984375 0.07968750000000001 0.1142578125
0 0.880078125 0.4697265625 0.047656250000000004 0.072265625
2 0.10429687500000001 0.7587890625 0.03359375 0.0390625
2 0.158203125 0.501953125 0.03671875 0.041015625
2 0.12578125 0.62841796875 0.029687500000000002 0.0419921875
0 0.11015625000000001 0.27880859375 0.060937500000000006 0.0712890625
0 0.7546875000000001 0.8525390625 0.040625 0.05078125
0 0.058203125 0.4208984375 0.055468750000000004 0.052734375
2 0.133203125 0.5625 0.030468750000000003 0.037109375
3 0.1625 0.35546875 0.0421875 0.05859375
2 0.16796875 0.1953125 0.03125 0.041015625
0 0.52890625 0.505859375 0.0484375 0.060546875
1 0.923828125 0.56591796875 0.02734375 0.0341796875
0 0.925390625 0.7939453125 0.05859375 0.08203125
2 0.42617187500000003 0.2666015625 0.030468750000000003 0.03515625
4 0.026171875 0.03564453125 0.05078125 0.0712890625
4 0.2421875 0.2109375 0.0578125 0.080078125