0 0.08085937500000001 0.2607421875 0.06796875000000001 0.0859375
0 0.26992187500000003 0.2939453125 0.057031250000000006 0.087890625
0 0.562109375 0.162109375 0.07890625000000001 0.103515625
0 0.4625 0.2802734375 0.0625 0.078125
0 0.562109375 0.36865234375 0.055468750000000004 0.0751953125
0 0.548046875 0.5576171875 0.09765625 0.12890625
0 0.822265625 0.60791015625 0.06328125 0.0810546875
0 0.81015625 0.0703125 0.0484375 0.060546875
0 0.9031250000000001 0.05908203125 0.046875 0.0673828125
0 0.48984375 0.82470703125 0.059375000000000004 0.0849609375
0 0.343359375 0.78271484375 0.07109375 0.0830078125
0 0.05078125 0.646484375 0.053125000000000006 0.0625
2 0.384375 0.47265625 0.026562500000000003 0.04296875
2 0.35234375 0.322265625 0.034375 0.037109375
2 0.37031250000000004 0.21240234375 0.029687500000000002 0.0380859375
2 0.7894531250000001 0.765625 0.03359375 0.04296875
0 0.198046875 0.93798828125 0.06171875 0.0849609375
0 0.237109375 0.82177734375 0.05234375 0.0712890625
2 0.20664062500000002 0.18798828125 0.03515625 0.0458984375
4 0.676953125 0.3154296875 0.06328125 0.078125
0 0.08046875 0.10009765625 0.06406250000000001 0.0849609375
0 0.646484375 0.4560546875 0.047656250000000004 0.064453125
2 0.866796875 0.357421875 0.02890625 0.041015625
2 0.74765625 0.46044921875 0.028125 0.0400390625
2 0.82734375 0.81689453125 0.0328125 0.0380859375
2 0.43203125000000003 0.6943359375 0.029687500000000002 0.044921875
2 0.41640625000000003 0.14306640625 0.037500000000000006 0.0478515625
2 0.7273437500000001 0.92138671875 0.03125 0.0380859375
2 0.90546875 0.81689453125 0.03125 0.0400390625
4 0.10117187500000001 0.96875 0.06171875 0.060546875
2 0.67578125 0.3837890625 0.0328125 0.0390625
0 0.693359375 0.80419921875 0.06640625 0.0869140625
0 0.121484375 0.68359375 0.06171875 0.07421875
2 0.074609375 0.560546875 0.02890625 0.0390625