0 0.632421875 0.5615234375 0.08828125 0.10546875
0 0.46953125 0.751953125 0.0765625 0.107421875
0 0.191796875 0.43212890625 0.07265625 0.0888671875
0 0.19296875000000002 0.5517578125 0.0578125 0.072265625
0 0.10859375 0.06640625 0.059375000000000004 0.080078125
0 0.728515625 0.3955078125 0.06171875 0.072265625
2 0.694921875 0.88427734375 0.03828125 0.0517578125
2 0.261328125 0.447265625 0.032031250000000004 0.0390625
2 0.5222656250000001 0.10498046875 0.032031250000000004 0.0419921875
2 0.704296875 0.05908203125 0.041406250000000006 0.0517578125
1 0.815625 0.16162109375 0.029687500000000002 0.0419921875
1 0.89375 0.1806640625 0.03125 0.0390625
2 0.37343750000000003 0.59375 0.0390625 0.048828125
2 0.2625 0.6298828125 0.040625 0.04296875
0 0.271484375 0.68701171875 0.05078125 0.0732421875
2 0.6156250000000001 0.763671875 0.0390625 0.05078125
2 0.341796875 0.78662109375 0.02890625 0.0419921875
0 0.2109375 0.04833984375 0.065625 0.0927734375
2 0.27109375 0.12353515625 0.034375 0.0439453125
0 0.7117187500000001 0.52197265625 0.0734375 0.0810546875
4 0.947265625 0.07080078125 0.06953125 0.0888671875
2 0.7757812500000001 0.66064453125 0.040625 0.0478515625
2 0.5 0.87060546875 0.035937500000000004 0.0400390625
2 0.09843750000000001 0.8388671875 0.037500000000000006 0.052734375
1 0.21445312500000002 0.66650390625 0.02890625 0.0439453125
2 0.8191406250000001 0.27587890625 0.03828125 0.0439453125
0 0.47734375 0.41796875 0.06406250000000001 0.08984375
2 0.901953125 0.93603515625 0.030468750000000003 0.0380859375
0 0.581640625 0.93310546875 0.06640625 0.0791015625
1 0.616796875 0.80419921875 0.02734375 0.0341796875
4 0.0734375 0.16015625 0.08750000000000001 0.11328125
2 0.7582031250000001 0.20703125 0.02890625 0.046875