4 0.8046875 0.72412109375 0.05625 0.0771484375
4 0.630859375 0.48681640625 0.07890625000000001 0.0888671875
4 0.49453125000000003 0.6533203125 0.06875 0.099609375
4 0.63828125 0.80029296875 0.06406250000000001 0.0888671875
4 0.57421875 0.591796875 0.0625 0.078125
4 0.7898437500000001 0.13916015625 0.05625 0.0732421875
2 0.8359375 0.23876953125 0.035937500000000004 0.0517578125
1 0.59140625 0.80810546875 0.028125 0.0380859375
0 0.455859375 0.935546875 0.06328125 0.072265625
1 0.8984375 0.38623046875 0.026562500000000003 0.0380859375
0 0.8523437500000001 0.39990234375 0.05625 0.0595703125
3 0.708984375 0.9482421875 0.09453125000000001 0.1015625
0 0.6984375 0.689453125 0.045312500000000006 0.0625
3 0.7359375 0.125 0.0625 0.07421875