0 0.22031250000000002 0.833984375 0.1046875 0.119140625
0 0.308203125 0.93603515625 0.08671875000000001 0.1162109375
0 0.56171875 0.912109375 0.0625 0.072265625
0 0.78515625 0.13818359375 0.065625 0.1103515625
0 0.8515625 0.12646484375 0.053125000000000006 0.0849609375
0 0.89453125 0.0888671875 0.051562500000000004 0.083984375
0 0.8796875000000001 0.30859375 0.09062500000000001 0.09765625
0 0.955078125 0.20263671875 0.05859375 0.1005859375
0 0.8921875 0.57373046875 0.05625 0.0712890625
2 0.480078125 0.30322265625 0.03828125 0.0419921875
2 0.25703125 0.63134765625 0.034375 0.0458984375
2 0.515234375 0.4638671875 0.04296875 0.052734375
2 0.48046875 0.89794921875 0.0390625 0.0439453125
1 0.7796875000000001 0.46044921875 0.026562500000000003 0.0439453125
1 0.5203125000000001 0.09912109375 0.037500000000000006 0.0458984375
2 0.115234375 0.21240234375 0.03515625 0.0458984375
0 0.8375 0.4609375 0.0671875 0.06640625
0 0.91328125 0.49462890625 0.045312500000000006 0.0693359375
0 0.935546875 0.421875 0.05078125 0.0625
0 0.078125 0.11083984375 0.0578125 0.0615234375
2 0.10820312500000001 0.583984375 0.03671875 0.0546875
2 0.81953125 0.9189453125 0.043750000000000004 0.048828125
2 0.8484375000000001 0.3974609375 0.0328125 0.04296875
0 0.8425781250000001 0.21728515625 0.06171875 0.0771484375
0 0.970703125 0.0361328125 0.057031250000000006 0.072265625
2 0.708984375 0.7978515625 0.03359375 0.04296875