0 0.417578125 0.27978515625 0.08046875 0.1025390625
0 0.13789062500000002 0.2041015625 0.07421875 0.087890625
0 0.7503906250000001 0.5966796875 0.08984375 0.11328125
0 0.9460937500000001 0.50244140625 0.07187500000000001 0.0947265625
0 0.19921875 0.9609375 0.059375000000000004 0.076171875
0 0.14765625000000002 0.41845703125 0.053125000000000006 0.0712890625
2 0.35195312500000003 0.66748046875 0.041406250000000006 0.0419921875
2 0.7019531250000001 0.7978515625 0.03828125 0.05078125
0 0.06328125 0.6337890625 0.0578125 0.07421875
2 0.29531250000000003 0.96533203125 0.037500000000000006 0.0458984375
2 0.23007812500000002 0.17041015625 0.03515625 0.0400390625
2 0.25546875 0.4130859375 0.03125 0.04296875
1 0.7214843750000001 0.03466796875 0.03359375 0.0458984375