0 0.16171875000000002 0.09521484375 0.07968750000000001 0.1103515625
4 0.209765625 0.23388671875 0.057031250000000006 0.0751953125
0 0.118359375 0.51220703125 0.07109375 0.0927734375
0 0.63046875 0.26318359375 0.059375000000000004 0.0849609375
0 0.814453125 0.67431640625 0.07734375 0.1201171875
0 0.7140625 0.8359375 0.07187500000000001 0.115234375
4 0.9046875000000001 0.8623046875 0.0484375 0.0625
4 0.9625 0.93017578125 0.053125000000000006 0.0751953125
2 0.45351562500000003 0.84326171875 0.04296875 0.0478515625
2 0.8816406250000001 0.935546875 0.030468750000000003 0.05078125
0 0.4296875 0.66357421875 0.0546875 0.0732421875
2 0.6511718750000001 0.513671875 0.03828125 0.0390625
4 0.4625 0.40771484375 0.0625 0.0810546875
0 0.052734375 0.3408203125 0.047656250000000004 0.07421875
0 0.47500000000000003 0.7998046875 0.0484375 0.0625
2 0.666015625 0.59912109375 0.03671875 0.0419921875
2 0.8734375000000001 0.505859375 0.035937500000000004 0.041015625
2 0.9773437500000001 0.5498046875 0.029687500000000002 0.037109375
2 0.962890625 0.57763671875 0.02890625 0.0419921875
2 0.981640625 0.6240234375 0.03515625 0.037109375