0 0.6640625 0.0673828125 0.08750000000000001 0.123046875
0 0.898046875 0.64892578125 0.06640625 0.0927734375
0 0.708984375 0.8203125 0.06953125 0.080078125
0 0.39453125 0.68017578125 0.078125 0.1005859375
0 0.31328125 0.84423828125 0.06875 0.0927734375
0 0.17109375000000002 0.189453125 0.07187500000000001 0.08203125
2 0.19765625 0.3408203125 0.037500000000000006 0.052734375
0 0.5046875000000001 0.56689453125 0.059375000000000004 0.0751953125
2 0.54921875 0.849609375 0.029687500000000002 0.041015625
2 0.8167968750000001 0.75 0.030468750000000003 0.044921875
2 0.241015625 0.4375 0.030468750000000003 0.048828125
2 0.29453125 0.439453125 0.034375 0.046875
2 0.9085937500000001 0.24462890625 0.040625 0.0458984375
2 0.739453125 0.16552734375 0.032031250000000004 0.0458984375
2 0.919921875 0.1708984375 0.039843750000000004 0.044921875
2 0.9656250000000001 0.427734375 0.034375 0.04296875
2 0.12070312500000001 0.552734375 0.039843750000000004 0.046875
4 0.7917968750000001 0.62060546875 0.05859375 0.0771484375
4 0.8234375 0.88671875 0.06406250000000001 0.083984375
2 0.6957031250000001 0.15478515625 0.03359375 0.0478515625
2 0.9769531250000001 0.04345703125 0.03359375 0.0400390625