0 0.8480468750000001 0.62939453125 0.08984375 0.0986328125
0 0.8171875000000001 0.75732421875 0.1078125 0.1728515625
0 0.44921875 0.716796875 0.059375000000000004 0.083984375
2 0.9695312500000001 0.73046875 0.035937500000000004 0.048828125
2 0.91171875 0.2529296875 0.043750000000000004 0.0546875
2 0.833203125 0.1875 0.04296875 0.052734375
2 0.56953125 0.14990234375 0.040625 0.0537109375
0 0.069140625 0.1240234375 0.05859375 0.078125
0 0.759765625 0.6748046875 0.05234375 0.07421875
0 0.40273437500000003 0.6337890625 0.08828125 0.119140625
2 0.26171875 0.255859375 0.043750000000000004 0.04296875