0 0.0578125 0.3623046875 0.053125000000000006 0.0703125
0 0.12578125 0.67919921875 0.08125 0.0966796875
0 0.2484375 0.46533203125 0.07187500000000001 0.0810546875
3 0.215234375 0.36279296875 0.08203125 0.0927734375
0 0.6449218750000001 0.61083984375 0.08046875 0.0966796875
0 0.919140625 0.43017578125 0.05859375 0.0732421875
0 0.95859375 0.36962890625 0.0671875 0.0927734375
0 0.895703125 0.3583984375 0.06171875 0.06640625
0 0.7777343750000001 0.26904296875 0.05234375 0.0654296875
2 0.5964843750000001 0.76123046875 0.03828125 0.0478515625
2 0.524609375 0.26171875 0.039843750000000004 0.05078125
0 0.892578125 0.82080078125 0.057031250000000006 0.0751953125
0 0.821875 0.8154296875 0.0625 0.07421875
2 0.581640625 0.873046875 0.05234375 0.04296875
0 0.683203125 0.1962890625 0.05390625 0.07421875
4 0.775 0.072265625 0.046875 0.05859375
2 0.2765625 0.9150390625 0.0390625 0.052734375
2 0.7367187500000001 0.88525390625 0.037500000000000006 0.0361328125
2 0.7546875000000001 0.48681640625 0.0328125 0.0458984375
2 0.7699218750000001 0.583984375 0.03671875 0.04296875
2 0.4578125 0.2138671875 0.040625 0.046875
2 0.42617187500000003 0.8525390625 0.04296875 0.046875
2 0.8617187500000001 0.63134765625 0.037500000000000006 0.0419921875