0 0.6332031250000001 0.3115234375 0.08359375000000001 0.109375
0 0.537109375 0.45458984375 0.09765625 0.1298828125
0 0.132421875 0.640625 0.06328125 0.076171875
0 0.46796875000000004 0.837890625 0.0484375 0.064453125
0 0.864453125 0.78369140625 0.05859375 0.0810546875
0 0.909765625 0.8681640625 0.07421875 0.08203125
0 0.753125 0.1435546875 0.06406250000000001 0.0859375
0 0.43867187500000004 0.20654296875 0.049218750000000006 0.0576171875
0 0.381640625 0.37646484375 0.049218750000000006 0.0634765625
0 0.44960937500000003 0.15478515625 0.057031250000000006 0.0595703125
2 0.58125 0.16845703125 0.037500000000000006 0.0498046875
2 0.8816406250000001 0.33154296875 0.03671875 0.0439453125
2 0.39375000000000004 0.70068359375 0.037500000000000006 0.0419921875
2 0.335546875 0.31201171875 0.03515625 0.0517578125
4 0.70234375 0.07470703125 0.0671875 0.0830078125
0 0.25078125 0.12744140625 0.05 0.0537109375
2 0.80390625 0.5732421875 0.029687500000000002 0.041015625
2 0.855078125 0.56640625 0.03828125 0.0390625
2 0.819921875 0.70263671875 0.032031250000000004 0.0380859375
2 0.61640625 0.68310546875 0.03125 0.0400390625
2 0.8402343750000001 0.19189453125 0.030468750000000003 0.0419921875
2 0.625 0.1552734375 0.026562500000000003 0.03515625
2 0.27421875 0.0751953125 0.037500000000000006 0.0390625
2 0.40742187500000004 0.02587890625 0.039843750000000004 0.0361328125
2 0.30976562500000004 0.14990234375 0.03359375 0.0458984375
2 0.7035156250000001 0.95166015625 0.02890625 0.0419921875
2 0.65390625 0.56884765625 0.028125 0.0400390625
2 0.083203125 0.74072265625 0.030468750000000003 0.0419921875
2 0.51015625 0.0185546875 0.0328125 0.033203125
0 0.6101562500000001 0.50390625 0.051562500000000004 0.06640625
2 0.491015625 0.7841796875 0.03671875 0.041015625
0 0.808203125 0.9345703125 0.047656250000000004 0.0546875
2 0.77109375 0.74658203125 0.03125 0.0400390625