4 0.886328125 0.49853515625 0.06640625 0.0869140625
3 0.573828125 0.32177734375 0.12265625000000001 0.1337890625
4 0.178515625 0.29443359375 0.09140625000000001 0.1025390625
3 0.478515625 0.74755859375 0.08203125 0.1123046875
2 0.719921875 0.9296875 0.04453125 0.056640625
3 0.66953125 0.50244140625 0.1078125 0.1376953125
1 0.41640625000000003 0.68701171875 0.037500000000000006 0.0380859375
4 0.7035156250000001 0.86669921875 0.06484375 0.0712890625
3 0.8890625000000001 0.3310546875 0.15000000000000002 0.169921875
1 0.111328125 0.19677734375 0.030468750000000003 0.0439453125
3 0.308203125 0.3681640625 0.15703125 0.193359375
0 0.28554687500000003 0.0634765625 0.05234375 0.064453125
0 0.6136718750000001 0.16650390625 0.05078125 0.0615234375
0 0.80390625 0.5341796875 0.0546875 0.064453125
1 0.8171875000000001 0.9306640625 0.035937500000000004 0.0390625
3 0.9640625 0.55029296875 0.0703125 0.1083984375
1 0.8765625 0.22607421875 0.034375 0.0322265625
2 0.505859375 0.52880859375 0.041406250000000006 0.0537109375