0 0.68125 0.7080078125 0.07187500000000001 0.09765625
0 0.817578125 0.71630859375 0.06328125 0.0830078125
0 0.76484375 0.57568359375 0.0671875 0.0771484375
0 0.708203125 0.51806640625 0.057031250000000006 0.0673828125
0 0.73359375 0.32861328125 0.0703125 0.0771484375
0 0.59140625 0.43896484375 0.0578125 0.0654296875
0 0.1640625 0.2626953125 0.084375 0.125
0 0.11640625 0.16748046875 0.0890625 0.0869140625
2 0.6253906250000001 0.82666015625 0.03671875 0.0498046875
2 0.8445312500000001 0.41064453125 0.034375 0.0439453125
0 0.650390625 0.9228515625 0.05390625 0.0703125
0 0.06992187500000001 0.69580078125 0.05234375 0.0673828125
2 0.49375 0.67626953125 0.03125 0.0400390625
2 0.598828125 0.49267578125 0.02890625 0.0419921875
0 0.48554687500000004 0.2724609375 0.04453125 0.056640625
2 0.23984375000000002 0.8056640625 0.03125 0.041015625
2 0.977734375 0.681640625 0.03671875 0.04296875
0 0.665234375 0.279296875 0.06015625 0.07421875
2 0.7816406250000001 0.10205078125 0.03359375 0.0400390625
2 0.069140625 0.03662109375 0.02890625 0.0400390625
2 0.56640625 0.8603515625 0.03125 0.041015625
2 0.96640625 0.47607421875 0.035937500000000004 0.0458984375
0 0.071484375 0.84716796875 0.049218750000000006 0.0576171875
2 0.27968750000000003 0.8671875 0.03125 0.044921875
2 0.8609375 0.0234375 0.0390625 0.037109375
2 0.8207031250000001 0.02197265625 0.03359375 0.0400390625
2 0.973828125 0.08837890625 0.032031250000000004 0.0478515625
0 0.5625 0.3017578125 0.051562500000000004 0.052734375
2 0.022656250000000003 0.71923828125 0.028125 0.0419921875