0 0.43476562500000004 0.8203125 0.06484375 0.091796875
0 0.46718750000000003 0.947265625 0.07968750000000001 0.091796875
0 0.56875 0.9267578125 0.065625 0.087890625
0 0.55234375 0.74658203125 0.0671875 0.0732421875
0 0.658203125 0.4765625 0.07265625 0.083984375
0 0.8230468750000001 0.54736328125 0.06796875000000001 0.0849609375
2 0.21601562500000002 0.86865234375 0.041406250000000006 0.0419921875
3 0.31640625 0.9013671875 0.065625 0.08984375
2 0.40351562500000004 0.64599609375 0.030468750000000003 0.0341796875
0 0.562109375 0.36376953125 0.055468750000000004 0.0712890625
1 0.36562500000000003 0.08984375 0.03125 0.048828125
2 0.5328125 0.5302734375 0.028125 0.041015625
2 0.160546875 0.2763671875 0.03359375 0.037109375
2 0.346484375 0.5908203125 0.032031250000000004 0.041015625
0 0.769140625 0.74609375 0.05078125 0.068359375
2 0.6433593750000001 0.94580078125 0.030468750000000003 0.0419921875
2 0.390625 0.392578125 0.028125 0.04296875
2 0.25703125 0.47607421875 0.0328125 0.0400390625