0 0.6003906250000001 0.41162109375 0.08515625 0.1181640625
0 0.8792968750000001 0.06884765625 0.07734375 0.0869140625
0 0.318359375 0.27880859375 0.08671875000000001 0.1162109375
0 0.35195312500000003 0.64404296875 0.08203125 0.1044921875
0 0.38398437500000004 0.21875 0.05234375 0.076171875
0 0.091015625 0.63916015625 0.057031250000000006 0.0576171875
4 0.053125000000000006 0.78857421875 0.046875 0.0576171875
0 0.398046875 0.38330078125 0.05234375 0.0615234375
2 0.31289062500000003 0.55712890625 0.032031250000000004 0.0439453125
2 0.24921875000000002 0.52294921875 0.03125 0.0419921875
2 0.1765625 0.5615234375 0.028125 0.0390625
0 0.7035156250000001 0.36767578125 0.05078125 0.0712890625
2 0.103515625 0.05615234375 0.03515625 0.0419921875
0 0.9378906250000001 0.80712890625 0.055468750000000004 0.0927734375
2 0.6921875000000001 0.77978515625 0.035937500000000004 0.0361328125
2 0.805859375 0.63623046875 0.02890625 0.0439453125
2 0.8324218750000001 0.1416015625 0.03359375 0.046875
2 0.41054687500000003 0.92041015625 0.03359375 0.0400390625
2 0.1203125 0.28125 0.028125 0.0390625
0 0.43125 0.31396484375 0.05625 0.0732421875
2 0.048828125 0.96826171875 0.03359375 0.0439453125
0 0.46718750000000003 0.556640625 0.053125000000000006 0.068359375
3 0.8546875 0.27392578125 0.078125 0.0986328125
2 0.7464843750000001 0.3193359375 0.030468750000000003 0.0390625