0 0.290625 0.095703125 0.09375 0.107421875
0 0.586328125 0.77734375 0.09765625 0.1171875
0 0.447265625 0.42919921875 0.05234375 0.0810546875
0 0.49296875 0.4482421875 0.0546875 0.078125
0 0.8375 0.45068359375 0.05625 0.0693359375
2 0.9234375 0.41162109375 0.035937500000000004 0.0517578125
0 0.197265625 0.80859375 0.06328125 0.060546875
0 0.503125 0.89697265625 0.05 0.0732421875
0 0.24375000000000002 0.92041015625 0.059375000000000004 0.0751953125
0 0.170703125 0.88720703125 0.047656250000000004 0.0673828125
0 0.22578125000000002 0.533203125 0.053125000000000006 0.07421875
2 0.5859375 0.25927734375 0.028125 0.0458984375
2 0.900390625 0.5751953125 0.03671875 0.048828125
2 0.378515625 0.25439453125 0.03359375 0.0419921875
2 0.362890625 0.61669921875 0.032031250000000004 0.0380859375
2 0.37421875000000004 0.5107421875 0.0328125 0.037109375
2 0.38671875 0.544921875 0.0328125 0.03125
2 0.562890625 0.49658203125 0.03359375 0.0380859375
0 0.130859375 0.8486328125 0.05859375 0.078125
2 0.755078125 0.1142578125 0.03359375 0.0390625
2 0.810546875 0.22314453125 0.030468750000000003 0.0458984375
2 0.84375 0.052734375 0.03125 0.046875
0 0.724609375 0.16064453125 0.04453125 0.0576171875
2 0.6000000000000001 0.18994140625 0.03125 0.0419921875
2 0.775 0.337890625 0.029687500000000002 0.0390625
2 0.23945312500000002 0.6533203125 0.030468750000000003 0.037109375
0 0.43476562500000004 0.56201171875 0.03671875 0.0556640625
2 0.016796875 0.50927734375 0.032031250000000004 0.0380859375
2 0.44609375 0.94189453125 0.029687500000000002 0.0419921875
2 0.376953125 0.9228515625 0.02734375 0.0390625
2 0.11796875000000001 0.1796875 0.034375 0.044921875
2 0.7894531250000001 0.46044921875 0.032031250000000004 0.0380859375
1 0.9105468750000001 0.2421875 0.032031250000000004 0.041015625