0 0.65390625 0.2783203125 0.07968750000000001 0.0859375
0 0.62265625 0.671875 0.0578125 0.0859375
0 0.594140625 0.80126953125 0.06640625 0.0810546875
0 0.48828125 0.77783203125 0.0484375 0.0751953125
3 0.43984375000000003 0.44189453125 0.09531250000000001 0.1259765625
0 0.887890625 0.484375 0.05859375 0.076171875
0 0.15156250000000002 0.19482421875 0.065625 0.0751953125
0 0.19062500000000002 0.2548828125 0.046875 0.064453125
0 0.05625 0.205078125 0.05625 0.072265625
0 0.401171875 0.23095703125 0.05390625 0.0791015625
4 0.06953125 0.7109375 0.0578125 0.064453125
2 0.8500000000000001 0.90625 0.03125 0.037109375
2 0.97578125 0.93994140625 0.0390625 0.0419921875
2 0.7410156250000001 0.681640625 0.039843750000000004 0.046875
0 0.5125000000000001 0.43994140625 0.065625 0.0712890625
2 0.41171875 0.64453125 0.029687500000000002 0.041015625
2 0.4609375 0.70361328125 0.026562500000000003 0.0361328125
2 0.808203125 0.86279296875 0.03359375 0.0498046875
0 0.109375 0.80126953125 0.05 0.0576171875
2 0.6742187500000001 0.71142578125 0.035937500000000004 0.0380859375
2 0.73984375 0.46923828125 0.034375 0.0380859375
0 0.59296875 0.09423828125 0.0546875 0.0556640625
2 0.7328125000000001 0.04345703125 0.028125 0.0439453125
2 0.67734375 0.1982421875 0.0328125 0.037109375
2 0.5027343750000001 0.17724609375 0.03828125 0.0439453125
2 0.5578125 0.2353515625 0.037500000000000006 0.046875
2 0.184375 0.134765625 0.03125 0.041015625
0 0.19062500000000002 0.79638671875 0.053125000000000006 0.0595703125
2 0.7453125 0.92041015625 0.037500000000000006 0.0458984375
2 0.786328125 0.80078125 0.03359375 0.041015625
0 0.34921875 0.19287109375 0.0625 0.0693359375
2 0.10234375000000001 0.341796875 0.029687500000000002 0.0390625
2 0.41054687500000003 0.73486328125 0.03359375 0.0419921875
2 0.701171875 0.63330078125 0.032031250000000004 0.0400390625
0 0.9496093750000001 0.419921875 0.05390625 0.078125
2 0.952734375 0.7177734375 0.03359375 0.046875