0 0.68515625 0.529296875 0.11406250000000001 0.13671875
0 0.645703125 0.42919921875 0.08828125 0.1103515625
0 0.498046875 0.54248046875 0.21796875000000002 0.2373046875
0 0.962109375 0.68798828125 0.06484375 0.0908203125
4 0.8074218750000001 0.52587890625 0.049218750000000006 0.0634765625
3 0.8109375000000001 0.23486328125 0.259375 0.3427734375
0 0.503515625 0.70703125 0.11328125 0.1171875
0 0.094140625 0.2900390625 0.04296875 0.05078125
2 0.155078125 0.8984375 0.02890625 0.03515625
4 0.626171875 0.291015625 0.04296875 0.056640625
0 0.618359375 0.74853515625 0.07578125000000001 0.1083984375
1 0.26406250000000003 0.8427734375 0.028125 0.0390625
4 0.640625 0.1025390625 0.0578125 0.05859375