0 0.4109375 0.63916015625 0.0671875 0.0771484375
0 0.3328125 0.64208984375 0.0859375 0.1201171875
1 0.6273437500000001 0.28759765625 0.0390625 0.0478515625
1 0.2734375 0.43115234375 0.05 0.0576171875
2 0.412109375 0.859375 0.05078125 0.05859375
2 0.455078125 0.9609375 0.05078125 0.056640625
2 0.21953125 0.0537109375 0.045312500000000006 0.052734375
2 0.6492187500000001 0.0517578125 0.040625 0.05078125
2 0.286328125 0.95703125 0.04453125 0.048828125
1 0.141015625 0.544921875 0.03671875 0.04296875
1 0.615234375 0.5498046875 0.03515625 0.04296875
1 0.9453125 0.1103515625 0.037500000000000006 0.041015625
1 0.9144531250000001 0.287109375 0.03671875 0.04296875
0 0.35703125 0.13916015625 0.0546875 0.0634765625
3 0.72265625 0.55078125 0.06406250000000001 0.0859375
1 0.21250000000000002 0.56396484375 0.0421875 0.0498046875
4 0.88671875 0.15771484375 0.0578125 0.0693359375
1 0.465625 0.61328125 0.03125 0.037109375
1 0.338671875 0.5576171875 0.03515625 0.041015625
1 0.26210937500000003 0.67724609375 0.039843750000000004 0.0419921875