0 0.6156250000000001 0.28759765625 0.059375000000000004 0.0673828125
2 0.58984375 0.216796875 0.051562500000000004 0.05078125
1 0.562109375 0.177734375 0.041406250000000006 0.044921875
0 0.33125000000000004 0.29443359375 0.0625 0.0712890625
0 0.66015625 0.25390625 0.043750000000000004 0.08203125
2 0.03125 0.77685546875 0.0390625 0.0576171875
2 0.039843750000000004 0.6806640625 0.0390625 0.056640625
2 0.22421875000000002 0.61962890625 0.040625 0.0576171875
4 0.325 0.556640625 0.0578125 0.07421875
2 0.198046875 0.365234375 0.049218750000000006 0.05859375
2 0.44179687500000003 0.9541015625 0.04609375 0.056640625
2 0.6488281250000001 0.54638671875 0.04296875 0.0537109375
1 0.866796875 0.41357421875 0.03515625 0.0419921875
1 0.29140625000000003 0.40087890625 0.03125 0.0458984375
0 0.26953125 0.45361328125 0.0546875 0.0771484375
0 0.946875 0.91748046875 0.0578125 0.0693359375
1 0.67890625 0.7802734375 0.035937500000000004 0.041015625
0 0.720703125 0.875 0.055468750000000004 0.076171875
1 0.43007812500000003 0.755859375 0.030468750000000003 0.04296875
1 0.17500000000000002 0.650390625 0.035937500000000004 0.046875
0 0.33906250000000004 0.359375 0.060937500000000006 0.072265625
1 0.890234375 0.9052734375 0.032031250000000004 0.041015625
0 0.7125 0.23193359375 0.065625 0.0732421875