0 0.75546875 0.71484375 0.05 0.064453125
4 0.6746093750000001 0.783203125 0.07578125000000001 0.0859375
4 0.5125000000000001 0.16162109375 0.06406250000000001 0.0791015625
4 0.637890625 0.244140625 0.06015625 0.08203125
2 0.58125 0.8671875 0.045312500000000006 0.044921875
4 0.20859375000000002 0.9326171875 0.0671875 0.087890625
4 0.246484375 0.2353515625 0.06328125 0.083984375
2 0.24609375 0.60400390625 0.035937500000000004 0.0517578125
2 0.288671875 0.61572265625 0.04296875 0.0517578125
2 0.34414062500000003 0.68408203125 0.049218750000000006 0.0673828125
2 0.958203125 0.57958984375 0.03828125 0.0576171875
0 0.1921875 0.27197265625 0.051562500000000004 0.0751953125
2 0.09921875000000001 0.10009765625 0.045312500000000006 0.0595703125
0 0.298046875 0.93212890625 0.055468750000000004 0.0673828125
2 0.150390625 0.18359375 0.03515625 0.052734375
2 0.12109375 0.1728515625 0.034375 0.056640625
1 0.7566406250000001 0.59716796875 0.032031250000000004 0.0400390625
0 0.734375 0.400390625 0.051562500000000004 0.068359375
0 0.80859375 0.4072265625 0.051562500000000004 0.07421875
1 0.31562500000000004 0.798828125 0.0390625 0.046875