1 0.43828125 0.2421875 0.0421875 0.046875
1 0.41718750000000004 0.38818359375 0.045312500000000006 0.0458984375
2 0.7132812500000001 0.73828125 0.045312500000000006 0.056640625
2 0.7722656250000001 0.6796875 0.039843750000000004 0.048828125
2 0.9773437500000001 0.5439453125 0.043750000000000004 0.056640625
4 0.330859375 0.70947265625 0.07265625 0.0751953125
4 0.2484375 0.84619140625 0.0625 0.0712890625
2 0.683203125 0.0556640625 0.03828125 0.052734375
2 0.620703125 0.0908203125 0.03515625 0.048828125
2 0.51328125 0.5322265625 0.046875 0.05078125
2 0.76171875 0.59716796875 0.034375 0.0478515625
2 0.06171875 0.24853515625 0.045312500000000006 0.0634765625
2 0.22031250000000002 0.5009765625 0.0390625 0.048828125
1 0.5535156250000001 0.255859375 0.032031250000000004 0.046875
2 0.9363281250000001 0.64306640625 0.047656250000000004 0.0556640625
1 0.6664062500000001 0.447265625 0.0421875 0.04296875
0 0.311328125 0.779296875 0.05234375 0.05859375
4 0.57734375 0.8427734375 0.07187500000000001 0.09375
4 0.6316406250000001 0.79638671875 0.06171875 0.0791015625
1 0.26601562500000003 0.24853515625 0.03671875 0.0478515625
1 0.446875 0.67333984375 0.03125 0.0380859375
1 0.3328125 0.181640625 0.0390625 0.046875
1 0.837109375 0.255859375 0.03515625 0.048828125
4 0.17421875 0.8623046875 0.060937500000000006 0.08203125
1 0.683203125 0.5810546875 0.032031250000000004 0.048828125
1 0.9710937500000001 0.82763671875 0.0328125 0.0439453125