0 0.40664062500000003 0.39599609375 0.06640625 0.0498046875
0 0.6097656250000001 0.43798828125 0.06796875000000001 0.0634765625
0 0.52578125 0.48193359375 0.043750000000000004 0.0712890625
4 0.2984375 0.54833984375 0.06406250000000001 0.0849609375
2 0.5109375 0.62744140625 0.0421875 0.0556640625
0 0.43125 0.22705078125 0.0734375 0.0966796875
0 0.265625 0.40380859375 0.0671875 0.0712890625
2 0.6316406250000001 0.328125 0.03828125 0.044921875
2 0.6257812500000001 0.4931640625 0.037500000000000006 0.046875
2 0.8441406250000001 0.626953125 0.04453125 0.056640625
1 0.9324218750000001 0.56396484375 0.03359375 0.0458984375
1 0.6421875 0.68310546875 0.03125 0.0419921875
0 0.49843750000000003 0.3935546875 0.0484375 0.0546875
0 0.91015625 0.2861328125 0.059375000000000004 0.056640625
2 0.572265625 0.5361328125 0.05234375 0.0546875
2 0.65 0.1005859375 0.035937500000000004 0.052734375
2 0.22734375 0.92333984375 0.043750000000000004 0.0615234375
1 0.72265625 0.45458984375 0.028125 0.0361328125
2 0.8636718750000001 0.4140625 0.049218750000000006 0.04296875
1 0.1328125 0.56005859375 0.035937500000000004 0.0439453125
1 0.12812500000000002 0.62548828125 0.0390625 0.0419921875
1 0.09335937500000001 0.744140625 0.03671875 0.044921875
1 0.507421875 0.54345703125 0.03828125 0.0478515625
1 0.63203125 0.55224609375 0.03125 0.0380859375
2 0.33203125 0.3701171875 0.037500000000000006 0.048828125
1 0.743359375 0.3017578125 0.03359375 0.044921875
1 0.84375 0.73193359375 0.040625 0.0419921875