2 0.153125 0.4033203125 0.046875 0.05859375
2 0.122265625 0.49365234375 0.055468750000000004 0.0517578125
0 0.50703125 0.82177734375 0.1046875 0.1220703125
2 0.44257812500000004 0.400390625 0.03515625 0.0546875
2 0.44921875 0.3505859375 0.0421875 0.048828125
2 0.5109375 0.912109375 0.045312500000000006 0.044921875
2 0.669140625 0.8359375 0.03671875 0.05859375
2 0.74375 0.6708984375 0.0390625 0.04296875
2 0.651953125 0.564453125 0.03828125 0.046875
2 0.81953125 0.19384765625 0.046875 0.0576171875
2 0.8714843750000001 0.30615234375 0.04453125 0.0556640625
2 0.8523437500000001 0.5068359375 0.037500000000000006 0.048828125
2 0.23515625 0.8701171875 0.053125000000000006 0.05859375
2 0.04296875 0.59716796875 0.046875 0.0576171875
1 0.13359375 0.650390625 0.035937500000000004 0.04296875
1 0.7093750000000001 0.19580078125 0.037500000000000006 0.0400390625
1 0.068359375 0.39404296875 0.03515625 0.0439453125
1 0.20468750000000002 0.09765625 0.0390625 0.041015625
0 0.6527343750000001 0.333984375 0.06796875000000001 0.07421875
1 0.8695312500000001 0.77978515625 0.0328125 0.0380859375
0 0.771484375 0.93994140625 0.055468750000000004 0.0830078125
1 0.46953125 0.6943359375 0.034375 0.046875
2 0.19140625 0.34619140625 0.043750000000000004 0.0517578125
2 0.3046875 0.6826171875 0.043750000000000004 0.060546875
2 0.61484375 0.62353515625 0.034375 0.0498046875
3 0.9203125000000001 0.640625 0.15000000000000002 0.197265625
1 0.126953125 0.56201171875 0.03828125 0.0419921875
1 0.2984375 0.966796875 0.0328125 0.05078125
1 0.865234375 0.24267578125 0.03671875 0.0439453125
0 0.7742187500000001 0.7197265625 0.0484375 0.068359375