4 0.5546875 0.39501953125 0.06875 0.0869140625
3 0.30117187500000003 0.61279296875 0.06953125 0.0888671875
0 0.15976562500000002 0.18896484375 0.05078125 0.0673828125
4 0.2328125 0.14794921875 0.0578125 0.0693359375
4 0.56875 0.51806640625 0.06406250000000001 0.0830078125
0 0.28671875 0.75439453125 0.05 0.0576171875
0 0.110546875 0.82666015625 0.041406250000000006 0.0498046875
0 0.25703125 0.28466796875 0.05625 0.0693359375
0 0.858984375 0.7001953125 0.05078125 0.060546875
0 0.416796875 0.9267578125 0.055468750000000004 0.060546875
0 0.34921875 0.73974609375 0.0546875 0.0634765625
1 0.8093750000000001 0.34375 0.029687500000000002 0.04296875
0 0.3359375 0.9677734375 0.05 0.0625
3 0.14179687500000002 0.39892578125 0.07265625 0.0908203125
0 0.82734375 0.0390625 0.0421875 0.05078125
0 0.6765625000000001 0.10205078125 0.05 0.0576171875
1 0.6484375 0.26318359375 0.034375 0.0419921875
0 0.9675781250000001 0.8701171875 0.04453125 0.06640625
1 0.9539062500000001 0.95556640625 0.026562500000000003 0.0341796875
1 0.608984375 0.10400390625 0.039843750000000004 0.0419921875
1 0.6015625 0.21728515625 0.035937500000000004 0.0341796875
1 0.68515625 0.48974609375 0.026562500000000003 0.0458984375
0 0.67890625 0.6201171875 0.0484375 0.06640625
0 0.6585937500000001 0.5341796875 0.0484375 0.05859375
1 0.48281250000000003 0.2412109375 0.025 0.0390625
1 0.8382812500000001 0.17236328125 0.029687500000000002 0.0380859375
1 0.217578125 0.80224609375 0.02890625 0.0400390625
3 0.070703125 0.39111328125 0.08359375000000001 0.0927734375
2 0.969921875 0.537109375 0.03671875 0.056640625
1 0.8207031250000001 0.54833984375 0.03671875 0.0439453125
0 0.280078125 0.171875 0.057031250000000006 0.05859375
2 0.77734375 0.15625 0.0328125 0.048828125
1 0.6882812500000001 0.15380859375 0.034375 0.0361328125
1 0.261328125 0.84814453125 0.032031250000000004 0.0380859375