4 0.6097656250000001 0.8525390625 0.07265625 0.076171875
0 0.49453125000000003 0.1865234375 0.0671875 0.0703125
0 0.30703125000000003 0.73974609375 0.0625 0.0771484375
4 0.59296875 0.37060546875 0.060937500000000006 0.0654296875
2 0.38789062500000004 0.06884765625 0.047656250000000004 0.0517578125
3 0.8890625000000001 0.08544921875 0.07500000000000001 0.0966796875
0 0.884765625 0.2431640625 0.047656250000000004 0.06640625
2 0.23789062500000002 0.05859375 0.04453125 0.048828125
2 0.08945312500000001 0.12890625 0.04453125 0.052734375
0 0.212890625 0.6455078125 0.047656250000000004 0.072265625
4 0.62421875 0.96630859375 0.060937500000000006 0.0654296875
4 0.28554687500000003 0.6025390625 0.06328125 0.07421875
3 0.32460937500000003 0.42041015625 0.07734375 0.0888671875
0 0.5593750000000001 0.2783203125 0.051562500000000004 0.0703125
0 0.8812500000000001 0.49755859375 0.045312500000000006 0.0576171875
0 0.9382812500000001 0.498046875 0.045312500000000006 0.056640625
2 0.03671875 0.36083984375 0.046875 0.0634765625
0 0.21250000000000002 0.3056640625 0.05 0.0625
1 0.21835937500000002 0.36279296875 0.032031250000000004 0.0458984375
1 0.69140625 0.177734375 0.026562500000000003 0.04296875
2 0.276171875 0.14794921875 0.049218750000000006 0.0595703125
1 0.5691406250000001 0.66796875 0.03359375 0.03515625
1 0.6996093750000001 0.7275390625 0.02734375 0.037109375
1 0.8679687500000001 0.802734375 0.040625 0.044921875
3 0.12070312500000001 0.85009765625 0.09296875 0.1005859375
2 0.44648437500000004 0.30322265625 0.041406250000000006 0.0498046875
0 0.500390625 0.4345703125 0.04296875 0.05078125
1 0.727734375 0.2529296875 0.03671875 0.041015625
0 0.64453125 0.37451171875 0.05 0.0615234375
0 0.676953125 0.4169921875 0.04609375 0.072265625
1 0.8933593750000001 0.6259765625 0.03359375 0.044921875
1 0.927734375 0.1806640625 0.03828125 0.041015625
2 0.8304687500000001 0.61376953125 0.0328125 0.0498046875
3 0.194140625 0.857421875 0.07734375 0.08984375
1 0.8046875 0.033203125 0.0390625 0.044921875
2 0.841796875 0.25390625 0.03515625 0.048828125
0 0.33515625000000004 0.6279296875 0.05625 0.0625
0 0.28671875 0.8974609375 0.0484375 0.0703125
1 0.240625 0.91943359375 0.0328125 0.0380859375