4 0.15351562500000002 0.783203125 0.07734375 0.07421875
1 0.2421875 0.3076171875 0.040625 0.044921875
4 0.39453125 0.8935546875 0.060937500000000006 0.0625
4 0.43203125000000003 0.77490234375 0.0578125 0.0712890625
1 0.50234375 0.58935546875 0.060937500000000006 0.0693359375
1 0.4296875 0.5244140625 0.028125 0.05078125
1 0.55078125 0.4921875 0.043750000000000004 0.048828125
0 0.080078125 0.4345703125 0.06015625 0.09375
0 0.14179687500000002 0.451171875 0.06796875000000001 0.08984375
4 0.7679687500000001 0.9697265625 0.046875 0.05859375
4 0.741796875 0.396484375 0.06015625 0.072265625
3 0.89765625 0.3671875 0.06875 0.091796875
0 0.7953125000000001 0.8037109375 0.05 0.068359375
0 0.843359375 0.79931640625 0.041406250000000006 0.0517578125
0 0.7488281250000001 0.32177734375 0.039843750000000004 0.0517578125
0 0.38671875 0.36865234375 0.0546875 0.0615234375
0 0.17890625000000002 0.5234375 0.0484375 0.05859375
2 0.712109375 0.7724609375 0.049218750000000006 0.05078125
0 0.641796875 0.87890625 0.04453125 0.056640625
0 0.76875 0.86328125 0.043750000000000004 0.064453125
0 0.8207031250000001 0.88525390625 0.049218750000000006 0.0673828125
1 0.723828125 0.466796875 0.03515625 0.04296875
2 0.30000000000000004 0.1611328125 0.040625 0.068359375
2 0.31640625 0.3388671875 0.043750000000000004 0.048828125
0 0.22617187500000002 0.52587890625 0.04609375 0.0576171875
2 0.580078125 0.2529296875 0.039843750000000004 0.060546875
1 0.203125 0.18505859375 0.034375 0.0380859375
1 0.23203125000000002 0.3828125 0.035937500000000004 0.044921875
1 0.47773437500000004 0.935546875 0.03671875 0.04296875
0 0.51171875 0.79833984375 0.059375000000000004 0.0751953125
0 0.37421875000000004 0.4326171875 0.053125000000000006 0.068359375
2 0.094140625 0.12646484375 0.041406250000000006 0.0615234375
1 0.7800781250000001 0.23828125 0.03671875 0.04296875
3 0.6511718750000001 0.2578125 0.08828125 0.12109375
1 0.396484375 0.6181640625 0.02890625 0.04296875
1 0.36250000000000004 0.6083984375 0.037500000000000006 0.037109375