0 0.405078125 0.5693359375 0.07265625 0.076171875
0 0.053515625000000004 0.5634765625 0.055468750000000004 0.06640625
1 0.7894531250000001 0.529296875 0.02890625 0.041015625
1 0.512890625 0.0283203125 0.025781250000000002 0.0390625
0 0.5296875 0.4150390625 0.059375000000000004 0.056640625
0 0.56875 0.5361328125 0.059375000000000004 0.0859375
1 0.18320312500000002 0.80517578125 0.02890625 0.0400390625
0 0.534765625 0.46337890625 0.08671875000000001 0.0849609375
0 0.2703125 0.40576171875 0.037500000000000006 0.0478515625
1 0.36875 0.728515625 0.029687500000000002 0.029296875
1 0.309375 0.16259765625 0.03125 0.0361328125
1 0.0671875 0.0478515625 0.028125 0.029296875
1 0.18320312500000002 0.04345703125 0.025781250000000002 0.0341796875
1 0.07421875 0.38671875 0.0203125 0.029296875
1 0.06796875000000001 0.3603515625 0.0234375 0.02734375
0 0.46132812500000003 0.50732421875 0.08046875 0.0888671875
1 0.6664062500000001 0.50390625 0.0234375 0.033203125
2 0.17695312500000002 0.72900390625 0.02890625 0.0439453125