0 0.6875 0.26513671875 0.07187500000000001 0.0927734375
0 0.43281250000000004 0.53369140625 0.0578125 0.0771484375
2 0.35000000000000003 0.193359375 0.028125 0.037109375
2 0.105859375 0.482421875 0.032031250000000004 0.044921875
2 0.37812500000000004 0.3115234375 0.028125 0.041015625
2 0.38203125000000004 0.27001953125 0.0328125 0.0419921875
0 0.676953125 0.6611328125 0.057031250000000006 0.068359375
0 0.7035156250000001 0.6171875 0.05078125 0.068359375
0 0.5625 0.75 0.0625 0.072265625
0 0.694921875 0.947265625 0.05234375 0.064453125
0 0.7664062500000001 0.755859375 0.051562500000000004 0.068359375
0 0.89375 0.42041015625 0.0578125 0.0791015625
0 0.6375000000000001 0.7822265625 0.059375000000000004 0.06640625
1 0.38789062500000004 0.8603515625 0.025781250000000002 0.03125
0 0.696875 0.158203125 0.0546875 0.072265625
1 0.119140625 0.720703125 0.030468750000000003 0.0390625
1 0.19101562500000002 0.79833984375 0.02421875 0.0341796875
0 0.62109375 0.96630859375 0.0546875 0.0654296875
2 0.380859375 0.37060546875 0.03359375 0.0380859375
0 0.448828125 0.0498046875 0.06015625 0.06640625
0 0.5 0.11669921875 0.0578125 0.0673828125
0 0.519921875 0.1669921875 0.06171875 0.080078125
2 0.2328125 0.482421875 0.03125 0.0390625
1 0.876171875 0.73779296875 0.025781250000000002 0.0380859375
0 0.45937500000000003 0.86279296875 0.0546875 0.0693359375
0 0.5328125 0.6982421875 0.0421875 0.0546875
0 0.684765625 0.8505859375 0.05234375 0.0703125
2 0.34687500000000004 0.576171875 0.029687500000000002 0.04296875
1 0.30000000000000004 0.5478515625 0.025 0.03125
2 0.9144531250000001 0.23193359375 0.03359375 0.0439453125
1 0.7562500000000001 0.15576171875 0.026562500000000003 0.0380859375
2 0.4296875 0.4462890625 0.03125 0.037109375
1 0.138671875 0.8779296875 0.03515625 0.048828125
1 0.21992187500000002 0.9423828125 0.02890625 0.04296875
1 0.06406250000000001 0.76708984375 0.029687500000000002 0.0458984375
1 0.34296875000000004 0.8759765625 0.029687500000000002 0.046875
0 0.696484375 0.72802734375 0.04296875 0.0634765625
0 0.75 0.578125 0.053125000000000006 0.056640625