0 0.150390625 0.73779296875 0.05234375 0.0712890625
4 0.170703125 0.60693359375 0.04609375 0.0595703125
0 0.470703125 0.68212890625 0.07109375 0.0966796875
0 0.482421875 0.58642578125 0.04453125 0.0634765625
0 0.650390625 0.53759765625 0.05078125 0.0673828125
0 0.574609375 0.5556640625 0.05234375 0.06640625
0 0.6312500000000001 0.2529296875 0.05625 0.0703125
0 0.6605468750000001 0.20703125 0.05078125 0.072265625
0 0.51953125 0.33642578125 0.0578125 0.0732421875
0 0.59375 0.3671875 0.05625 0.078125
0 0.721875 0.34765625 0.059375000000000004 0.07421875
0 0.587109375 0.84423828125 0.057031250000000006 0.0732421875
1 0.29726562500000003 0.4638671875 0.02890625 0.037109375
1 0.9613281250000001 0.47412109375 0.03515625 0.0419921875
1 0.25859375 0.134765625 0.025 0.033203125
2 0.059375000000000004 0.07080078125 0.0328125 0.0419921875
0 0.48554687500000004 0.75830078125 0.05078125 0.0595703125
0 0.55859375 0.6572265625 0.0671875 0.076171875
0 0.5339843750000001 0.47900390625 0.08046875 0.0947265625
0 0.65625 0.31640625 0.043750000000000004 0.064453125
0 0.373046875 0.8369140625 0.04453125 0.064453125
1 0.144140625 0.388671875 0.02890625 0.03515625
1 0.07382812500000001 0.31005859375 0.02734375 0.0341796875
1 0.091015625 0.4677734375 0.03359375 0.037109375
2 0.014453125 0.7431640625 0.02890625 0.044921875
1 0.46132812500000003 0.90380859375 0.030468750000000003 0.0361328125
0 0.642578125 0.4404296875 0.055468750000000004 0.078125