0 0.6531250000000001 0.5341796875 0.0765625 0.099609375
0 0.620703125 0.615234375 0.06640625 0.08984375
0 0.609375 0.44482421875 0.08125 0.1005859375
0 0.69453125 0.49560546875 0.046875 0.0673828125
2 0.30859375 0.74169921875 0.029687500000000002 0.0322265625
2 0.377734375 0.55322265625 0.03359375 0.0322265625
2 0.7152343750000001 0.4091796875 0.02734375 0.041015625
1 0.8929687500000001 0.42431640625 0.021875000000000002 0.0302734375
1 0.18710937500000002 0.51953125 0.025781250000000002 0.02734375
1 0.38125000000000003 0.0458984375 0.025 0.033203125
0 0.6492187500000001 0.38427734375 0.0546875 0.0634765625
0 0.567578125 0.39306640625 0.047656250000000004 0.0576171875
2 0.57421875 0.64599609375 0.028125 0.0380859375
1 0.788671875 0.798828125 0.025781250000000002 0.033203125
1 0.23789062500000002 0.236328125 0.032031250000000004 0.033203125