0 0.32265625000000003 0.13232421875 0.078125 0.0986328125
0 0.7265625 0.6875 0.0671875 0.08203125
0 0.8207031250000001 0.5205078125 0.08203125 0.0859375
0 0.8304687500000001 0.59423828125 0.0703125 0.0830078125
0 0.8992187500000001 0.46923828125 0.0734375 0.1005859375
0 0.2328125 0.5859375 0.060937500000000006 0.0859375
0 0.19882812500000002 0.67724609375 0.06015625 0.0751953125
0 0.34492187500000004 0.59130859375 0.07265625 0.0966796875
0 0.26640625 0.72216796875 0.0859375 0.1083984375
0 0.08203125 0.61279296875 0.07500000000000001 0.0947265625
0 0.18671875000000002 0.5419921875 0.0578125 0.072265625
0 0.567578125 0.59130859375 0.049218750000000006 0.0576171875
0 0.478125 0.72314453125 0.06875 0.0888671875
0 0.150390625 0.59326171875 0.06328125 0.0810546875
2 0.470703125 0.171875 0.032031250000000004 0.037109375
1 0.156640625 0.06591796875 0.02890625 0.0322265625
0 0.9 0.56298828125 0.08125 0.1025390625
0 0.436328125 0.6513671875 0.06484375 0.080078125
1 0.065234375 0.041015625 0.03671875 0.0390625
1 0.7992187500000001 0.8427734375 0.028125 0.041015625
0 0.491015625 0.6337890625 0.06328125 0.080078125