0 0.49648437500000003 0.54833984375 0.07265625 0.0908203125
0 0.384375 0.47998046875 0.051562500000000004 0.0810546875
0 0.34804687500000003 0.44189453125 0.07265625 0.0634765625
0 0.67578125 0.46484375 0.059375000000000004 0.107421875
0 0.62421875 0.46630859375 0.060937500000000006 0.0908203125
0 0.574609375 0.47412109375 0.06328125 0.0986328125
0 0.859375 0.4580078125 0.0578125 0.0703125
0 0.790234375 0.5439453125 0.07265625 0.072265625
1 0.15781250000000002 0.14013671875 0.035937500000000004 0.0478515625
2 0.794921875 0.95849609375 0.06171875 0.0693359375
2 0.18320312500000002 0.953125 0.055468750000000004 0.076171875
3 0.5417968750000001 0.72265625 0.09296875 0.125
0 0.884765625 0.6845703125 0.055468750000000004 0.0703125
2 0.38671875 0.31396484375 0.051562500000000004 0.0634765625
3 0.80390625 0.6298828125 0.078125 0.099609375