0 0.27578125000000003 0.212890625 0.0765625 0.099609375
0 0.209375 0.955078125 0.051562500000000004 0.068359375
0 0.6316406250000001 0.41552734375 0.07734375 0.0927734375
0 0.67734375 0.46630859375 0.059375000000000004 0.1005859375
1 0.11796875000000001 0.2333984375 0.026562500000000003 0.03515625
1 0.9046875000000001 0.21533203125 0.026562500000000003 0.0361328125
1 0.519140625 0.06640625 0.030468750000000003 0.044921875
3 0.23203125000000002 0.541015625 0.060937500000000006 0.080078125
2 0.19921875 0.45556640625 0.034375 0.0419921875
0 0.77109375 0.8427734375 0.043750000000000004 0.052734375
4 0.887890625 0.48828125 0.041406250000000006 0.052734375
1 0.84921875 0.4873046875 0.029687500000000002 0.0390625
0 0.91328125 0.59619140625 0.0484375 0.0673828125