0 0.5984375000000001 0.30517578125 0.084375 0.1162109375
0 0.653515625 0.39599609375 0.08359375000000001 0.1044921875
0 0.734375 0.345703125 0.0578125 0.080078125
0 0.43398437500000003 0.66015625 0.06796875000000001 0.095703125
0 0.46953125 0.59912109375 0.07187500000000001 0.0830078125
0 0.283203125 0.3427734375 0.07265625 0.083984375
0 0.57734375 0.44921875 0.08125 0.1015625
0 0.448046875 0.4384765625 0.05390625 0.068359375
0 0.673046875 0.06787109375 0.05234375 0.0673828125
1 0.201171875 0.08447265625 0.032031250000000004 0.0400390625
1 0.225 0.41650390625 0.03125 0.0419921875
1 0.966015625 0.14892578125 0.030468750000000003 0.0400390625
0 0.45546875000000003 0.5029296875 0.053125000000000006 0.072265625
0 0.401171875 0.53515625 0.06484375 0.072265625
2 0.72578125 0.64697265625 0.03125 0.0419921875
1 0.8953125000000001 0.56884765625 0.0234375 0.0400390625
1 0.8921875 0.4345703125 0.03125 0.041015625
0 0.060937500000000006 0.26318359375 0.060937500000000006 0.0712890625
1 0.08164062500000001 0.35107421875 0.02421875 0.0322265625
0 0.828125 0.1259765625 0.043750000000000004 0.056640625
2 0.8500000000000001 0.71630859375 0.034375 0.0478515625
1 0.307421875 0.75732421875 0.02890625 0.0400390625