0 0.45820312500000004 0.6826171875 0.05390625 0.072265625
0 0.49648437500000003 0.265625 0.05234375 0.0703125
0 0.500390625 0.197265625 0.057031250000000006 0.080078125
0 0.560546875 0.22021484375 0.09609375 0.1201171875
0 0.56953125 0.3193359375 0.0921875 0.08984375
0 0.578515625 0.4013671875 0.08984375 0.087890625
0 0.669140625 0.2734375 0.05234375 0.072265625
0 0.6257812500000001 0.32080078125 0.0578125 0.0732421875
2 0.8207031250000001 0.25048828125 0.03828125 0.0419921875
4 0.6761718750000001 0.52978515625 0.049218750000000006 0.0712890625
1 0.7421875 0.7646484375 0.0234375 0.037109375
1 0.551953125 0.8798828125 0.02734375 0.033203125
1 0.318359375 0.8447265625 0.03359375 0.041015625
1 0.121484375 0.47216796875 0.02890625 0.0380859375
2 0.8812500000000001 0.4404296875 0.037500000000000006 0.044921875
1 0.17890625000000002 0.6689453125 0.029687500000000002 0.044921875
1 0.884375 0.81787109375 0.034375 0.0458984375
1 0.484375 0.10107421875 0.026562500000000003 0.0419921875
1 0.6609375000000001 0.81787109375 0.0328125 0.0380859375
1 0.66328125 0.630859375 0.029687500000000002 0.041015625
1 0.8 0.56201171875 0.0328125 0.0419921875
0 0.620703125 0.435546875 0.05390625 0.0703125
1 0.35859375000000004 0.9736328125 0.037500000000000006 0.041015625
1 0.673046875 0.9462890625 0.03671875 0.04296875
1 0.23671875 0.7392578125 0.029687500000000002 0.04296875
0 0.673046875 0.38134765625 0.055468750000000004 0.0771484375
1 0.509765625 0.36083984375 0.02890625 0.0322265625
0 0.22226562500000002 0.79443359375 0.04453125 0.0712890625