0 0.28203125 0.259765625 0.0703125 0.087890625
0 0.701171875 0.6962890625 0.10390625 0.14453125
0 0.84296875 0.69482421875 0.0734375 0.0986328125
0 0.63984375 0.7568359375 0.045312500000000006 0.060546875
0 0.7664062500000001 0.48583984375 0.0703125 0.0927734375
2 0.424609375 0.7255859375 0.03359375 0.04296875
1 0.08867187500000001 0.720703125 0.03671875 0.0390625
1 0.6171875 0.05859375 0.03125 0.044921875
1 0.1703125 0.1474609375 0.028125 0.0390625
2 0.32460937500000003 0.70849609375 0.03515625 0.0439453125
0 0.7765625 0.63232421875 0.078125 0.1044921875
1 0.8625 0.400390625 0.025 0.03515625
1 0.51171875 0.58056640625 0.028125 0.0341796875
1 0.018359375 0.126953125 0.032031250000000004 0.046875
0 0.48671875000000003 0.775390625 0.046875 0.0625
0 0.7683593750000001 0.763671875 0.047656250000000004 0.056640625
2 0.49609375 0.66015625 0.0328125 0.033203125
0 0.665234375 0.482421875 0.039843750000000004 0.0625
1 0.923046875 0.7509765625 0.030468750000000003 0.03515625