0 0.8539062500000001 0.40380859375 0.0859375 0.1181640625
0 0.9324218750000001 0.39306640625 0.06796875000000001 0.0849609375
0 0.876953125 0.52587890625 0.11171875 0.1455078125
0 0.8765625 0.76318359375 0.0890625 0.1279296875
0 0.590234375 0.21484375 0.09765625 0.125
0 0.62890625 0.11474609375 0.09062500000000001 0.1181640625
0 0.673828125 0.20263671875 0.06640625 0.0810546875
4 0.09296875 0.08544921875 0.07500000000000001 0.0947265625
0 0.34492187500000004 0.544921875 0.05234375 0.06640625
0 0.7585937500000001 0.69140625 0.08281250000000001 0.10546875
0 0.841015625 0.63623046875 0.06328125 0.1044921875
0 0.671875 0.82666015625 0.05625 0.0732421875
2 0.787109375 0.27685546875 0.02890625 0.0400390625
2 0.147265625 0.9794921875 0.039843750000000004 0.0390625
0 0.6765625000000001 0.7431640625 0.05625 0.08203125
4 0.0234375 0.10791015625 0.046875 0.0634765625
1 0.114453125 0.705078125 0.030468750000000003 0.033203125
1 0.45546875000000003 0.669921875 0.021875000000000002 0.0390625
2 0.040234375 0.25048828125 0.03359375 0.0439453125
2 0.039843750000000004 0.29443359375 0.0328125 0.0439453125
2 0.739453125 0.97900390625 0.03671875 0.0400390625
0 0.7503906250000001 0.77294921875 0.08828125 0.0869140625
2 0.84765625 0.2744140625 0.0328125 0.04296875
1 0.9144531250000001 0.140625 0.02890625 0.0390625
1 0.8933593750000001 0.8984375 0.02734375 0.033203125
0 0.47968750000000004 0.14892578125 0.06406250000000001 0.0673828125
0 0.523046875 0.041015625 0.06953125 0.08203125
2 0.642578125 0.6103515625 0.02890625 0.033203125
1 0.612890625 0.6044921875 0.030468750000000003 0.03125
1 0.16171875000000002 0.916015625 0.021875000000000002 0.03125
0 0.851171875 0.21923828125 0.049218750000000006 0.0595703125