0 0.30117187500000003 0.6005859375 0.07265625 0.0859375
0 0.325 0.68310546875 0.07968750000000001 0.1005859375
0 0.37148437500000003 0.59619140625 0.08203125 0.0927734375
0 0.41914062500000004 0.6572265625 0.06328125 0.080078125
0 0.44296875 0.5849609375 0.0765625 0.08984375
0 0.48671875000000003 0.6552734375 0.06406250000000001 0.072265625
0 0.60859375 0.9501953125 0.051562500000000004 0.0703125
2 0.6171875 0.89404296875 0.034375 0.0439453125
2 0.566015625 0.45556640625 0.03515625 0.0478515625
2 0.515234375 0.56494140625 0.03515625 0.0439453125
2 0.424609375 0.47216796875 0.03671875 0.0380859375
2 0.9636718750000001 0.69287109375 0.03671875 0.0439453125
2 0.981640625 0.5 0.03515625 0.046875
2 0.618359375 0.3330078125 0.02890625 0.0390625
2 0.46953125 0.205078125 0.035937500000000004 0.04296875
1 0.7503906250000001 0.2890625 0.02890625 0.037109375
1 0.77734375 0.388671875 0.0328125 0.041015625
2 0.690625 0.205078125 0.037500000000000006 0.04296875
1 0.880859375 0.30859375 0.02890625 0.0390625
1 0.862890625 0.46826171875 0.032031250000000004 0.0419921875
1 0.876171875 0.19140625 0.02734375 0.046875
1 0.6882812500000001 0.6240234375 0.028125 0.041015625
1 0.9496093750000001 0.96484375 0.03515625 0.0390625
1 0.11328125 0.52001953125 0.025 0.0419921875
2 0.708984375 0.09228515625 0.03359375 0.0419921875
1 0.69453125 0.48095703125 0.026562500000000003 0.0400390625