0 0.583984375 0.57861328125 0.07421875 0.0947265625
0 0.3640625 0.916015625 0.0890625 0.107421875
0 0.310546875 0.81884765625 0.08515625 0.1083984375
0 0.66953125 0.93115234375 0.060937500000000006 0.0791015625
0 0.30625 0.24658203125 0.07500000000000001 0.0888671875
0 0.29140625000000003 0.31640625 0.053125000000000006 0.068359375
0 0.369921875 0.3076171875 0.10234375000000001 0.140625
0 0.388671875 0.15771484375 0.06171875 0.0771484375
2 0.783203125 0.2373046875 0.032031250000000004 0.046875
1 0.7898437500000001 0.0615234375 0.028125 0.037109375
1 0.8132812500000001 0.1591796875 0.029687500000000002 0.0390625
1 0.982421875 0.13916015625 0.032031250000000004 0.0380859375
2 0.11093750000000001 0.85302734375 0.034375 0.0419921875
1 0.8671875 0.47802734375 0.028125 0.0419921875
2 0.76484375 0.31689453125 0.029687500000000002 0.0400390625
0 0.26015625000000003 0.080078125 0.084375 0.1171875
0 0.22890625 0.24267578125 0.09531250000000001 0.1416015625
4 0.34023437500000003 0.13330078125 0.04609375 0.0615234375
2 0.6355468750000001 0.2939453125 0.03828125 0.044921875
0 0.43789062500000003 0.3046875 0.04296875 0.064453125
1 0.80859375 0.3896484375 0.026562500000000003 0.041015625
1 0.872265625 0.6142578125 0.030468750000000003 0.041015625
1 0.08085937500000001 0.93994140625 0.03359375 0.0361328125
1 0.044921875 0.55419921875 0.030468750000000003 0.0400390625
1 0.17304687500000002 0.8662109375 0.02734375 0.037109375
1 0.047656250000000004 0.85986328125 0.028125 0.0361328125
1 0.6882812500000001 0.02978515625 0.037500000000000006 0.0400390625
1 0.866796875 0.18017578125 0.03359375 0.0419921875
1 0.86328125 0.0751953125 0.034375 0.037109375