0 0.679296875 0.3515625 0.10234375000000001 0.134765625
0 0.590234375 0.36474609375 0.08828125 0.1162109375
0 0.5234375 0.3349609375 0.08750000000000001 0.09765625
0 0.6171875 0.56591796875 0.0671875 0.0888671875
0 0.7292968750000001 0.56201171875 0.07578125000000001 0.1005859375
0 0.5945312500000001 0.0576171875 0.0671875 0.078125
2 0.716796875 0.19287109375 0.03359375 0.0419921875
2 0.515234375 0.578125 0.032031250000000004 0.0390625
1 0.1046875 0.67041015625 0.028125 0.0400390625
1 0.168359375 0.19189453125 0.030468750000000003 0.0498046875
2 0.6585937500000001 0.9482421875 0.0328125 0.048828125
0 0.50625 0.4267578125 0.045312500000000006 0.056640625
0 0.37148437500000003 0.57080078125 0.05078125 0.0771484375
0 0.6671875 0.47900390625 0.0625 0.0712890625
0 0.580078125 0.703125 0.08359375000000001 0.109375
1 0.037109375 0.20556640625 0.030468750000000003 0.0400390625
1 0.251953125 0.94970703125 0.03359375 0.0439453125
1 0.44648437500000004 0.44140625 0.032031250000000004 0.041015625
0 0.64375 0.43115234375 0.045312500000000006 0.0634765625