0 0.603515625 0.5185546875 0.05078125 0.07421875
0 0.6785156250000001 0.65673828125 0.05390625 0.0751953125
0 0.7359375 0.6357421875 0.051562500000000004 0.06640625
0 0.7781250000000001 0.67041015625 0.053125000000000006 0.0673828125
0 0.7371093750000001 0.7900390625 0.057031250000000006 0.072265625
0 0.5453125 0.615234375 0.0765625 0.091796875
0 0.6781250000000001 0.80078125 0.060937500000000006 0.0859375
2 0.79609375 0.93603515625 0.035937500000000004 0.0478515625
1 0.48203125 0.53515625 0.0328125 0.037109375
2 0.4265625 0.1357421875 0.035937500000000004 0.04296875
0 0.513671875 0.48974609375 0.055468750000000004 0.0732421875
1 0.13828125 0.9248046875 0.028125 0.0390625
0 0.051953125 0.5283203125 0.05390625 0.0703125
0 0.18828125 0.54248046875 0.045312500000000006 0.0517578125
0 0.571484375 0.6884765625 0.08359375000000001 0.1015625
0 0.6375000000000001 0.716796875 0.07968750000000001 0.091796875