0 0.265625 0.28271484375 0.0578125 0.0712890625
0 0.2703125 0.4501953125 0.0734375 0.1015625
0 0.08671875000000001 0.35205078125 0.0546875 0.0615234375
1 0.10078125 0.25048828125 0.029687500000000002 0.0400390625
1 0.18515625000000002 0.22412109375 0.029687500000000002 0.0341796875
0 0.50625 0.09326171875 0.053125000000000006 0.0732421875
0 0.58359375 0.08642578125 0.059375000000000004 0.0791015625
0 0.54453125 0.10986328125 0.045312500000000006 0.0615234375
0 0.5300781250000001 0.15087890625 0.049218750000000006 0.0615234375
2 0.34609375000000003 0.22216796875 0.035937500000000004 0.0400390625
2 0.6371093750000001 0.70068359375 0.030468750000000003 0.0419921875
1 0.40234375 0.90087890625 0.026562500000000003 0.0361328125
1 0.34296875000000004 0.89990234375 0.026562500000000003 0.0380859375
1 0.26171875 0.86328125 0.029687500000000002 0.0390625
2 0.6589843750000001 0.20849609375 0.032031250000000004 0.0400390625
0 0.759375 0.6728515625 0.0859375 0.12890625
0 0.8171875000000001 0.6064453125 0.09531250000000001 0.11328125
0 0.846875 0.70068359375 0.08750000000000001 0.1064453125
0 0.64609375 0.95751953125 0.05 0.0693359375
1 0.830078125 0.9541015625 0.030468750000000003 0.046875
0 0.658203125 0.58544921875 0.07734375 0.1005859375
2 0.2078125 0.51416015625 0.035937500000000004 0.0400390625
1 0.9382812500000001 0.3515625 0.035937500000000004 0.04296875
1 0.5265625 0.908203125 0.03125 0.041015625
0 0.48828125 0.19189453125 0.0546875 0.0791015625
2 0.6941406250000001 0.23779296875 0.032031250000000004 0.0458984375
2 0.45546875000000003 0.80908203125 0.03125 0.0380859375
4 0.66953125 0.8349609375 0.053125000000000006 0.076171875
1 0.9652343750000001 0.4853515625 0.02734375 0.033203125
2 0.6351562500000001 0.08203125 0.034375 0.044921875
2 0.578125 0.18603515625 0.037500000000000006 0.0400390625
0 0.030859375 0.3671875 0.06171875 0.09765625
0 0.203515625 0.0615234375 0.03515625 0.048828125
2 0.225 0.2177734375 0.025 0.0390625
2 0.18671875000000002 0.26123046875 0.03125 0.0400390625
0 0.144140625 0.51953125 0.03359375 0.0546875