0 0.158984375 0.13330078125 0.07109375 0.0888671875
0 0.1234375 0.20166015625 0.05 0.0634765625
0 0.183984375 0.21044921875 0.057031250000000006 0.0771484375
0 0.118359375 0.265625 0.05390625 0.06640625
0 0.18320312500000002 0.28076171875 0.05078125 0.0654296875
0 0.2578125 0.2373046875 0.065625 0.076171875
0 0.06015625 0.3154296875 0.0671875 0.08203125
0 0.15351562500000002 0.41015625 0.06640625 0.083984375
0 0.15390625000000002 0.4892578125 0.078125 0.087890625
0 0.2890625 0.48974609375 0.09375 0.1240234375
0 0.36250000000000004 0.494140625 0.05625 0.080078125
0 0.122265625 0.60986328125 0.05234375 0.0634765625
0 0.45 0.59912109375 0.05625 0.0791015625
0 0.23945312500000002 0.57421875 0.07265625 0.103515625
0 0.390625 0.728515625 0.053125000000000006 0.072265625
0 0.412890625 0.67431640625 0.06015625 0.0732421875
0 0.463671875 0.74462890625 0.08671875000000001 0.1162109375
2 0.055859375 0.95458984375 0.030468750000000003 0.0400390625
2 0.244921875 0.3427734375 0.032031250000000004 0.04296875
0 0.9625 0.1962890625 0.046875 0.0625
0 0.861328125 0.62158203125 0.07265625 0.0888671875
0 0.921875 0.63427734375 0.0546875 0.0908203125
0 0.338671875 0.64794921875 0.07578125000000001 0.1044921875
0 0.869140625 0.138671875 0.07734375 0.078125
2 0.55234375 0.14208984375 0.0328125 0.0498046875
0 0.49296875 0.80126953125 0.0671875 0.0810546875
0 0.10429687500000001 0.33740234375 0.05234375 0.0654296875