0 0.452734375 0.13818359375 0.06796875000000001 0.0888671875
0 0.417578125 0.205078125 0.049218750000000006 0.06640625
0 0.47890625000000003 0.2138671875 0.0546875 0.078125
0 0.41328125000000004 0.27197265625 0.053125000000000006 0.0615234375
0 0.47734375 0.287109375 0.05 0.064453125
0 0.55078125 0.2451171875 0.0625 0.07421875
0 0.35664062500000004 0.3193359375 0.06796875000000001 0.080078125
0 0.45078125 0.41259765625 0.06406250000000001 0.0869140625
0 0.44960937500000003 0.49755859375 0.07578125000000001 0.0849609375
0 0.41328125000000004 0.61669921875 0.051562500000000004 0.0634765625
0 0.528515625 0.45703125 0.05078125 0.064453125
0 0.584375 0.4990234375 0.0921875 0.12109375
0 0.658203125 0.50048828125 0.05390625 0.0791015625
0 0.747265625 0.60009765625 0.057031250000000006 0.0712890625
0 0.6863281250000001 0.73095703125 0.06015625 0.0771484375
0 0.6328125 0.65283203125 0.08281250000000001 0.1083984375
0 0.757421875 0.74462890625 0.08984375 0.1103515625
0 0.7917968750000001 0.80859375 0.06015625 0.078125
2 0.35273437500000004 0.9609375 0.03359375 0.0390625
1 0.208984375 0.89599609375 0.030468750000000003 0.0400390625
2 0.8480468750000001 0.14697265625 0.03359375 0.0478515625
1 0.068359375 0.67333984375 0.02734375 0.0380859375
1 0.036328125 0.73681640625 0.025781250000000002 0.0380859375
1 0.30000000000000004 0.896484375 0.029687500000000002 0.041015625
1 0.283203125 0.6044921875 0.030468750000000003 0.037109375
1 0.24609375 0.42578125 0.03125 0.0390625
1 0.34101562500000004 0.37109375 0.02734375 0.03125
0 0.39921875 0.345703125 0.053125000000000006 0.068359375
2 0.53671875 0.34814453125 0.03125 0.0400390625