0 0.25820312500000003 0.4814453125 0.057031250000000006 0.07421875
0 0.308203125 0.42724609375 0.07109375 0.0869140625
0 0.37539062500000003 0.48193359375 0.07265625 0.0966796875
0 0.3875 0.30126953125 0.06875 0.0966796875
0 0.44843750000000004 0.3740234375 0.078125 0.095703125
0 0.46875 0.244140625 0.0734375 0.087890625
0 0.39687500000000003 0.20361328125 0.053125000000000006 0.0712890625
0 0.48867187500000003 0.44970703125 0.049218750000000006 0.0673828125
0 0.544140625 0.466796875 0.04453125 0.06640625
0 0.51953125 0.5712890625 0.0625 0.078125
0 0.623046875 0.76806640625 0.06796875000000001 0.0927734375
0 0.6335937500000001 0.68017578125 0.065625 0.0869140625
0 0.693359375 0.662109375 0.06171875 0.0859375
1 0.148828125 0.40673828125 0.03515625 0.0439453125
2 0.9027343750000001 0.9306640625 0.03671875 0.05078125
3 0.6609375000000001 0.09375 0.05 0.064453125
1 0.960546875 0.1435546875 0.030468750000000003 0.029296875
1 0.968359375 0.7119140625 0.02734375 0.03515625
1 0.05078125 0.72705078125 0.034375 0.0458984375
0 0.42734375 0.46484375 0.0484375 0.06640625
1 0.37031250000000004 0.09521484375 0.029687500000000002 0.0439453125
1 0.52109375 0.865234375 0.028125 0.041015625
0 0.582421875 0.6962890625 0.04296875 0.05078125
0 0.696875 0.33984375 0.046875 0.064453125
0 0.3171875 0.23046875 0.043750000000000004 0.052734375
0 0.580078125 0.544921875 0.04453125 0.056640625
0 0.62109375 0.3642578125 0.053125000000000006 0.060546875