0 0.246484375 0.91943359375 0.06328125 0.0791015625
0 0.413671875 0.45361328125 0.06171875 0.0654296875
0 0.43593750000000003 0.40966796875 0.0765625 0.0908203125
0 0.759765625 0.30615234375 0.06328125 0.0751953125
0 0.81015625 0.291015625 0.060937500000000006 0.072265625
0 0.8425781250000001 0.22509765625 0.06328125 0.0830078125
0 0.91015625 0.3037109375 0.0703125 0.087890625
0 0.7515625 0.15625 0.05625 0.07421875
0 0.8015625000000001 0.15185546875 0.046875 0.0712890625
3 0.776953125 0.0830078125 0.06015625 0.06640625
1 0.349609375 0.22607421875 0.032031250000000004 0.0458984375
2 0.728515625 0.4404296875 0.02890625 0.04296875
2 0.75 0.41650390625 0.028125 0.0400390625
1 0.86328125 0.78466796875 0.0328125 0.0478515625
0 0.6625000000000001 0.2099609375 0.08125 0.125
0 0.6058593750000001 0.22412109375 0.04609375 0.0634765625
0 0.72265625 0.23193359375 0.065625 0.0888671875
2 0.603515625 0.56982421875 0.032031250000000004 0.0419921875
2 0.58984375 0.740234375 0.034375 0.04296875
1 0.071484375 0.50927734375 0.03359375 0.0380859375
1 0.710546875 0.53515625 0.02890625 0.033203125