4 0.18906250000000002 0.22314453125 0.0484375 0.0654296875
0 0.1484375 0.404296875 0.09843750000000001 0.1171875
2 0.412890625 0.37451171875 0.02890625 0.0380859375
0 0.65 0.15283203125 0.05 0.0693359375
1 0.757421875 0.06494140625 0.025781250000000002 0.0322265625
1 0.5164062500000001 0.58203125 0.025 0.033203125
0 0.6109375 0.47802734375 0.046875 0.0634765625
0 0.8035156250000001 0.6435546875 0.09140625000000001 0.115234375
0 0.7683593750000001 0.56201171875 0.06953125 0.0830078125
0 0.687109375 0.87744140625 0.12265625000000001 0.1533203125
1 0.474609375 0.52880859375 0.02421875 0.0322265625
2 0.6796875 0.6083984375 0.034375 0.044921875
1 0.23945312500000002 0.41357421875 0.02734375 0.0302734375
1 0.747265625 0.939453125 0.030468750000000003 0.03515625
2 0.23007812500000002 0.07421875 0.030468750000000003 0.041015625