0 0.1421875 0.71142578125 0.078125 0.0966796875
0 0.2265625 0.4345703125 0.0734375 0.1015625
0 0.31328125 0.52490234375 0.059375000000000004 0.0673828125
0 0.35703125 0.47216796875 0.06406250000000001 0.0791015625
0 0.27890625 0.6142578125 0.0703125 0.091796875
0 0.225390625 0.51416015625 0.05390625 0.0693359375
0 0.144140625 0.47412109375 0.04296875 0.0537109375
0 0.18359375 0.49072265625 0.046875 0.0654296875
0 0.470703125 0.615234375 0.05859375 0.080078125
0 0.39492187500000003 0.57080078125 0.08984375 0.0927734375
0 0.50234375 0.361328125 0.0703125 0.08984375
0 0.513671875 0.45166015625 0.05390625 0.0693359375
0 0.49140625000000004 0.53173828125 0.060937500000000006 0.0810546875
0 0.535546875 0.51611328125 0.05234375 0.0712890625
4 0.6453125000000001 0.29443359375 0.051562500000000004 0.0634765625
2 0.373046875 0.822265625 0.032031250000000004 0.044921875
1 0.8855468750000001 0.45263671875 0.030468750000000003 0.0341796875
0 0.7972656250000001 0.3505859375 0.055468750000000004 0.064453125
1 0.90546875 0.25634765625 0.026562500000000003 0.0302734375
2 0.3609375 0.92041015625 0.025 0.0361328125
0 0.5691406250000001 0.44287109375 0.047656250000000004 0.0634765625
1 0.92109375 0.32861328125 0.026562500000000003 0.0380859375
1 0.034375 0.92822265625 0.0328125 0.0302734375
2 0.421875 0.84326171875 0.029687500000000002 0.0400390625
0 0.35390625000000003 0.64453125 0.0921875 0.08984375
0 0.33359375 0.724609375 0.0546875 0.07421875
0 0.46328125000000003 0.6962890625 0.051562500000000004 0.064453125
0 0.41445312500000003 0.3740234375 0.06484375 0.060546875
1 0.49140625000000004 0.30419921875 0.028125 0.0341796875