0 0.6703125000000001 0.35986328125 0.06406250000000001 0.0947265625
0 0.7156250000000001 0.28662109375 0.0734375 0.0751953125
0 0.7210937500000001 0.35986328125 0.053125000000000006 0.0771484375
0 0.766796875 0.32470703125 0.06171875 0.0771484375
0 0.8421875000000001 0.39013671875 0.05 0.0810546875
0 0.771484375 0.40380859375 0.06953125 0.0810546875
2 0.41718750000000004 0.6572265625 0.0546875 0.0859375
2 0.0734375 0.2421875 0.0703125 0.06640625
2 0.078125 0.33056640625 0.06875 0.0751953125
1 0.6742187500000001 0.1015625 0.0328125 0.044921875
2 0.6468750000000001 0.20556640625 0.0484375 0.0537109375
2 0.8367187500000001 0.20947265625 0.05 0.0634765625
2 0.355078125 0.390625 0.055468750000000004 0.080078125
2 0.40664062500000003 0.39208984375 0.06015625 0.0771484375
1 0.21484375 0.53369140625 0.0328125 0.0478515625