0 0.34804687500000003 0.365234375 0.08984375 0.119140625
0 0.8328125000000001 0.2099609375 0.07500000000000001 0.08984375
0 0.773046875 0.310546875 0.07109375 0.087890625
0 0.826171875 0.28955078125 0.06953125 0.0986328125
2 0.1390625 0.5888671875 0.034375 0.0390625
2 0.48750000000000004 0.8212890625 0.034375 0.044921875
1 0.516015625 0.50439453125 0.025781250000000002 0.0341796875
2 0.8464843750000001 0.66015625 0.02890625 0.037109375
2 0.1078125 0.4697265625 0.029687500000000002 0.0390625
1 0.290234375 0.1611328125 0.02734375 0.03515625
1 0.15390625000000002 0.298828125 0.028125 0.037109375
1 0.41718750000000004 0.78125 0.03125 0.041015625
1 0.474609375 0.365234375 0.02890625 0.04296875
1 0.07187500000000001 0.24462890625 0.025 0.0361328125
1 0.040234375 0.234375 0.02890625 0.03515625
2 0.06992187500000001 0.12255859375 0.030468750000000003 0.0400390625
2 0.178515625 0.03662109375 0.03828125 0.0439453125
2 0.278515625 0.5478515625 0.02890625 0.044921875
1 0.23046875 0.3837890625 0.026562500000000003 0.03515625
2 0.174609375 0.4765625 0.02890625 0.041015625
1 0.08828125 0.5595703125 0.026562500000000003 0.03125
1 0.225 0.5283203125 0.0234375 0.03515625
1 0.33046875000000003 0.4814453125 0.025 0.03515625
0 0.753515625 0.185546875 0.08984375 0.1171875
1 0.654296875 0.6904296875 0.02734375 0.0390625