0 0.162109375 0.67578125 0.07109375 0.08984375
0 0.242578125 0.62060546875 0.06953125 0.0830078125
0 0.14296875 0.8017578125 0.07187500000000001 0.107421875
0 0.28828125 0.7119140625 0.08750000000000001 0.11328125
0 0.6734375 0.7646484375 0.08281250000000001 0.095703125
3 0.498828125 0.85498046875 0.10078125 0.1181640625
0 0.87109375 0.88818359375 0.07500000000000001 0.1064453125
0 0.84296875 0.7451171875 0.046875 0.0546875
0 0.5984375000000001 0.1005859375 0.0734375 0.080078125
1 0.37617187500000004 0.89111328125 0.032031250000000004 0.0400390625
1 0.66328125 0.4599609375 0.03125 0.044921875
1 0.926953125 0.76025390625 0.03359375 0.0439453125