0 0.471484375 0.36376953125 0.07890625000000001 0.0947265625
0 0.73203125 0.74169921875 0.0578125 0.0771484375
0 0.9597656250000001 0.80908203125 0.06328125 0.0830078125
0 0.63203125 0.2080078125 0.07500000000000001 0.09765625
3 0.326953125 0.73583984375 0.06328125 0.0810546875
1 0.296484375 0.3876953125 0.04609375 0.060546875
2 0.779296875 0.06640625 0.03515625 0.044921875
0 0.7429687500000001 0.3818359375 0.07968750000000001 0.10546875
4 0.03125 0.09619140625 0.05 0.0693359375
1 0.5945312500000001 0.9306640625 0.025 0.03125
0 0.5421875 0.81298828125 0.059375000000000004 0.0693359375
3 0.614453125 0.486328125 0.07734375 0.091796875
1 0.465625 0.19140625 0.0203125 0.03125
1 0.8031250000000001 0.6728515625 0.021875000000000002 0.03125
0 0.81796875 0.62353515625 0.053125000000000006 0.0791015625
4 0.6507812500000001 0.8330078125 0.059375000000000004 0.06640625
0 0.83515625 0.462890625 0.05 0.05859375
1 0.123046875 0.72705078125 0.030468750000000003 0.0439453125
1 0.61484375 0.64453125 0.028125 0.033203125
0 0.528515625 0.69970703125 0.06171875 0.0830078125
1 0.58984375 0.84619140625 0.0328125 0.0380859375
1 0.378515625 0.92724609375 0.02890625 0.0361328125
1 0.203515625 0.462890625 0.025781250000000002 0.029296875
0 0.9574218750000001 0.4267578125 0.07109375 0.087890625