0 0.496875 0.87744140625 0.09843750000000001 0.1103515625
0 0.8289062500000001 0.9111328125 0.060937500000000006 0.0859375
2 0.36562500000000003 0.87646484375 0.03125 0.0380859375
0 0.158203125 0.7001953125 0.06171875 0.08203125
0 0.0703125 0.75634765625 0.0546875 0.0771484375
3 0.17929687500000002 0.27294921875 0.055468750000000004 0.0732421875
3 0.915625 0.40576171875 0.07187500000000001 0.1025390625
2 0.30859375 0.66845703125 0.03125 0.0380859375
3 0.43593750000000003 0.43505859375 0.060937500000000006 0.0791015625
0 0.839453125 0.37353515625 0.06640625 0.0986328125
2 0.11406250000000001 0.0625 0.028125 0.0390625
2 0.766796875 0.52294921875 0.025781250000000002 0.0361328125
3 0.28750000000000003 0.36279296875 0.08125 0.1044921875
0 0.620703125 0.68701171875 0.06328125 0.0712890625
2 0.20429687500000002 0.4384765625 0.02890625 0.0390625
0 0.041796875000000004 0.666015625 0.07421875 0.08203125
0 0.9453125 0.57861328125 0.0578125 0.0556640625
0 0.954296875 0.48486328125 0.05234375 0.0693359375
3 0.24609375 0.2841796875 0.060937500000000006 0.07421875
0 0.034375 0.0830078125 0.060937500000000006 0.076171875
0 0.495703125 0.404296875 0.055468750000000004 0.0625
0 0.6785156250000001 0.52392578125 0.06171875 0.0888671875
2 0.844921875 0.8173828125 0.025781250000000002 0.0390625
0 0.390625 0.23828125 0.07500000000000001 0.09765625
0 0.201171875 0.521484375 0.049218750000000006 0.0703125
0 0.640625 0.23193359375 0.06875 0.0986328125