0 0.287109375 0.46142578125 0.10546875 0.1201171875
0 0.043359375000000006 0.04248046875 0.05078125 0.0693359375
0 0.08476562500000001 0.1044921875 0.06015625 0.07421875
0 0.19296875000000002 0.1357421875 0.0703125 0.08984375
0 0.26601562500000003 0.1083984375 0.05390625 0.0703125
0 0.0890625 0.56640625 0.096875 0.150390625
0 0.50546875 0.48583984375 0.060937500000000006 0.0771484375
0 0.654296875 0.63232421875 0.06484375 0.0966796875
0 0.749609375 0.89404296875 0.08515625 0.0947265625
0 0.766796875 0.79052734375 0.06640625 0.0810546875
0 0.83203125 0.8408203125 0.05 0.068359375
1 0.14296875 0.89111328125 0.029687500000000002 0.0380859375
2 0.6171875 0.294921875 0.034375 0.044921875
0 0.8539062500000001 0.46484375 0.0625 0.087890625
0 0.7039062500000001 0.44384765625 0.05 0.0712890625
0 0.4546875 0.205078125 0.0671875 0.076171875
0 0.49453125000000003 0.26025390625 0.05625 0.0791015625
0 0.952734375 0.4541015625 0.06171875 0.078125
3 0.22382812500000002 0.74658203125 0.06015625 0.0712890625
3 0.95703125 0.181640625 0.0671875 0.080078125
0 0.974609375 0.54833984375 0.049218750000000006 0.0712890625
0 0.170703125 0.728515625 0.05078125 0.068359375
0 0.0890625 0.431640625 0.0546875 0.076171875
0 0.428515625 0.04443359375 0.057031250000000006 0.0751953125
4 0.4140625 0.93505859375 0.07500000000000001 0.1083984375
3 0.4859375 0.90625 0.0671875 0.08984375
0 0.504296875 0.1396484375 0.06015625 0.0703125
0 0.946875 0.08056640625 0.0546875 0.0869140625
0 0.037500000000000006 0.2724609375 0.06875 0.10546875
1 0.037109375 0.17431640625 0.02421875 0.0341796875