0 0.2578125 0.11767578125 0.09843750000000001 0.1259765625
0 0.32539062500000004 0.33984375 0.057031250000000006 0.078125
0 0.14140625 0.29052734375 0.08125 0.0947265625
0 0.03828125 0.4462890625 0.06406250000000001 0.080078125
0 0.070703125 0.20556640625 0.06015625 0.0869140625
2 0.48671875000000003 0.40625 0.03125 0.041015625
2 0.264453125 0.76220703125 0.030468750000000003 0.0439453125
0 0.132421875 0.6572265625 0.057031250000000006 0.078125
0 0.83515625 0.78125 0.078125 0.103515625
0 0.93125 0.65576171875 0.0703125 0.1025390625
0 0.8562500000000001 0.548828125 0.0578125 0.072265625
0 0.966015625 0.48681640625 0.047656250000000004 0.0634765625
0 0.9730468750000001 0.56787109375 0.047656250000000004 0.0654296875
0 0.859375 0.95654296875 0.0625 0.0810546875
0 0.659765625 0.8115234375 0.06328125 0.083984375
4 0.7292968750000001 0.4775390625 0.041406250000000006 0.052734375
0 0.16367187500000002 0.46484375 0.055468750000000004 0.068359375
1 0.482421875 0.84912109375 0.02890625 0.0380859375
0 0.55625 0.3232421875 0.07968750000000001 0.0859375
0 0.31796875 0.80322265625 0.065625 0.0927734375
0 0.139453125 0.76318359375 0.07578125000000001 0.1044921875
0 0.456640625 0.2099609375 0.06328125 0.068359375
0 0.92109375 0.7451171875 0.0484375 0.072265625
0 0.7972656250000001 0.849609375 0.04296875 0.0625
0 0.6109375 0.8984375 0.059375000000000004 0.076171875
0 0.581640625 0.96044921875 0.06171875 0.0771484375