0 0.240234375 0.740234375 0.07421875 0.091796875
0 0.148046875 0.71435546875 0.06953125 0.0712890625
0 0.173828125 0.80712890625 0.06171875 0.0771484375
0 0.036328125 0.4501953125 0.057031250000000006 0.064453125
0 0.23789062500000002 0.84326171875 0.047656250000000004 0.0751953125
0 0.2921875 0.90771484375 0.05 0.0693359375
0 0.54140625 0.71923828125 0.07187500000000001 0.0927734375
0 0.475390625 0.48046875 0.06171875 0.078125
0 0.559765625 0.55810546875 0.05859375 0.0830078125
0 0.75703125 0.8759765625 0.0546875 0.080078125
0 0.8093750000000001 0.52392578125 0.065625 0.0751953125
0 0.9613281250000001 0.666015625 0.05390625 0.078125
0 0.753515625 0.42236328125 0.05859375 0.0771484375
3 0.80234375 0.12744140625 0.0546875 0.0693359375
0 0.95234375 0.56787109375 0.0625 0.0732421875
0 0.470703125 0.1904296875 0.05078125 0.091796875
3 0.1296875 0.1572265625 0.0625 0.078125
0 0.52265625 0.2978515625 0.0671875 0.08203125
3 0.6234375000000001 0.33935546875 0.05 0.0771484375
4 0.908203125 0.25146484375 0.08828125 0.0947265625
0 0.029687500000000002 0.58349609375 0.059375000000000004 0.0830078125
0 0.32539062500000004 0.7177734375 0.06796875000000001 0.083984375
1 0.48203125 0.8876953125 0.026562500000000003 0.037109375
0 0.20625000000000002 0.22021484375 0.0703125 0.0849609375
0 0.6316406250000001 0.474609375 0.055468750000000004 0.076171875
3 0.7171875000000001 0.5302734375 0.0859375 0.095703125
0 0.40351562500000004 0.23974609375 0.055468750000000004 0.0791015625
0 0.341796875 0.10107421875 0.057031250000000006 0.0654296875
0 0.6921875000000001 0.26708984375 0.053125000000000006 0.0693359375
3 0.942578125 0.0439453125 0.07265625 0.08203125
0 0.857421875 0.59912109375 0.06953125 0.0849609375
0 0.244140625 0.92578125 0.049218750000000006 0.068359375