0 0.7644531250000001 0.3798828125 0.06953125 0.072265625
0 0.29296875 0.20556640625 0.060937500000000006 0.0712890625
0 0.11953125 0.31787109375 0.06406250000000001 0.0771484375
0 0.85546875 0.6103515625 0.065625 0.083984375
0 0.9304687500000001 0.67333984375 0.051562500000000004 0.0693359375
0 0.876953125 0.7900390625 0.05859375 0.072265625
0 0.9148437500000001 0.89404296875 0.0546875 0.0654296875
0 0.567578125 0.79248046875 0.06015625 0.0673828125
2 0.634765625 0.9189453125 0.032031250000000004 0.0390625
0 0.6160156250000001 0.35400390625 0.057031250000000006 0.0771484375
3 0.40351562500000004 0.7548828125 0.09140625000000001 0.115234375
3 0.50390625 0.638671875 0.0734375 0.08203125
2 0.44921875 0.662109375 0.03125 0.0390625
0 0.03671875 0.21240234375 0.06406250000000001 0.0869140625
0 0.848828125 0.37548828125 0.047656250000000004 0.0654296875
0 0.9 0.3896484375 0.05625 0.0703125
0 0.17109375000000002 0.3984375 0.06875 0.083984375
0 0.114453125 0.216796875 0.057031250000000006 0.07421875
2 0.595703125 0.96484375 0.032031250000000004 0.04296875
3 0.9011718750000001 0.31103515625 0.07265625 0.0927734375
0 0.40390625 0.37060546875 0.059375000000000004 0.0693359375
0 0.17421875 0.21484375 0.06406250000000001 0.076171875
0 0.565625 0.60107421875 0.0546875 0.0810546875
2 0.72265625 0.45703125 0.034375 0.03125
0 0.201953125 0.1494140625 0.07734375 0.078125
0 0.11328125 0.46484375 0.059375000000000004 0.083984375
0 0.148046875 0.5390625 0.05859375 0.076171875