0 0.23007812500000002 0.14599609375 0.07421875 0.0927734375
0 0.544140625 0.27685546875 0.06640625 0.0810546875
0 0.365234375 0.29638671875 0.06640625 0.0869140625
0 0.423828125 0.45947265625 0.05390625 0.0693359375
2 0.2828125 0.75244140625 0.05 0.0576171875
2 0.13203125000000002 0.583984375 0.0578125 0.0625
1 0.08359375000000001 0.56396484375 0.0328125 0.0517578125
1 0.1296875 0.3974609375 0.0390625 0.0546875
2 0.70859375 0.69873046875 0.051562500000000004 0.0634765625
2 0.822265625 0.88818359375 0.04296875 0.0537109375
1 0.8289062500000001 0.63427734375 0.035937500000000004 0.0419921875
2 0.96796875 0.60986328125 0.046875 0.0537109375
0 0.5105468750000001 0.3310546875 0.047656250000000004 0.068359375
2 0.5546875 0.38623046875 0.051562500000000004 0.0673828125
1 0.56875 0.9228515625 0.037500000000000006 0.048828125
1 0.49257812500000003 0.947265625 0.04453125 0.05078125
2 0.302734375 0.1591796875 0.04609375 0.064453125
1 0.8296875 0.474609375 0.040625 0.05078125
1 0.880859375 0.46240234375 0.03515625 0.0458984375
2 0.27421875 0.29833984375 0.037500000000000006 0.0478515625