0 0.198046875 0.73388671875 0.06171875 0.0791015625
0 0.319140625 0.83544921875 0.06328125 0.0791015625
0 0.5609375 0.583984375 0.0546875 0.068359375
0 0.8402343750000001 0.5556640625 0.06796875000000001 0.09375
0 0.43828125 0.44091796875 0.0578125 0.0869140625
0 0.5765625 0.41162109375 0.059375000000000004 0.0830078125
0 0.13398437500000002 0.0791015625 0.06796875000000001 0.083984375
0 0.10312500000000001 0.33837890625 0.053125000000000006 0.0673828125
0 0.380859375 0.830078125 0.05390625 0.0703125
0 0.28046875 0.27099609375 0.0625 0.0791015625
0 0.08554687500000001 0.45947265625 0.057031250000000006 0.0634765625
0 0.5007812500000001 0.40087890625 0.051562500000000004 0.0732421875
0 0.6804687500000001 0.13818359375 0.051562500000000004 0.0634765625
0 0.18515625000000002 0.5859375 0.059375000000000004 0.076171875
0 0.36875 0.60546875 0.05 0.060546875
3 0.576171875 0.80322265625 0.055468750000000004 0.0615234375
0 0.236328125 0.08203125 0.05078125 0.0625
0 0.6761718750000001 0.27685546875 0.04609375 0.0673828125
0 0.84140625 0.43505859375 0.0671875 0.0751953125
3 0.574609375 0.8916015625 0.049218750000000006 0.064453125
0 0.207421875 0.25341796875 0.055468750000000004 0.0771484375
0 0.03125 0.91748046875 0.0546875 0.0732421875
0 0.260546875 0.37109375 0.06796875000000001 0.07421875
0 0.35546875 0.47607421875 0.059375000000000004 0.0673828125
0 0.22617187500000002 0.6416015625 0.05234375 0.07421875
0 0.270703125 0.75 0.05859375 0.0625
0 0.81015625 0.91162109375 0.07968750000000001 0.0693359375
0 0.9652343750000001 0.81884765625 0.06015625 0.0693359375
4 0.7367187500000001 0.19921875 0.05 0.0625
3 0.0734375 0.83203125 0.08750000000000001 0.08984375
0 0.369921875 0.22802734375 0.049218750000000006 0.0556640625
0 0.950390625 0.72998046875 0.05078125 0.0732421875