0 0.716796875 0.30859375 0.06953125 0.087890625
0 0.060546875 0.31982421875 0.08203125 0.0908203125
0 0.432421875 0.4541015625 0.057031250000000006 0.08203125
0 0.610546875 0.4326171875 0.057031250000000006 0.0703125
3 0.6882812500000001 0.9150390625 0.096875 0.12890625
0 0.33515625000000004 0.68212890625 0.0546875 0.0712890625
0 0.07187500000000001 0.1123046875 0.065625 0.09375
0 0.7972656250000001 0.6728515625 0.08203125 0.10546875
0 0.89375 0.572265625 0.0484375 0.060546875
0 0.845703125 0.30322265625 0.05078125 0.0693359375
3 0.306640625 0.09375 0.049218750000000006 0.068359375
0 0.835546875 0.42919921875 0.047656250000000004 0.0654296875
0 0.381640625 0.18212890625 0.05390625 0.0673828125
0 0.846875 0.08740234375 0.05 0.0576171875
1 0.6984375 0.48681640625 0.028125 0.0341796875
0 0.065234375 0.423828125 0.06015625 0.08203125
0 0.464453125 0.5224609375 0.05234375 0.0703125
0 0.56171875 0.130859375 0.065625 0.091796875
3 0.852734375 0.20556640625 0.055468750000000004 0.0693359375
0 0.46484375 0.62841796875 0.07500000000000001 0.1025390625
0 0.9652343750000001 0.32861328125 0.06796875000000001 0.0888671875
0 0.3875 0.53173828125 0.05625 0.0732421875
3 0.36875 0.03857421875 0.059375000000000004 0.0771484375
2 0.4890625 0.052734375 0.0234375 0.037109375
0 0.6195312500000001 0.11474609375 0.053125000000000006 0.0693359375
0 0.42812500000000003 0.1298828125 0.046875 0.07421875
0 0.28125 0.43701171875 0.0578125 0.0771484375
0 0.14921875 0.32763671875 0.05 0.0751953125
0 0.91953125 0.23681640625 0.06875 0.0830078125