0 0.29531250000000003 0.30078125 0.06406250000000001 0.078125
0 0.7578125 0.275390625 0.065625 0.0859375
0 0.29140625000000003 0.560546875 0.0546875 0.06640625
3 0.508203125 0.603515625 0.08046875 0.087890625
0 0.37734375000000003 0.87353515625 0.06875 0.0908203125
0 0.300390625 0.89599609375 0.06171875 0.0654296875
0 0.13398437500000002 0.7607421875 0.06953125 0.087890625
4 0.659765625 0.63916015625 0.055468750000000004 0.0732421875
0 0.6875 0.921875 0.0578125 0.08203125
0 0.74765625 0.8564453125 0.0625 0.078125
0 0.33906250000000004 0.06396484375 0.0703125 0.0712890625
0 0.069140625 0.06787109375 0.06171875 0.0751953125
0 0.068359375 0.599609375 0.07890625000000001 0.103515625
0 0.246875 0.7763671875 0.065625 0.083984375
0 0.841015625 0.79248046875 0.05390625 0.0751953125
0 0.354296875 0.375 0.08046875 0.09765625
0 0.37617187500000004 0.7138671875 0.06484375 0.078125
1 0.44609375 0.365234375 0.0328125 0.0390625
0 0.286328125 0.2021484375 0.06171875 0.076171875
0 0.6179687500000001 0.7216796875 0.060937500000000006 0.080078125
0 0.776953125 0.6787109375 0.06015625 0.068359375
0 0.819921875 0.88134765625 0.05390625 0.0751953125
0 0.84375 0.96484375 0.0484375 0.06640625