0 0.49140625000000004 0.5146484375 0.0625 0.095703125
0 0.5328125 0.4072265625 0.05625 0.068359375
0 0.5886718750000001 0.51611328125 0.08359375000000001 0.1083984375
0 0.429296875 0.16845703125 0.06328125 0.0810546875
0 0.731640625 0.193359375 0.06171875 0.080078125
0 0.5613281250000001 0.06005859375 0.06484375 0.0830078125
0 0.05625 0.44580078125 0.0578125 0.0751953125
0 0.7390625000000001 0.31396484375 0.0578125 0.0791015625
0 0.7468750000000001 0.39501953125 0.051562500000000004 0.0576171875
0 0.743359375 0.6298828125 0.06015625 0.078125
0 0.6683593750000001 0.646484375 0.06484375 0.0859375
0 0.75546875 0.74462890625 0.060937500000000006 0.0849609375
0 0.9703125 0.7412109375 0.05625 0.078125
0 0.59375 0.6328125 0.059375000000000004 0.064453125
0 0.32578125 0.49072265625 0.0671875 0.0849609375
0 0.216796875 0.73095703125 0.04453125 0.0634765625
0 0.2625 0.71826171875 0.046875 0.0615234375
0 0.065625 0.64501953125 0.05625 0.0751953125
2 0.46640625 0.3388671875 0.029687500000000002 0.04296875
3 0.296484375 0.875 0.09140625000000001 0.123046875
0 0.134765625 0.90966796875 0.07890625000000001 0.1025390625
1 0.24296875 0.19140625 0.0234375 0.03515625
0 0.31796875 0.6416015625 0.0671875 0.091796875
2 0.638671875 0.84130859375 0.032031250000000004 0.0478515625
0 0.6707031250000001 0.55078125 0.05234375 0.068359375
0 0.468359375 0.64697265625 0.057031250000000006 0.0810546875
0 0.5484375 0.759765625 0.0546875 0.091796875