0 0.766796875 0.55126953125 0.11484375000000001 0.1416015625
0 0.23359375000000002 0.07958984375 0.0484375 0.0693359375
0 0.319921875 0.19580078125 0.05234375 0.0654296875
0 0.478125 0.1640625 0.06875 0.076171875
0 0.546484375 0.14599609375 0.06953125 0.0732421875
0 0.6585937500000001 0.10009765625 0.053125000000000006 0.0693359375
0 0.782421875 0.1748046875 0.06015625 0.0703125
0 0.64609375 0.2197265625 0.045312500000000006 0.060546875
0 0.6351562500000001 0.328125 0.0625 0.076171875
2 0.833203125 0.3173828125 0.030468750000000003 0.037109375
0 0.498828125 0.28271484375 0.07578125000000001 0.0927734375
0 0.578125 0.25537109375 0.059375000000000004 0.0849609375
0 0.921484375 0.81103515625 0.06796875000000001 0.0693359375
0 0.8093750000000001 0.87646484375 0.0578125 0.0693359375
3 0.76328125 0.80712890625 0.0671875 0.0927734375
0 0.6980468750000001 0.9423828125 0.06015625 0.0859375
2 0.892578125 0.68017578125 0.025781250000000002 0.0400390625
2 0.861328125 0.71435546875 0.025781250000000002 0.0380859375
0 0.437109375 0.83447265625 0.07109375 0.0732421875
0 0.708984375 0.73583984375 0.06171875 0.0751953125
0 0.276171875 0.86669921875 0.06484375 0.0849609375
0 0.5066406250000001 0.59716796875 0.06015625 0.0771484375
0 0.12578125 0.8603515625 0.0484375 0.068359375
0 0.62265625 0.7470703125 0.060937500000000006 0.0703125
3 0.47968750000000004 0.77978515625 0.0546875 0.0771484375
2 0.345703125 0.4794921875 0.02734375 0.04296875
0 0.098046875 0.35107421875 0.06015625 0.0751953125
0 0.960546875 0.87890625 0.049218750000000006 0.068359375
0 0.555859375 0.37255859375 0.05234375 0.0888671875
0 0.7761718750000001 0.3193359375 0.06640625 0.08203125
0 0.669140625 0.4111328125 0.06015625 0.0703125