0 0.31757812500000004 0.08544921875 0.06171875 0.0810546875
0 0.61640625 0.0771484375 0.0671875 0.080078125
0 0.440234375 0.3271484375 0.07109375 0.076171875
0 0.9265625000000001 0.54296875 0.07187500000000001 0.083984375
0 0.5625 0.54150390625 0.06875 0.0849609375
0 0.73046875 0.70703125 0.1046875 0.13671875
0 0.17734375000000002 0.92919921875 0.06406250000000001 0.0751953125
0 0.8250000000000001 0.9638671875 0.0578125 0.06640625
0 0.95859375 0.93115234375 0.065625 0.0869140625
0 0.9343750000000001 0.7099609375 0.0625 0.078125
0 0.8125 0.38134765625 0.0625 0.0947265625
2 0.35585937500000003 0.87353515625 0.030468750000000003 0.0419921875
0 0.062109375 0.0830078125 0.05390625 0.0703125
0 0.1265625 0.11083984375 0.053125000000000006 0.0634765625
4 0.8406250000000001 0.7412109375 0.0328125 0.05078125
4 0.8050781250000001 0.79736328125 0.04453125 0.0556640625
0 0.35195312500000003 0.6494140625 0.06015625 0.076171875
0 0.2234375 0.73828125 0.1 0.107421875
0 0.18906250000000002 0.2265625 0.053125000000000006 0.064453125
0 0.049609375000000004 0.3115234375 0.06171875 0.0703125
0 0.875 0.1943359375 0.065625 0.087890625
0 0.3671875 0.94091796875 0.0484375 0.0712890625
0 0.431640625 0.93701171875 0.055468750000000004 0.0751953125
0 0.6000000000000001 0.83642578125 0.0734375 0.0791015625
0 0.5484375 0.1103515625 0.046875 0.064453125
3 0.611328125 0.37841796875 0.10234375000000001 0.1298828125
0 0.41914062500000004 0.65185546875 0.06328125 0.0693359375
0 0.73984375 0.8583984375 0.05 0.0625
0 0.726171875 0.94775390625 0.05078125 0.0654296875
0 0.6761718750000001 0.84375 0.05234375 0.0625