0 0.24296875 0.51904296875 0.0890625 0.1181640625
0 0.122265625 0.24365234375 0.07265625 0.0810546875
0 0.16718750000000002 0.1484375 0.06875 0.078125
0 0.102734375 0.07373046875 0.06015625 0.0732421875
0 0.079296875 0.17236328125 0.049218750000000006 0.0673828125
0 0.40390625 0.17333984375 0.0546875 0.0771484375
0 0.45039062500000004 0.2490234375 0.07265625 0.080078125
0 0.44179687500000003 0.34619140625 0.07578125000000001 0.0849609375
0 0.15585937500000002 0.88623046875 0.06484375 0.0849609375
0 0.24960937500000002 0.923828125 0.05078125 0.0625
0 0.30234375 0.92626953125 0.060937500000000006 0.0966796875
0 0.5140625 0.95263671875 0.07500000000000001 0.0927734375
0 0.89453125 0.6142578125 0.0625 0.083984375
0 0.817578125 0.599609375 0.06484375 0.080078125
4 0.751171875 0.68212890625 0.05234375 0.0712890625
0 0.9031250000000001 0.40380859375 0.060937500000000006 0.0791015625
0 0.9632812500000001 0.1611328125 0.051562500000000004 0.0703125
0 0.9417968750000001 0.8173828125 0.06484375 0.0859375
1 0.65 0.7890625 0.028125 0.0390625
1 0.735546875 0.94921875 0.02890625 0.04296875
0 0.880859375 0.955078125 0.07734375 0.080078125
0 0.899609375 0.125 0.06640625 0.08984375
2 0.978125 0.044921875 0.028125 0.0390625
0 0.935546875 0.04443359375 0.06015625 0.0888671875
0 0.9164062500000001 0.5185546875 0.0671875 0.08984375