0 0.2421875 0.72705078125 0.065625 0.0732421875
0 0.166796875 0.7353515625 0.057031250000000006 0.076171875
0 0.61875 0.74365234375 0.059375000000000004 0.0830078125
0 0.690625 0.77783203125 0.053125000000000006 0.0732421875
0 0.76484375 0.875 0.0578125 0.078125
4 0.669140625 0.3759765625 0.04296875 0.05859375
3 0.42812500000000003 0.86572265625 0.10625000000000001 0.1259765625
3 0.526953125 0.92431640625 0.08515625 0.1083984375
0 0.905859375 0.1748046875 0.06796875000000001 0.07421875
0 0.06992187500000001 0.3662109375 0.05859375 0.08203125
0 0.203125 0.15087890625 0.0703125 0.0732421875
3 0.444921875 0.2734375 0.07421875 0.091796875
3 0.503125 0.419921875 0.05625 0.0703125
3 0.513671875 0.24609375 0.07421875 0.08984375
0 0.7015625000000001 0.63818359375 0.0546875 0.0830078125
0 0.8988281250000001 0.60546875 0.05390625 0.076171875
0 0.1421875 0.65283203125 0.07187500000000001 0.0654296875
0 0.186328125 0.58447265625 0.055468750000000004 0.0595703125
0 0.62890625 0.5263671875 0.0625 0.06640625
3 0.36054687500000004 0.388671875 0.11796875000000001 0.138671875
4 0.741796875 0.30712890625 0.06171875 0.0791015625
4 0.7937500000000001 0.17919921875 0.0578125 0.0732421875
0 0.7140625 0.0908203125 0.051562500000000004 0.064453125
0 0.875 0.53759765625 0.065625 0.0791015625
0 0.8562500000000001 0.783203125 0.06406250000000001 0.078125
0 0.30625 0.544921875 0.060937500000000006 0.072265625
0 0.62421875 0.826171875 0.06406250000000001 0.080078125
0 0.9390625 0.31005859375 0.07187500000000001 0.0849609375
0 0.748046875 0.4541015625 0.07890625000000001 0.076171875
0 0.8148437500000001 0.28466796875 0.065625 0.0732421875
0 0.696484375 0.96142578125 0.06953125 0.0673828125
4 0.30507812500000003 0.66552734375 0.05390625 0.0654296875
3 0.18320312500000002 0.412109375 0.06015625 0.076171875