0 0.043750000000000004 0.50390625 0.07500000000000001 0.08203125
0 0.160546875 0.876953125 0.05859375 0.068359375
0 0.20625000000000002 0.87255859375 0.046875 0.0595703125
0 0.8460937500000001 0.3818359375 0.059375000000000004 0.080078125
2 0.7878906250000001 0.68408203125 0.041406250000000006 0.0556640625
1 0.637890625 0.5380859375 0.03359375 0.046875
2 0.33984375 0.5859375 0.046875 0.0625
2 0.8695312500000001 0.11181640625 0.037500000000000006 0.0576171875
2 0.373828125 0.2646484375 0.039843750000000004 0.046875
4 0.7328125000000001 0.65234375 0.0703125 0.08984375
2 0.507421875 0.94970703125 0.04296875 0.0517578125
2 0.8289062500000001 0.89794921875 0.037500000000000006 0.0517578125
2 0.83203125 0.95751953125 0.043750000000000004 0.0517578125
0 0.9617187500000001 0.88525390625 0.045312500000000006 0.0634765625
4 0.342578125 0.357421875 0.07578125000000001 0.09765625
4 0.40390625 0.4052734375 0.08125 0.125
2 0.5730468750000001 0.41943359375 0.039843750000000004 0.0634765625
2 0.17421875 0.6318359375 0.05625 0.064453125
0 0.26484375 0.24755859375 0.051562500000000004 0.0634765625
2 0.67890625 0.27783203125 0.040625 0.0517578125
0 0.70703125 0.38818359375 0.045312500000000006 0.0576171875
0 0.9281250000000001 0.96533203125 0.0546875 0.0654296875
2 0.02734375 0.916015625 0.0546875 0.064453125
2 0.44453125000000004 0.87255859375 0.046875 0.0634765625
1 0.458984375 0.78759765625 0.039843750000000004 0.0439453125
1 0.894140625 0.76220703125 0.03359375 0.0478515625
2 0.964453125 0.78759765625 0.04609375 0.0537109375
1 0.9378906250000001 0.541015625 0.039843750000000004 0.046875
1 0.671875 0.0712890625 0.0421875 0.04296875
1 0.552734375 0.8408203125 0.039843750000000004 0.044921875
1 0.480078125 0.5478515625 0.03828125 0.046875
1 0.687109375 0.4833984375 0.030468750000000003 0.04296875
0 0.253125 0.90966796875 0.059375000000000004 0.0732421875
1 0.946484375 0.6875 0.039843750000000004 0.044921875
1 0.56640625 0.0556640625 0.040625 0.04296875
1 0.44062500000000004 0.58642578125 0.034375 0.0458984375
1 0.314453125 0.5185546875 0.03828125 0.04296875