0 0.8308593750000001 0.923828125 0.06796875000000001 0.083984375
1 0.2484375 0.76513671875 0.029687500000000002 0.0361328125
0 0.2421875 0.126953125 0.05625 0.083984375
0 0.114453125 0.28857421875 0.05859375 0.0830078125
0 0.171875 0.32861328125 0.05625 0.0830078125
0 0.6761718750000001 0.25439453125 0.06171875 0.0830078125
0 0.7347656250000001 0.55126953125 0.05859375 0.0732421875
0 0.8148437500000001 0.5439453125 0.0484375 0.07421875
3 0.5007812500000001 0.5810546875 0.0765625 0.0859375
2 0.335546875 0.52734375 0.030468750000000003 0.046875
3 0.6953125 0.6904296875 0.0578125 0.068359375
0 0.550390625 0.68408203125 0.06328125 0.0849609375
3 0.5421875 0.06005859375 0.07968750000000001 0.0966796875
2 0.2609375 0.87353515625 0.0328125 0.0400390625
4 0.9375 0.3671875 0.043750000000000004 0.064453125
3 0.67578125 0.375 0.0859375 0.103515625
0 0.649609375 0.75634765625 0.06171875 0.0654296875
0 0.15390625000000002 0.77978515625 0.0546875 0.0654296875
0 0.755859375 0.47119140625 0.057031250000000006 0.0712890625
0 0.114453125 0.17041015625 0.057031250000000006 0.0654296875
1 0.230859375 0.4140625 0.02421875 0.041015625