0 0.27421875 0.42578125 0.07968750000000001 0.09375
0 0.11328125 0.43701171875 0.053125000000000006 0.0712890625
0 0.042578125 0.134765625 0.06015625 0.076171875
0 0.240234375 0.34033203125 0.05859375 0.0673828125
0 0.19140625 0.4501953125 0.0578125 0.072265625
0 0.03671875 0.8115234375 0.0546875 0.06640625
0 0.09453125000000001 0.8115234375 0.059375000000000004 0.078125
0 0.07890625000000001 0.9013671875 0.060937500000000006 0.080078125
0 0.2625 0.9453125 0.0625 0.087890625
0 0.295703125 0.65966796875 0.05234375 0.0732421875
0 0.420703125 0.72314453125 0.06484375 0.0849609375
0 0.33710937500000004 0.89501953125 0.055468750000000004 0.0888671875
0 0.63046875 0.8583984375 0.0671875 0.087890625
0 0.685546875 0.7021484375 0.05859375 0.087890625
0 0.94296875 0.7958984375 0.065625 0.091796875
3 0.39453125 0.6171875 0.06406250000000001 0.076171875
4 0.47695312500000003 0.38671875 0.06328125 0.0859375
0 0.8089843750000001 0.47265625 0.06171875 0.087890625
0 0.745703125 0.41455078125 0.06015625 0.0927734375
0 0.887890625 0.677734375 0.049218750000000006 0.076171875
0 0.5554687500000001 0.35595703125 0.045312500000000006 0.0634765625
0 0.623046875 0.2587890625 0.057031250000000006 0.07421875
2 0.6722656250000001 0.5380859375 0.02421875 0.037109375
3 0.60859375 0.48486328125 0.043750000000000004 0.0634765625
0 0.591015625 0.62060546875 0.06328125 0.0751953125
0 0.44296875 0.15625 0.0625 0.0703125
0 0.60078125 0.14111328125 0.059375000000000004 0.0888671875
0 0.35625 0.501953125 0.051562500000000004 0.083984375
0 0.505859375 0.4921875 0.06796875000000001 0.078125
0 0.274609375 0.7490234375 0.041406250000000006 0.064453125
0 0.31328125 0.76171875 0.0421875 0.05859375
0 0.828125 0.3837890625 0.06406250000000001 0.083984375
0 0.661328125 0.4384765625 0.08515625 0.111328125
0 0.5046875000000001 0.81103515625 0.0546875 0.0791015625
4 0.211328125 0.87890625 0.05390625 0.068359375