0 0.057421875000000004 0.328125 0.07265625 0.087890625
0 0.15859375 0.34326171875 0.05625 0.0791015625
0 0.08281250000000001 0.45166015625 0.08281250000000001 0.1103515625
0 0.487109375 0.22119140625 0.07109375 0.0908203125
0 0.553125 0.2744140625 0.0625 0.083984375
0 0.384375 0.6220703125 0.07500000000000001 0.09765625
0 0.434375 0.52978515625 0.0546875 0.0693359375
0 0.466796875 0.6240234375 0.05078125 0.068359375
0 0.632421875 0.5517578125 0.057031250000000006 0.078125
0 0.6257812500000001 0.66748046875 0.060937500000000006 0.0908203125
0 0.779296875 0.50048828125 0.06640625 0.0888671875
4 0.428515625 0.2958984375 0.05234375 0.0703125
1 0.328125 0.17578125 0.029687500000000002 0.041015625
1 0.32851562500000003 0.0849609375 0.022656250000000003 0.03515625
0 0.816015625 0.318359375 0.06640625 0.091796875
0 0.7820312500000001 0.24169921875 0.06875 0.0810546875
0 0.283203125 0.60009765625 0.05859375 0.0712890625
0 0.48671875000000003 0.12109375 0.06875 0.080078125
0 0.540234375 0.5859375 0.07421875 0.095703125
0 0.8578125000000001 0.25537109375 0.07187500000000001 0.0869140625
3 0.35859375000000004 0.84228515625 0.08750000000000001 0.1220703125
0 0.09726562500000001 0.041015625 0.09609375 0.078125
0 0.787109375 0.42578125 0.06484375 0.078125
2 0.6800781250000001 0.8291015625 0.03671875 0.044921875
0 0.90234375 0.34619140625 0.06406250000000001 0.0791015625