0 0.19648437500000002 0.15576171875 0.057031250000000006 0.0830078125
0 0.047656250000000004 0.36376953125 0.060937500000000006 0.0908203125
0 0.237109375 0.45361328125 0.07890625000000001 0.1044921875
0 0.32578125 0.4990234375 0.06406250000000001 0.083984375
0 0.330859375 0.6796875 0.06328125 0.07421875
0 0.06015625 0.8701171875 0.06406250000000001 0.08984375
0 0.562109375 0.6904296875 0.05859375 0.080078125
0 0.353125 0.76708984375 0.059375000000000004 0.0595703125
0 0.441015625 0.814453125 0.06484375 0.080078125
0 0.35976562500000003 0.87841796875 0.06484375 0.1025390625
0 0.427734375 0.91015625 0.049218750000000006 0.052734375
0 0.779296875 0.69091796875 0.06953125 0.0888671875
0 0.821875 0.74267578125 0.05 0.0615234375
3 0.8875000000000001 0.84521484375 0.0734375 0.0947265625
0 0.8855468750000001 0.37841796875 0.06953125 0.0888671875
0 0.95078125 0.24755859375 0.09375 0.1181640625
2 0.33632812500000003 0.3359375 0.02734375 0.0390625
0 0.47578125000000004 0.36474609375 0.06875 0.0869140625
0 0.189453125 0.28759765625 0.06171875 0.0830078125
0 0.5789062500000001 0.05712890625 0.060937500000000006 0.0751953125
0 0.861328125 0.296875 0.05078125 0.07421875
0 0.634765625 0.88720703125 0.05078125 0.0712890625
0 0.553125 0.79150390625 0.0546875 0.0712890625
0 0.20468750000000002 0.70849609375 0.0625 0.0732421875
3 0.8125 0.23779296875 0.046875 0.0654296875
0 0.503125 0.2734375 0.060937500000000006 0.076171875
4 0.28203125 0.96337890625 0.0546875 0.0712890625
1 0.09062500000000001 0.78076171875 0.026562500000000003 0.0341796875
0 0.018359375 0.93701171875 0.03671875 0.0732421875
0 0.7078125000000001 0.8935546875 0.060937500000000006 0.0703125
0 0.5 0.93212890625 0.053125000000000006 0.0654296875
0 0.675390625 0.0439453125 0.05390625 0.06640625
2 0.8207031250000001 0.0390625 0.030468750000000003 0.041015625
0 0.7914062500000001 0.79931640625 0.0546875 0.0634765625
2 0.46796875000000004 0.42333984375 0.028125 0.0380859375