0 0.6843750000000001 0.248046875 0.08281250000000001 0.099609375
0 0.58125 0.3984375 0.065625 0.0703125
0 0.630859375 0.32373046875 0.055468750000000004 0.0771484375
0 0.6957031250000001 0.34716796875 0.055468750000000004 0.0791015625
3 0.676953125 0.57958984375 0.06328125 0.0927734375
0 0.408984375 0.50390625 0.06796875000000001 0.080078125
0 0.48554687500000004 0.8076171875 0.06171875 0.068359375
0 0.5339843750000001 0.5908203125 0.06015625 0.08203125
2 0.284375 0.3525390625 0.029687500000000002 0.041015625
0 0.677734375 0.45751953125 0.06015625 0.0751953125
2 0.8285156250000001 0.67626953125 0.02890625 0.0361328125
0 0.31484375000000003 0.84375 0.0546875 0.07421875
0 0.278515625 0.95458984375 0.06484375 0.0771484375
0 0.16640625 0.796875 0.059375000000000004 0.068359375
1 0.716796875 0.96240234375 0.022656250000000003 0.0322265625
1 0.8851562500000001 0.25146484375 0.025 0.0302734375
1 0.15078125 0.17626953125 0.034375 0.0380859375
0 0.166796875 0.90771484375 0.08828125 0.1123046875
0 0.44453125000000004 0.58154296875 0.06406250000000001 0.0791015625
0 0.46718750000000003 0.7158203125 0.065625 0.08203125
2 0.0140625 0.44091796875 0.028125 0.0419921875
1 0.07578125000000001 0.02734375 0.029687500000000002 0.0390625
2 0.9484375 0.65283203125 0.034375 0.0380859375
0 0.58984375 0.49462890625 0.060937500000000006 0.0791015625
0 0.60703125 0.55859375 0.051562500000000004 0.076171875
0 0.818359375 0.37890625 0.07890625000000001 0.09375
2 0.56953125 0.66162109375 0.03125 0.0439453125
0 0.463671875 0.169921875 0.06953125 0.087890625
1 0.589453125 0.21875 0.02734375 0.037109375
2 0.89453125 0.123046875 0.03125 0.04296875