0 0.150390625 0.1875 0.08203125 0.09765625
0 0.24140625000000002 0.08203125 0.05625 0.078125
0 0.4375 0.17578125 0.07187500000000001 0.087890625
0 0.036328125 0.5986328125 0.05859375 0.068359375
0 0.06328125 0.453125 0.0578125 0.080078125
0 0.4453125 0.6015625 0.0859375 0.1171875
0 0.48984375 0.80029296875 0.060937500000000006 0.0849609375
0 0.30546875 0.71630859375 0.065625 0.0771484375
0 0.6492187500000001 0.3623046875 0.060937500000000006 0.083984375
0 0.919921875 0.64208984375 0.06171875 0.0751953125
3 0.2265625 0.83740234375 0.059375000000000004 0.0771484375
3 0.951171875 0.5546875 0.05234375 0.08984375
0 0.49257812500000003 0.26318359375 0.06484375 0.0751953125
0 0.38398437500000004 0.95458984375 0.06171875 0.0849609375
0 0.129296875 0.72412109375 0.055468750000000004 0.0712890625
0 0.10117187500000001 0.818359375 0.05234375 0.07421875
0 0.494140625 0.4296875 0.06640625 0.091796875
0 0.612890625 0.28076171875 0.057031250000000006 0.0654296875
0 0.930859375 0.7734375 0.07421875 0.095703125
0 0.369921875 0.8525390625 0.06328125 0.072265625
0 0.3953125 0.76220703125 0.08125 0.0986328125
3 0.19257812500000002 0.56103515625 0.07734375 0.0888671875
0 0.44062500000000004 0.31591796875 0.053125000000000006 0.0712890625
0 0.641796875 0.556640625 0.05390625 0.06640625
0 0.7078125000000001 0.5927734375 0.051562500000000004 0.076171875
0 0.0546875 0.20068359375 0.0625 0.0712890625
0 0.06640625 0.74853515625 0.0625 0.0771484375
0 0.5140625 0.3525390625 0.060937500000000006 0.072265625
0 0.55234375 0.5 0.0578125 0.06640625
0 0.7585937500000001 0.7587890625 0.07500000000000001 0.07421875