0 0.35625 0.740234375 0.084375 0.109375
0 0.41796875 0.47705078125 0.065625 0.0830078125
0 0.32656250000000003 0.15673828125 0.0578125 0.0849609375
0 0.8859375 0.51025390625 0.06875 0.0947265625
0 0.7308593750000001 0.931640625 0.05859375 0.087890625
0 0.801953125 0.87109375 0.05078125 0.068359375
0 0.859375 0.9248046875 0.05625 0.064453125
0 0.038671875 0.83984375 0.06796875000000001 0.083984375
3 0.232421875 0.89404296875 0.13203125000000002 0.1728515625
0 0.63828125 0.52880859375 0.059375000000000004 0.0810546875
0 0.4453125 0.68408203125 0.06406250000000001 0.0947265625
0 0.47382812500000004 0.55224609375 0.06171875 0.0908203125
0 0.5496093750000001 0.84716796875 0.04453125 0.0654296875
0 0.6257812500000001 0.23681640625 0.06875 0.0732421875
0 0.696875 0.14453125 0.053125000000000006 0.078125
0 0.501953125 0.13330078125 0.06171875 0.0830078125
0 0.26992187500000003 0.6826171875 0.06640625 0.076171875
0 0.6625000000000001 0.62890625 0.060937500000000006 0.0859375
0 0.36171875000000003 0.8955078125 0.0671875 0.087890625
0 0.494921875 0.8916015625 0.057031250000000006 0.08203125
0 0.530859375 0.34912109375 0.05390625 0.0732421875
0 0.958203125 0.3671875 0.06640625 0.087890625
0 0.6121093750000001 0.81689453125 0.055468750000000004 0.0634765625
2 0.628125 0.720703125 0.0328125 0.04296875
0 0.6203125 0.13525390625 0.059375000000000004 0.0849609375
0 0.68671875 0.3671875 0.05625 0.080078125
0 0.923046875 0.28466796875 0.05390625 0.0869140625
1 0.8582031250000001 0.33056640625 0.030468750000000003 0.0400390625