0 0.908203125 0.70947265625 0.05390625 0.0791015625
0 0.31796875 0.91015625 0.065625 0.083984375
0 0.0578125 0.86328125 0.0703125 0.078125
0 0.136328125 0.82470703125 0.06640625 0.0595703125
0 0.114453125 0.7451171875 0.06484375 0.078125
0 0.21484375 0.75390625 0.0578125 0.078125
0 0.30585937500000004 0.69921875 0.05859375 0.078125
0 0.529296875 0.6650390625 0.06015625 0.083984375
2 0.55703125 0.7646484375 0.0328125 0.037109375
0 0.258984375 0.5556640625 0.07421875 0.087890625
0 0.42265625 0.53857421875 0.0703125 0.0771484375
0 0.333984375 0.5029296875 0.06328125 0.07421875
0 0.133203125 0.48486328125 0.06640625 0.0888671875
0 0.393359375 0.27001953125 0.07734375 0.0830078125
0 0.211328125 0.330078125 0.06015625 0.076171875
0 0.9382812500000001 0.26953125 0.07500000000000001 0.087890625
0 0.8699218750000001 0.50341796875 0.08515625 0.1103515625
2 0.6996093750000001 0.34326171875 0.02734375 0.0400390625
2 0.733984375 0.47900390625 0.030468750000000003 0.0361328125
3 0.6265625 0.28271484375 0.051562500000000004 0.0712890625
0 0.547265625 0.0654296875 0.05078125 0.06640625
0 0.19375 0.44140625 0.040625 0.05078125
0 0.309375 0.427734375 0.0546875 0.0703125
2 0.0125 0.72998046875 0.025 0.0400390625
3 0.28125 0.16748046875 0.05625 0.0791015625
0 0.23046875 0.2373046875 0.0625 0.08984375
0 0.50625 0.28173828125 0.059375000000000004 0.0791015625
0 0.35976562500000003 0.74169921875 0.057031250000000006 0.0732421875
0 0.39609375 0.03857421875 0.0671875 0.0771484375
0 0.950390625 0.51123046875 0.06796875000000001 0.0947265625
2 0.524609375 0.4990234375 0.032031250000000004 0.046875
0 0.50625 0.18212890625 0.078125 0.0908203125
0 0.8859375 0.14306640625 0.059375000000000004 0.0634765625
0 0.40273437500000003 0.80029296875 0.06953125 0.0732421875
0 0.267578125 0.87451171875 0.057031250000000006 0.0732421875
1 0.72578125 0.40673828125 0.028125 0.0283203125
4 0.946484375 0.35009765625 0.05859375 0.0712890625
0 0.369921875 0.65625 0.055468750000000004 0.076171875