0 0.41328125000000004 0.48486328125 0.0921875 0.1259765625
4 0.48828125 0.7001953125 0.060937500000000006 0.08203125
2 0.771484375 0.51220703125 0.04453125 0.0556640625
2 0.68125 0.39208984375 0.0484375 0.0517578125
0 0.45742187500000003 0.6220703125 0.05859375 0.068359375
0 0.515625 0.6201171875 0.06875 0.076171875
2 0.300390625 0.63427734375 0.047656250000000004 0.0478515625
2 0.153125 0.55859375 0.0421875 0.048828125
2 0.128515625 0.6298828125 0.04609375 0.056640625
2 0.17500000000000002 0.8359375 0.0390625 0.052734375
2 0.13046875 0.92822265625 0.043750000000000004 0.0517578125
2 0.479296875 0.1982421875 0.04453125 0.056640625
2 0.6203125 0.19140625 0.0484375 0.056640625
2 0.6722656250000001 0.25732421875 0.04296875 0.0615234375
1 0.7140625 0.7490234375 0.0390625 0.04296875
1 0.853125 0.6943359375 0.034375 0.048828125
1 0.873046875 0.48974609375 0.039843750000000004 0.0498046875
1 0.6175781250000001 0.63232421875 0.03671875 0.0517578125
0 0.160546875 0.7119140625 0.04296875 0.060546875
0 0.0578125 0.935546875 0.05625 0.06640625
1 0.6332031250000001 0.3671875 0.03671875 0.05078125
1 0.70703125 0.79833984375 0.040625 0.0439453125
1 0.46914062500000003 0.75732421875 0.039843750000000004 0.0458984375
2 0.966796875 0.65673828125 0.04453125 0.0576171875
2 0.8914062500000001 0.35498046875 0.046875 0.0615234375
1 0.794140625 0.55078125 0.025781250000000002 0.041015625