0 0.6804687500000001 0.4814453125 0.065625 0.09765625
0 0.03671875 0.13720703125 0.060937500000000006 0.0830078125
0 0.16328125000000002 0.08203125 0.05625 0.068359375
0 0.177734375 0.154296875 0.055468750000000004 0.056640625
0 0.07421875 0.4736328125 0.0546875 0.072265625
0 0.10117187500000001 0.53955078125 0.05234375 0.0771484375
0 0.10546875 0.4208984375 0.045312500000000006 0.0625
0 0.8152343750000001 0.18896484375 0.057031250000000006 0.0634765625
0 0.619140625 0.14697265625 0.06953125 0.0908203125
0 0.50703125 0.24560546875 0.053125000000000006 0.0791015625
3 0.5886718750000001 0.24853515625 0.06796875000000001 0.0869140625
0 0.540625 0.15576171875 0.0671875 0.0830078125
0 0.67890625 0.24755859375 0.060937500000000006 0.0791015625
2 0.7722656250000001 0.3349609375 0.02890625 0.041015625
0 0.765625 0.47265625 0.05625 0.0703125
0 0.665625 0.64892578125 0.06406250000000001 0.0712890625
0 0.7234375000000001 0.59521484375 0.0578125 0.0771484375
2 0.6765625000000001 0.59130859375 0.025 0.0361328125
1 0.69140625 0.3759765625 0.028125 0.029296875
0 0.6121093750000001 0.72412109375 0.05390625 0.0673828125
0 0.532421875 0.7060546875 0.07578125000000001 0.08984375
0 0.4859375 0.787109375 0.0625 0.080078125
3 0.466796875 0.654296875 0.05859375 0.080078125
0 0.38203125000000004 0.67578125 0.05625 0.07421875
0 0.354296875 0.49658203125 0.06484375 0.0810546875
0 0.528515625 0.9189453125 0.057031250000000006 0.08984375
0 0.45429687500000004 0.890625 0.05234375 0.07421875
0 0.7679687500000001 0.9560546875 0.065625 0.0703125
0 0.0421875 0.69677734375 0.046875 0.0751953125
2 0.15585937500000002 0.53857421875 0.02734375 0.0361328125
1 0.947265625 0.8203125 0.02734375 0.0390625
0 0.30898437500000003 0.41796875 0.07421875 0.083984375
0 0.103515625 0.939453125 0.06484375 0.078125
0 0.62109375 0.56494140625 0.06875 0.0908203125
0 0.068359375 0.6328125 0.05859375 0.064453125
0 0.062109375 0.1875 0.049218750000000006 0.072265625
2 0.6351562500000001 0.51806640625 0.026562500000000003 0.0380859375
4 0.43359375 0.59814453125 0.0546875 0.0615234375
0 0.6375000000000001 0.32373046875 0.05625 0.0556640625
0 0.46328125000000003 0.11279296875 0.060937500000000006 0.0771484375
0 0.32109375 0.900390625 0.0625 0.068359375