0 0.3125 0.66845703125 0.0625 0.0791015625
0 0.18085937500000002 0.47998046875 0.06796875000000001 0.0849609375
0 0.9324218750000001 0.55615234375 0.06328125 0.0888671875
0 0.36640625000000004 0.58642578125 0.053125000000000006 0.0654296875
4 0.471484375 0.8466796875 0.04609375 0.052734375
0 0.299609375 0.919921875 0.06328125 0.078125
0 0.23398437500000002 0.9345703125 0.05390625 0.068359375
0 0.049218750000000006 0.48681640625 0.0578125 0.0693359375
0 0.09843750000000001 0.39404296875 0.05625 0.0654296875
3 0.12578125 0.1572265625 0.053125000000000006 0.0625
0 0.314453125 0.27587890625 0.04609375 0.0615234375
0 0.3796875 0.10546875 0.051562500000000004 0.06640625
0 0.34765625 0.2060546875 0.046875 0.064453125
2 0.04296875 0.18115234375 0.029687500000000002 0.0361328125
0 0.43593750000000003 0.2275390625 0.05 0.07421875
3 0.30781250000000004 0.39990234375 0.0484375 0.0791015625
2 0.49375 0.1845703125 0.028125 0.0390625
0 0.735546875 0.1943359375 0.049218750000000006 0.072265625
0 0.7425781250000001 0.32666015625 0.07265625 0.0966796875
0 0.890625 0.2451171875 0.060937500000000006 0.083984375
0 0.8046875 0.26171875 0.046875 0.076171875
0 0.8289062500000001 0.1943359375 0.05 0.0859375
0 0.9675781250000001 0.10791015625 0.05390625 0.0810546875
0 0.9554687500000001 0.20751953125 0.059375000000000004 0.0712890625
1 0.595703125 0.67431640625 0.022656250000000003 0.0322265625
2 0.451953125 0.48779296875 0.032031250000000004 0.0302734375
0 0.19101562500000002 0.0341796875 0.05390625 0.060546875
0 0.9535156250000001 0.95654296875 0.05234375 0.0791015625
0 0.6296875000000001 0.17138671875 0.078125 0.0791015625
0 0.593359375 0.26708984375 0.06328125 0.0869140625
1 0.637890625 0.27294921875 0.02734375 0.0341796875
2 0.9304687500000001 0.46923828125 0.03125 0.0380859375
2 0.87265625 0.52490234375 0.03125 0.0439453125
0 0.46171875 0.4345703125 0.06406250000000001 0.076171875
0 0.8921875 0.07568359375 0.06875 0.0791015625