0 0.198046875 0.26953125 0.06015625 0.078125
0 0.242578125 0.42822265625 0.10234375000000001 0.1298828125
0 0.837890625 0.19921875 0.06328125 0.08203125
0 0.7425781250000001 0.673828125 0.05390625 0.080078125
0 0.851171875 0.634765625 0.057031250000000006 0.068359375
0 0.6062500000000001 0.2138671875 0.09375 0.126953125
0 0.044140625 0.84716796875 0.05859375 0.0751953125
3 0.48046875 0.630859375 0.065625 0.08984375
0 0.125 0.14208984375 0.060937500000000006 0.0751953125
0 0.037109375 0.3076171875 0.049218750000000006 0.060546875
0 0.251171875 0.296875 0.047656250000000004 0.068359375
0 0.2390625 0.67041015625 0.059375000000000004 0.0712890625
3 0.420703125 0.6669921875 0.09140625000000001 0.09375
0 0.723828125 0.962890625 0.06015625 0.072265625
3 0.515234375 0.279296875 0.07890625000000001 0.087890625
3 0.07734375 0.5712890625 0.0890625 0.09765625
0 0.6296875000000001 0.75244140625 0.0578125 0.0771484375
0 0.9304687500000001 0.6396484375 0.0546875 0.072265625
0 0.97578125 0.74365234375 0.046875 0.0673828125
0 0.278515625 0.20068359375 0.05859375 0.0712890625
3 0.115625 0.22802734375 0.0734375 0.0947265625
0 0.3609375 0.93310546875 0.053125000000000006 0.0537109375
0 0.369140625 0.80615234375 0.06171875 0.0791015625
0 0.23125 0.89794921875 0.07968750000000001 0.0908203125
0 0.4765625 0.87890625 0.0546875 0.0703125
0 0.946875 0.05078125 0.045312500000000006 0.09375
0 0.34140625 0.46923828125 0.060937500000000006 0.1064453125