0 0.15156250000000002 0.57763671875 0.06875 0.0849609375
0 0.274609375 0.2705078125 0.05859375 0.076171875
0 0.37890625 0.5361328125 0.07968750000000001 0.09375
0 0.7171875000000001 0.59912109375 0.0546875 0.0693359375
0 0.221484375 0.61474609375 0.06953125 0.0869140625
0 0.9636718750000001 0.0458984375 0.06171875 0.08203125
3 0.525 0.8095703125 0.06875 0.087890625
0 0.025390625 0.81982421875 0.05078125 0.0673828125
0 0.511328125 0.65771484375 0.06484375 0.0771484375
0 0.719921875 0.91259765625 0.055468750000000004 0.0791015625
0 0.6589843750000001 0.55078125 0.049218750000000006 0.068359375
1 0.878515625 0.70458984375 0.02890625 0.0322265625
0 0.113671875 0.119140625 0.06484375 0.076171875
1 0.9539062500000001 0.591796875 0.0234375 0.037109375
0 0.46914062500000003 0.57568359375 0.057031250000000006 0.0810546875
0 0.52265625 0.58642578125 0.060937500000000006 0.0771484375
2 0.9765625 0.45263671875 0.0328125 0.0439453125
0 0.241015625 0.76171875 0.06171875 0.06640625
0 0.44257812500000004 0.49267578125 0.06015625 0.0830078125
0 0.26796875000000003 0.1474609375 0.060937500000000006 0.0859375