0 0.43085937500000004 0.4970703125 0.06484375 0.076171875
0 0.54140625 0.7197265625 0.0625 0.07421875
0 0.6058593750000001 0.6728515625 0.07421875 0.091796875
0 0.66953125 0.962890625 0.07500000000000001 0.072265625
0 0.9031250000000001 0.77685546875 0.0734375 0.0849609375
0 0.771484375 0.33642578125 0.06640625 0.0830078125
0 0.7820312500000001 0.25732421875 0.06875 0.0830078125
2 0.8480468750000001 0.16015625 0.03359375 0.04296875
0 0.087890625 0.71484375 0.05390625 0.06640625
0 0.455078125 0.96484375 0.05234375 0.060546875
0 0.134765625 0.43017578125 0.06171875 0.0751953125
0 0.6062500000000001 0.56640625 0.05625 0.068359375
0 0.207421875 0.29052734375 0.057031250000000006 0.0732421875
0 0.6917968750000001 0.86767578125 0.06484375 0.0966796875
3 0.421484375 0.0458984375 0.057031250000000006 0.068359375
3 0.49335937500000004 0.08837890625 0.09609375 0.1240234375
0 0.6902343750000001 0.12841796875 0.05234375 0.0654296875
0 0.62265625 0.287109375 0.0578125 0.0546875
0 0.24335937500000002 0.498046875 0.06640625 0.09375
0 0.511328125 0.48583984375 0.04453125 0.0673828125
0 0.72578125 0.77490234375 0.07187500000000001 0.0830078125
0 0.0671875 0.64794921875 0.065625 0.0751953125
0 0.10078125 0.57275390625 0.0734375 0.0908203125
0 0.3921875 0.21875 0.0484375 0.064453125
0 0.20078125000000002 0.21923828125 0.060937500000000006 0.0732421875
2 0.7046875 0.5390625 0.026562500000000003 0.044921875