0 0.5359375000000001 0.56103515625 0.0578125 0.0771484375
0 0.6003906250000001 0.53173828125 0.05390625 0.0615234375
0 0.651953125 0.42724609375 0.05859375 0.0810546875
0 0.886328125 0.6787109375 0.06640625 0.09765625
0 0.721875 0.82666015625 0.07187500000000001 0.0927734375
0 0.767578125 0.9267578125 0.05234375 0.08203125
0 0.06992187500000001 0.83544921875 0.041406250000000006 0.0732421875
3 0.30507812500000003 0.73876953125 0.06953125 0.0966796875
0 0.17695312500000002 0.5712890625 0.05234375 0.076171875
0 0.423828125 0.6162109375 0.05390625 0.064453125
0 0.17929687500000002 0.36376953125 0.057031250000000006 0.0712890625
0 0.85703125 0.22802734375 0.0671875 0.0810546875
0 0.65625 0.7919921875 0.06875 0.087890625
0 0.8792968750000001 0.400390625 0.05859375 0.076171875
0 0.721875 0.3798828125 0.0546875 0.068359375
0 0.268359375 0.642578125 0.055468750000000004 0.078125
2 0.015625 0.78759765625 0.029687500000000002 0.0400390625
1 0.048828125 0.2177734375 0.030468750000000003 0.033203125
2 0.480078125 0.01953125 0.02890625 0.0390625
3 0.246875 0.81787109375 0.09531250000000001 0.1103515625
0 0.23398437500000002 0.31005859375 0.05078125 0.0634765625
0 0.133203125 0.59130859375 0.041406250000000006 0.0654296875
0 0.95703125 0.32421875 0.060937500000000006 0.095703125
0 0.45 0.08251953125 0.05625 0.0615234375
0 0.38984375000000004 0.0947265625 0.053125000000000006 0.0703125
0 0.7878906250000001 0.205078125 0.08359375000000001 0.08203125
2 0.7308593750000001 0.58544921875 0.02890625 0.0341796875
0 0.213671875 0.90087890625 0.055468750000000004 0.0791015625
0 0.36835937500000004 0.79052734375 0.05390625 0.0810546875
0 0.34882812500000004 0.60302734375 0.04609375 0.0673828125
0 0.6000000000000001 0.646484375 0.05 0.0703125
0 0.525 0.69970703125 0.045312500000000006 0.0693359375
0 0.486328125 0.2470703125 0.06328125 0.07421875
0 0.91015625 0.2587890625 0.05 0.076171875
0 0.26015625000000003 0.10302734375 0.046875 0.0654296875