0 0.577734375 0.04052734375 0.06796875000000001 0.0810546875
0 0.6515625 0.28125 0.07500000000000001 0.083984375
0 0.5105468750000001 0.37255859375 0.06484375 0.0908203125
0 0.09453125000000001 0.47509765625 0.060937500000000006 0.0693359375
0 0.132421875 0.5498046875 0.06640625 0.0859375
0 0.7984375 0.67822265625 0.051562500000000004 0.0654296875
3 0.847265625 0.6318359375 0.08984375 0.115234375
0 0.8582031250000001 0.95556640625 0.049218750000000006 0.0693359375
0 0.38046875 0.83154296875 0.06406250000000001 0.0830078125
0 0.10507812500000001 0.77880859375 0.06484375 0.0908203125
0 0.626953125 0.67236328125 0.06953125 0.0869140625
3 0.9234375 0.69677734375 0.078125 0.1005859375
0 0.8703125 0.80029296875 0.059375000000000004 0.0693359375
0 0.76875 0.51416015625 0.0671875 0.0791015625
0 0.701171875 0.181640625 0.05078125 0.068359375
3 0.794140625 0.81005859375 0.09765625 0.1142578125
0 0.17500000000000002 0.35986328125 0.065625 0.0732421875
2 0.26875 0.48681640625 0.029687500000000002 0.0361328125
0 0.43125 0.58984375 0.0765625 0.09765625
2 0.43281250000000004 0.30078125 0.0328125 0.044921875
2 0.11992187500000001 0.9541015625 0.025781250000000002 0.0390625
0 0.925 0.77490234375 0.06406250000000001 0.0634765625
0 0.27265625 0.2685546875 0.051562500000000004 0.07421875
0 0.27265625 0.6572265625 0.0625 0.0859375
0 0.7195312500000001 0.26416015625 0.0578125 0.0751953125
0 0.45820312500000004 0.05126953125 0.06015625 0.0654296875
2 0.20039062500000002 0.53173828125 0.030468750000000003 0.0361328125
0 0.605078125 0.91162109375 0.04609375 0.0556640625
3 0.721875 0.451171875 0.065625 0.091796875