0 0.5222656250000001 0.1962890625 0.06484375 0.07421875
0 0.9535156250000001 0.11328125 0.07421875 0.107421875
0 0.86484375 0.27490234375 0.0625 0.0830078125
0 0.5421875 0.4072265625 0.0625 0.076171875
3 0.43476562500000004 0.283203125 0.05859375 0.0703125
3 0.35781250000000003 0.43359375 0.0703125 0.091796875
3 0.33242187500000003 0.52978515625 0.06640625 0.0810546875
0 0.08085937500000001 0.3798828125 0.055468750000000004 0.068359375
0 0.117578125 0.2529296875 0.049218750000000006 0.068359375
0 0.605078125 0.80126953125 0.06171875 0.0869140625
2 0.9144531250000001 0.5048828125 0.02890625 0.0390625
2 0.393359375 0.4951171875 0.03359375 0.037109375
0 0.7621093750000001 0.81787109375 0.06796875000000001 0.0849609375
0 0.030468750000000003 0.41064453125 0.0546875 0.0849609375
0 0.234375 0.7880859375 0.065625 0.078125
0 0.205859375 0.96826171875 0.06171875 0.0615234375
0 0.16757812500000002 0.93701171875 0.06640625 0.0888671875
0 0.6761718750000001 0.65234375 0.07734375 0.1015625
0 0.401953125 0.55224609375 0.06171875 0.0771484375
0 0.4859375 0.38232421875 0.0625 0.0771484375
0 0.496875 0.30029296875 0.0484375 0.0751953125
0 0.542578125 0.2939453125 0.05390625 0.072265625
2 0.13593750000000002 0.3212890625 0.025 0.041015625
2 0.15937500000000002 0.251953125 0.028125 0.03515625
0 0.118359375 0.0693359375 0.05390625 0.064453125
0 0.15195312500000002 0.17724609375 0.05234375 0.0654296875
0 0.8523437500000001 0.16162109375 0.0765625 0.0810546875