0 0.07421875 0.3125 0.060937500000000006 0.076171875
2 0.1296875 0.38037109375 0.029687500000000002 0.0341796875
2 0.030078125 0.40185546875 0.030468750000000003 0.0439453125
0 0.7273437500000001 0.0546875 0.06406250000000001 0.076171875
0 0.26484375 0.75830078125 0.08281250000000001 0.1123046875
0 0.898046875 0.49560546875 0.06640625 0.0751953125
0 0.833984375 0.4775390625 0.06171875 0.0859375
0 0.18281250000000002 0.8857421875 0.09062500000000001 0.107421875
0 0.21445312500000002 0.4873046875 0.05078125 0.05859375
0 0.4 0.41015625 0.0546875 0.060546875
0 0.825390625 0.2060546875 0.06796875000000001 0.08203125
0 0.59609375 0.5166015625 0.06875 0.0859375
0 0.505078125 0.67041015625 0.06015625 0.0791015625
2 0.46015625000000004 0.875 0.029687500000000002 0.0390625
3 0.6589843750000001 0.70068359375 0.08671875000000001 0.1298828125
0 0.35546875 0.5 0.0625 0.08984375
0 0.3171875 0.5966796875 0.0578125 0.07421875
3 0.39296875000000003 0.6416015625 0.08750000000000001 0.111328125
3 0.43593750000000003 0.73388671875 0.09531250000000001 0.1103515625
0 0.428515625 0.22216796875 0.06640625 0.0791015625
0 0.94921875 0.23046875 0.053125000000000006 0.0703125
0 0.17265625 0.7275390625 0.053125000000000006 0.068359375
0 0.5796875 0.736328125 0.06875 0.083984375
0 0.8792968750000001 0.3505859375 0.055468750000000004 0.080078125
2 0.08125 0.912109375 0.026562500000000003 0.033203125
4 0.6875 0.5322265625 0.05 0.060546875
0 0.8226562500000001 0.57421875 0.060937500000000006 0.087890625