4 0.6019531250000001 0.57763671875 0.06796875000000001 0.0986328125
4 0.56171875 0.27587890625 0.0734375 0.1103515625
4 0.628515625 0.50732421875 0.06796875000000001 0.0732421875
2 0.071484375 0.44384765625 0.04453125 0.0576171875
2 0.02890625 0.53662109375 0.043750000000000004 0.0615234375
2 0.591015625 0.68896484375 0.03671875 0.0615234375
2 0.91796875 0.1494140625 0.046875 0.05078125
2 0.71015625 0.48193359375 0.037500000000000006 0.0615234375
2 0.49921875000000004 0.45947265625 0.037500000000000006 0.0498046875
0 0.2546875 0.63330078125 0.0546875 0.0634765625
2 0.7453125 0.74072265625 0.045312500000000006 0.0576171875
1 0.415625 0.302734375 0.026562500000000003 0.0390625
1 0.41875 0.693359375 0.03125 0.04296875
1 0.17929687500000002 0.61572265625 0.039843750000000004 0.0400390625
0 0.12578125 0.6259765625 0.0484375 0.05859375
1 0.9148437500000001 0.474609375 0.037500000000000006 0.05078125
1 0.97578125 0.67529296875 0.037500000000000006 0.0458984375
1 0.08671875000000001 0.69580078125 0.034375 0.0478515625
1 0.630859375 0.271484375 0.030468750000000003 0.04296875
1 0.6058593750000001 0.40673828125 0.032031250000000004 0.0419921875
2 0.532421875 0.49658203125 0.03828125 0.0458984375
2 0.53515625 0.55078125 0.0421875 0.046875
1 0.564453125 0.35888671875 0.02890625 0.0361328125
1 0.6117187500000001 0.29541015625 0.026562500000000003 0.0341796875