0 0.5828125000000001 0.359375 0.059375000000000004 0.083984375
4 0.666015625 0.5283203125 0.08046875 0.103515625
4 0.6078125000000001 0.56005859375 0.0921875 0.1044921875
2 0.8914062500000001 0.595703125 0.037500000000000006 0.0546875
2 0.9246093750000001 0.4267578125 0.04453125 0.05078125
2 0.316015625 0.3466796875 0.04296875 0.046875
4 0.7253906250000001 0.3388671875 0.08359375000000001 0.10546875
2 0.03515625 0.951171875 0.046875 0.056640625
2 0.638671875 0.681640625 0.03828125 0.044921875
2 0.7191406250000001 0.7802734375 0.04453125 0.0546875
1 0.30898437500000003 0.66796875 0.041406250000000006 0.044921875
1 0.351171875 0.57177734375 0.03515625 0.0458984375
2 0.2546875 0.45361328125 0.045312500000000006 0.0634765625
2 0.041015625 0.19091796875 0.047656250000000004 0.0498046875
1 0.26953125 0.26806640625 0.043750000000000004 0.0478515625
1 0.05078125 0.04443359375 0.034375 0.0400390625
1 0.723828125 0.1591796875 0.041406250000000006 0.052734375
1 0.8910156250000001 0.8037109375 0.049218750000000006 0.05078125
1 0.8054687500000001 0.64013671875 0.029687500000000002 0.0458984375
2 0.80859375 0.5947265625 0.045312500000000006 0.0546875
1 0.523828125 0.59375 0.03359375 0.044921875
1 0.177734375 0.90576171875 0.03828125 0.0419921875
0 0.9320312500000001 0.06103515625 0.0546875 0.0654296875
2 0.12187500000000001 0.2998046875 0.035937500000000004 0.046875
2 0.823828125 0.8671875 0.04453125 0.056640625
2 0.31171875000000004 0.94873046875 0.053125000000000006 0.0615234375
1 0.70078125 0.44580078125 0.034375 0.0380859375
1 0.654296875 0.72119140625 0.03359375 0.0458984375
1 0.02109375 0.24169921875 0.034375 0.0517578125
2 0.8875000000000001 0.0908203125 0.043750000000000004 0.052734375