0 0.8363281250000001 0.3388671875 0.06015625 0.07421875
1 0.54140625 0.6640625 0.0328125 0.04296875
1 0.673828125 0.546875 0.03359375 0.044921875
4 0.5281250000000001 0.87841796875 0.07187500000000001 0.0966796875
4 0.17578125 0.09326171875 0.0546875 0.0634765625
3 0.11953125 0.662109375 0.07187500000000001 0.10546875
0 0.10859375 0.865234375 0.0546875 0.064453125
4 0.7640625000000001 0.23046875 0.065625 0.08203125
2 0.8929687500000001 0.80126953125 0.0390625 0.0458984375
1 0.46796875000000004 0.505859375 0.035937500000000004 0.0390625
1 0.41796875 0.7578125 0.035937500000000004 0.037109375
1 0.24375000000000002 0.73095703125 0.037500000000000006 0.0439453125
2 0.216796875 0.57177734375 0.04296875 0.0537109375
2 0.416015625 0.19140625 0.041406250000000006 0.052734375
2 0.448046875 0.28173828125 0.04453125 0.0517578125
2 0.2234375 0.1884765625 0.053125000000000006 0.06640625
2 0.28828125 0.07666015625 0.040625 0.0576171875
1 0.45937500000000003 0.05615234375 0.03125 0.0419921875
1 0.6453125000000001 0.2021484375 0.03125 0.046875
0 0.7601562500000001 0.44287109375 0.0578125 0.0654296875
2 0.065234375 0.5791015625 0.04453125 0.064453125
1 0.465625 0.85595703125 0.034375 0.0478515625
2 0.6335937500000001 0.85595703125 0.0484375 0.0478515625
0 0.6046875 0.7919921875 0.0625 0.076171875
1 0.8968750000000001 0.46240234375 0.037500000000000006 0.0458984375
1 0.29453125 0.27490234375 0.028125 0.0517578125
1 0.5328125 0.18896484375 0.034375 0.0400390625
2 0.8050781250000001 0.1552734375 0.04609375 0.0546875
1 0.8093750000000001 0.04833984375 0.029687500000000002 0.0380859375
1 0.892578125 0.02490234375 0.03671875 0.0400390625
2 0.623046875 0.6357421875 0.03515625 0.046875
2 0.16757812500000002 0.62841796875 0.03828125 0.0478515625
1 0.038671875 0.6728515625 0.032031250000000004 0.05078125
1 0.8074218750000001 0.857421875 0.02890625 0.046875