0 0.2984375 0.79345703125 0.065625 0.0869140625
0 0.32734375000000004 0.85498046875 0.0625 0.0732421875
0 0.5296875 0.76513671875 0.0703125 0.0869140625
0 0.051562500000000004 0.60498046875 0.0578125 0.0732421875
0 0.113671875 0.49951171875 0.05234375 0.0693359375
0 0.34140625 0.3583984375 0.0546875 0.060546875
0 0.9261718750000001 0.533203125 0.05078125 0.060546875
0 0.7152343750000001 0.2333984375 0.06640625 0.078125
0 0.64375 0.8515625 0.0703125 0.0703125
2 0.5984375000000001 0.86572265625 0.03125 0.0341796875
0 0.82578125 0.94140625 0.051562500000000004 0.068359375
0 0.8304687500000001 0.8125 0.0390625 0.0546875
0 0.830078125 0.72119140625 0.04609375 0.0595703125
0 0.8617187500000001 0.62939453125 0.045312500000000006 0.0537109375
0 0.52265625 0.921875 0.045312500000000006 0.05078125
0 0.37031250000000004 0.94482421875 0.040625 0.0498046875
0 0.41640625000000003 0.96435546875 0.045312500000000006 0.0556640625
0 0.47773437500000004 0.72216796875 0.047656250000000004 0.0654296875
0 0.7839843750000001 0.36962890625 0.041406250000000006 0.0595703125
0 0.7406250000000001 0.37109375 0.0421875 0.06640625
0 0.40234375 0.31787109375 0.051562500000000004 0.0595703125
0 0.47421875 0.3359375 0.0671875 0.076171875
0 0.30625 0.0693359375 0.043750000000000004 0.056640625
0 0.37226562500000004 0.07763671875 0.04453125 0.0517578125
0 0.4734375 0.634765625 0.053125000000000006 0.06640625
0 0.6175781250000001 0.47216796875 0.04453125 0.0654296875
1 0.23554687500000002 0.203125 0.01953125 0.0234375
0 0.1015625 0.06982421875 0.05 0.0595703125
0 0.915234375 0.81494140625 0.06015625 0.0810546875
2 0.42578125 0.55029296875 0.028125 0.0380859375
2 0.64609375 0.6201171875 0.034375 0.041015625
0 0.563671875 0.3798828125 0.049218750000000006 0.060546875