0 0.41718750000000004 0.32177734375 0.05 0.0732421875
0 0.52109375 0.3681640625 0.043750000000000004 0.064453125
0 0.523828125 0.5556640625 0.041406250000000006 0.05859375
0 0.479296875 0.44384765625 0.05078125 0.0654296875
0 0.419921875 0.42041015625 0.04453125 0.0654296875
0 0.384765625 0.43359375 0.04453125 0.060546875
0 0.607421875 0.48095703125 0.04453125 0.0673828125
0 0.72578125 0.138671875 0.045312500000000006 0.0625
0 0.71015625 0.6396484375 0.0484375 0.0625
0 0.6937500000000001 0.70654296875 0.045312500000000006 0.0576171875
0 0.74375 0.7294921875 0.0546875 0.0703125
0 0.955078125 0.60107421875 0.05078125 0.0576171875
0 0.84375 0.3115234375 0.0421875 0.0625
0 0.7601562500000001 0.09130859375 0.05625 0.0771484375
0 0.9343750000000001 0.08154296875 0.045312500000000006 0.0556640625
0 0.8523437500000001 0.0791015625 0.046875 0.060546875
0 0.819921875 0.21728515625 0.06328125 0.0810546875
0 0.091796875 0.35595703125 0.055468750000000004 0.0595703125
0 0.7097656250000001 0.56103515625 0.05234375 0.0693359375
0 0.9617187500000001 0.65087890625 0.046875 0.0537109375
0 0.5171875 0.92236328125 0.0921875 0.0947265625
0 0.029687500000000002 0.4716796875 0.059375000000000004 0.08203125
1 0.6082031250000001 0.3671875 0.02890625 0.03515625
1 0.65625 0.53515625 0.029687500000000002 0.0390625
0 0.9320312500000001 0.24169921875 0.0546875 0.0791015625
0 0.34023437500000003 0.2001953125 0.06328125 0.0546875
1 0.508203125 0.09912109375 0.025781250000000002 0.0341796875