0 0.05078125 0.28564453125 0.078125 0.0986328125
0 0.20703125 0.24462890625 0.06406250000000001 0.0810546875
0 0.548828125 0.70654296875 0.08359375000000001 0.0986328125
0 0.361328125 0.12744140625 0.057031250000000006 0.0673828125
0 0.31289062500000003 0.3203125 0.055468750000000004 0.0625
0 0.61875 0.63232421875 0.0703125 0.0908203125
0 0.6410156250000001 0.88037109375 0.06953125 0.0810546875
0 0.9222656250000001 0.60546875 0.06484375 0.078125
0 0.8890625000000001 0.41162109375 0.053125000000000006 0.0673828125
0 0.968359375 0.8583984375 0.055468750000000004 0.07421875
0 0.7410156250000001 0.82373046875 0.05234375 0.0673828125
0 0.7699218750000001 0.77734375 0.05078125 0.060546875
0 0.3453125 0.49609375 0.0546875 0.07421875
0 0.7375 0.1298828125 0.043750000000000004 0.0703125
1 0.837109375 0.1826171875 0.02890625 0.03515625
0 0.30859375 0.18017578125 0.060937500000000006 0.0712890625
1 0.689453125 0.4765625 0.02421875 0.033203125
0 0.659375 0.37109375 0.0671875 0.076171875
0 0.519921875 0.3427734375 0.057031250000000006 0.072265625