0 0.401171875 0.70751953125 0.09453125000000001 0.1162109375
0 0.337890625 0.84033203125 0.06328125 0.0869140625
0 0.14296875 0.732421875 0.05625 0.08203125
0 0.055078125000000006 0.63330078125 0.06484375 0.0712890625
0 0.146484375 0.17919921875 0.055468750000000004 0.0830078125
0 0.36054687500000004 0.18408203125 0.057031250000000006 0.0712890625
0 0.26328125 0.35888671875 0.059375000000000004 0.0693359375
0 0.58046875 0.498046875 0.053125000000000006 0.076171875
0 0.251953125 0.64794921875 0.05078125 0.0654296875
0 0.19609375 0.59130859375 0.053125000000000006 0.0791015625
0 0.9324218750000001 0.47314453125 0.055468750000000004 0.0712890625
0 0.93671875 0.578125 0.053125000000000006 0.072265625
0 0.36835937500000004 0.5615234375 0.055468750000000004 0.0625
0 0.433203125 0.59765625 0.05234375 0.068359375
0 0.641796875 0.52783203125 0.057031250000000006 0.0693359375
0 0.819921875 0.80712890625 0.05859375 0.0751953125
0 0.96875 0.80078125 0.043750000000000004 0.0625
0 0.973828125 0.13818359375 0.049218750000000006 0.0693359375
0 0.835546875 0.16357421875 0.05859375 0.0869140625
0 0.101953125 0.833984375 0.05078125 0.06640625
0 0.16367187500000002 0.83349609375 0.04296875 0.0576171875
0 0.513671875 0.78662109375 0.05859375 0.0693359375
0 0.5066406250000001 0.72314453125 0.05234375 0.0615234375
0 0.626171875 0.75537109375 0.055468750000000004 0.0751953125
0 0.819921875 0.529296875 0.13828125 0.1875
2 0.6761718750000001 0.81884765625 0.030468750000000003 0.0380859375
0 0.908203125 0.09521484375 0.06171875 0.0830078125
2 0.9343750000000001 0.8095703125 0.029687500000000002 0.04296875
0 0.50390625 0.5400390625 0.065625 0.080078125
0 0.712109375 0.43408203125 0.07890625000000001 0.1005859375