0 0.452734375 0.431640625 0.06328125 0.08203125
0 0.5242187500000001 0.357421875 0.051562500000000004 0.080078125
4 0.6859375000000001 0.67041015625 0.045312500000000006 0.0576171875
0 0.263671875 0.7529296875 0.049218750000000006 0.0546875
2 0.114453125 0.54541015625 0.04296875 0.0498046875
1 0.6160156250000001 0.23681640625 0.030468750000000003 0.0419921875
0 0.59765625 0.49951171875 0.045312500000000006 0.0654296875
0 0.787109375 0.8388671875 0.04609375 0.068359375
2 0.09726562500000001 0.953125 0.047656250000000004 0.060546875
2 0.9144531250000001 0.1865234375 0.04296875 0.052734375
1 0.91953125 0.3818359375 0.034375 0.041015625
1 0.8695312500000001 0.43505859375 0.029687500000000002 0.0400390625
1 0.7156250000000001 0.35498046875 0.035937500000000004 0.0458984375
1 0.2109375 0.7880859375 0.034375 0.0390625
1 0.170703125 0.7763671875 0.03828125 0.0390625
1 0.095703125 0.8056640625 0.03515625 0.044921875
1 0.10039062500000001 0.2265625 0.032031250000000004 0.044921875
1 0.109375 0.072265625 0.03125 0.04296875
1 0.373828125 0.29736328125 0.03828125 0.0537109375
1 0.724609375 0.1328125 0.03828125 0.041015625
2 0.419921875 0.8525390625 0.041406250000000006 0.048828125
2 0.475390625 0.86572265625 0.04296875 0.0478515625
1 0.54296875 0.037109375 0.034375 0.048828125
1 0.5859375 0.201171875 0.037500000000000006 0.041015625
1 0.5296875 0.2314453125 0.034375 0.04296875
1 0.86484375 0.03759765625 0.034375 0.0537109375
1 0.9304687500000001 0.92041015625 0.0421875 0.0498046875
1 0.339453125 0.94970703125 0.032031250000000004 0.0439453125
1 0.5359375000000001 0.5595703125 0.03125 0.046875
0 0.6101562500000001 0.42626953125 0.06406250000000001 0.0771484375