0 0.46601562500000004 0.3603515625 0.07421875 0.083984375
0 0.692578125 0.33740234375 0.08046875 0.1025390625
0 0.7640625000000001 0.2626953125 0.059375000000000004 0.08203125
0 0.758984375 0.81005859375 0.07109375 0.0947265625
0 0.389453125 0.416015625 0.06328125 0.076171875
0 0.310546875 0.5126953125 0.06015625 0.07421875
0 0.34921875 0.5927734375 0.05 0.06640625
0 0.146484375 0.73681640625 0.06015625 0.0810546875
0 0.6628906250000001 0.123046875 0.07265625 0.087890625
0 0.47734375 0.8671875 0.05625 0.072265625
0 0.326953125 0.77587890625 0.047656250000000004 0.0654296875
0 0.32343750000000004 0.927734375 0.05 0.0703125
0 0.7421875 0.4814453125 0.0546875 0.0703125
0 0.544921875 0.18115234375 0.07109375 0.0751953125
0 0.22382812500000002 0.357421875 0.06953125 0.09375
0 0.08281250000000001 0.28125 0.053125000000000006 0.056640625
0 0.835546875 0.45361328125 0.047656250000000004 0.0517578125
0 0.92734375 0.4462890625 0.05 0.05859375
0 0.735546875 0.13232421875 0.05234375 0.0654296875
2 0.78515625 0.158203125 0.0234375 0.033203125
0 0.7890625 0.615234375 0.05 0.056640625
0 0.139453125 0.61865234375 0.057031250000000006 0.0673828125
1 0.41171875 0.29541015625 0.026562500000000003 0.0341796875
0 0.0921875 0.7978515625 0.0578125 0.064453125
0 0.751171875 0.68505859375 0.047656250000000004 0.0615234375
2 0.947265625 0.56298828125 0.030468750000000003 0.0380859375
1 0.403125 0.25927734375 0.029687500000000002 0.0361328125
0 0.8542968750000001 0.80126953125 0.049218750000000006 0.0634765625
0 0.49843750000000003 0.7705078125 0.060937500000000006 0.064453125
1 0.74375 0.978515625 0.0234375 0.033203125
0 0.38710937500000003 0.837890625 0.055468750000000004 0.076171875
0 0.1875 0.20361328125 0.046875 0.0615234375
0 0.220703125 0.15966796875 0.04609375 0.0634765625
0 0.6355468750000001 0.95654296875 0.05078125 0.0615234375
1 0.907421875 0.93896484375 0.02734375 0.0400390625
0 0.553125 0.31982421875 0.0421875 0.0654296875
0 0.096875 0.8837890625 0.0671875 0.080078125
0 0.026953125 0.888671875 0.05390625 0.072265625
2 0.6566406250000001 0.04296875 0.030468750000000003 0.03515625