0 0.49609375 0.53173828125 0.09531250000000001 0.1220703125
0 0.310546875 0.7060546875 0.06171875 0.07421875
0 0.1921875 0.76611328125 0.0671875 0.0791015625
0 0.114453125 0.68798828125 0.05234375 0.0732421875
0 0.09140625000000001 0.8994140625 0.0578125 0.0625
0 0.083203125 0.9580078125 0.05234375 0.06640625
0 0.3984375 0.31982421875 0.05625 0.0712890625
0 0.34882812500000004 0.4765625 0.05859375 0.06640625
0 0.845703125 0.54638671875 0.057031250000000006 0.0810546875
0 0.9164062500000001 0.5986328125 0.0546875 0.07421875
0 0.82578125 0.60693359375 0.0578125 0.0712890625
0 0.7359375 0.41552734375 0.0484375 0.0595703125
0 0.21953125 0.1904296875 0.0625 0.080078125
0 0.0546875 0.2412109375 0.0625 0.08203125
2 0.115625 0.3017578125 0.03125 0.033203125
0 0.9730468750000001 0.25537109375 0.05234375 0.0673828125
0 0.23515625 0.50830078125 0.0484375 0.0634765625
0 0.300390625 0.3798828125 0.04609375 0.060546875
0 0.125 0.46435546875 0.0546875 0.0634765625
0 0.339453125 0.8037109375 0.04296875 0.06640625
0 0.40937500000000004 0.873046875 0.059375000000000004 0.076171875
2 0.42890625000000004 0.94189453125 0.025 0.0341796875
0 0.858984375 0.68505859375 0.04609375 0.0673828125
0 0.88828125 0.33447265625 0.06406250000000001 0.0693359375
2 0.66015625 0.60009765625 0.03125 0.0302734375
1 0.063671875 0.33740234375 0.025781250000000002 0.0322265625
0 0.318359375 0.27587890625 0.05234375 0.0595703125
0 0.7265625 0.02783203125 0.0546875 0.0556640625
1 0.6898437500000001 0.1181640625 0.028125 0.029296875
0 0.8734375000000001 0.89404296875 0.059375000000000004 0.0654296875
1 0.12421875 0.22216796875 0.025 0.0322265625
0 0.572265625 0.1171875 0.04296875 0.0625