0 0.288671875 0.759765625 0.08828125 0.1171875
0 0.203125 0.78662109375 0.0578125 0.0791015625
0 0.1953125 0.8974609375 0.0546875 0.07421875
0 0.671875 0.78173828125 0.05625 0.0751953125
0 0.8390625 0.623046875 0.065625 0.0859375
0 0.935546875 0.5146484375 0.047656250000000004 0.07421875
0 0.7484375000000001 0.58642578125 0.053125000000000006 0.0693359375
0 0.770703125 0.5078125 0.05078125 0.064453125
0 0.72578125 0.388671875 0.05625 0.068359375
0 0.45703125 0.294921875 0.0578125 0.078125
2 0.516015625 0.265625 0.02734375 0.03125
0 0.45429687500000004 0.59423828125 0.04453125 0.0595703125
0 0.02421875 0.32568359375 0.0484375 0.0673828125
0 0.18203125 0.15185546875 0.043750000000000004 0.0615234375
0 0.1609375 0.40576171875 0.053125000000000006 0.0712890625
0 0.045703125000000004 0.58447265625 0.049218750000000006 0.0615234375
0 0.19843750000000002 0.689453125 0.040625 0.05078125
0 0.09453125000000001 0.7109375 0.0546875 0.06640625
0 0.531640625 0.857421875 0.055468750000000004 0.05859375
2 0.46523437500000003 0.72119140625 0.02734375 0.0361328125
0 0.43515625 0.521484375 0.045312500000000006 0.05078125
0 0.673828125 0.2333984375 0.049218750000000006 0.064453125
1 0.544140625 0.921875 0.02421875 0.029296875
0 0.3453125 0.45703125 0.051562500000000004 0.064453125
0 0.37539062500000003 0.52392578125 0.06171875 0.0615234375
0 0.39179687500000004 0.576171875 0.05234375 0.052734375
0 0.601171875 0.46533203125 0.07421875 0.1025390625
1 0.044921875 0.51611328125 0.02890625 0.0361328125
1 0.44570312500000003 0.08837890625 0.02421875 0.0361328125
2 0.491796875 0.3427734375 0.02890625 0.033203125
1 0.0765625 0.9580078125 0.028125 0.033203125
0 0.09726562500000001 0.80078125 0.05234375 0.072265625