0 0.182421875 0.69677734375 0.07109375 0.0888671875
0 0.504296875 0.28662109375 0.06484375 0.0771484375
0 0.540625 0.37841796875 0.096875 0.1162109375
0 0.34804687500000003 0.3564453125 0.06328125 0.076171875
0 0.35234375 0.28271484375 0.065625 0.0849609375
0 0.413671875 0.2587890625 0.057031250000000006 0.07421875
0 0.40351562500000004 0.41015625 0.06015625 0.076171875
0 0.237109375 0.13427734375 0.06015625 0.0771484375
0 0.81015625 0.3076171875 0.059375000000000004 0.072265625
0 0.86328125 0.36376953125 0.0578125 0.0771484375
0 0.47890625000000003 0.55419921875 0.0671875 0.0869140625
0 0.4921875 0.4755859375 0.065625 0.0703125
0 0.810546875 0.68115234375 0.057031250000000006 0.0712890625
1 0.87890625 0.580078125 0.029687500000000002 0.041015625
0 0.30507812500000003 0.90771484375 0.10390625 0.1240234375
0 0.1421875 0.53076171875 0.051562500000000004 0.0615234375
0 0.298828125 0.494140625 0.047656250000000004 0.0625
4 0.224609375 0.42138671875 0.047656250000000004 0.0654296875
0 0.048828125 0.33447265625 0.057031250000000006 0.0791015625
0 0.150390625 0.32763671875 0.055468750000000004 0.0830078125
0 0.23554687500000002 0.33837890625 0.05390625 0.0693359375
0 0.102734375 0.81396484375 0.06484375 0.0791015625
4 0.03515625 0.85693359375 0.053125000000000006 0.0693359375
0 0.618359375 0.6220703125 0.06015625 0.078125
0 0.33828125000000003 0.6279296875 0.0578125 0.08203125
4 0.865234375 0.46826171875 0.05390625 0.0634765625
0 0.646484375 0.345703125 0.049218750000000006 0.072265625
0 0.58046875 0.10546875 0.0484375 0.064453125
0 0.8128906250000001 0.8251953125 0.08515625 0.080078125
0 0.7917968750000001 0.88671875 0.07578125000000001 0.078125
2 0.8363281250000001 0.63134765625 0.03359375 0.0400390625
0 0.68671875 0.3740234375 0.05625 0.076171875
1 0.470703125 0.39501953125 0.030468750000000003 0.0322265625
2 0.2578125 0.62451171875 0.0390625 0.0400390625