0 0.39179687500000004 0.4443359375 0.06015625 0.068359375
0 0.27265625 0.18359375 0.0578125 0.078125
0 0.328125 0.18994140625 0.053125000000000006 0.0751953125
0 0.642578125 0.2802734375 0.06953125 0.1015625
0 0.6550781250000001 0.16796875 0.06171875 0.083984375
0 0.7156250000000001 0.1513671875 0.065625 0.09375
0 0.45937500000000003 0.32470703125 0.059375000000000004 0.0771484375
0 0.47500000000000003 0.3896484375 0.059375000000000004 0.07421875
0 0.209765625 0.529296875 0.10546875 0.119140625
0 0.29140625000000003 0.58251953125 0.051562500000000004 0.0615234375
0 0.310546875 0.68798828125 0.049218750000000006 0.0595703125
0 0.46601562500000004 0.52099609375 0.06484375 0.0751953125
0 0.48828125 0.58544921875 0.0546875 0.0712890625
0 0.55390625 0.57275390625 0.060937500000000006 0.0771484375
0 0.8343750000000001 0.12255859375 0.0625 0.0751953125
0 0.950390625 0.708984375 0.06640625 0.087890625
0 0.8984375 0.85400390625 0.0625 0.0732421875
0 0.915625 0.79296875 0.07187500000000001 0.078125
0 0.5140625 0.81494140625 0.060937500000000006 0.0791015625
0 0.5867187500000001 0.8046875 0.05625 0.08203125
0 0.190234375 0.96044921875 0.06796875000000001 0.0771484375
0 0.18867187500000002 0.8623046875 0.057031250000000006 0.06640625
0 0.4375 0.79736328125 0.0546875 0.0830078125
0 0.7578125 0.935546875 0.0578125 0.0859375
0 0.8074218750000001 0.93212890625 0.06328125 0.1025390625
0 0.67734375 0.8076171875 0.06406250000000001 0.0859375
0 0.5703125 0.48681640625 0.05 0.0712890625
0 0.8113281250000001 0.783203125 0.06484375 0.087890625
0 0.68515625 0.62841796875 0.060937500000000006 0.0810546875
0 0.9535156250000001 0.185546875 0.05234375 0.0625
2 0.941015625 0.9365234375 0.032031250000000004 0.041015625
0 0.386328125 0.89453125 0.05859375 0.064453125
0 0.36484375 0.7314453125 0.0484375 0.0703125
1 0.16718750000000002 0.67724609375 0.026562500000000003 0.0322265625