0 0.5613281250000001 0.52099609375 0.06015625 0.0869140625
0 0.821875 0.5859375 0.0671875 0.087890625
0 0.6468750000000001 0.91015625 0.0859375 0.11328125
0 0.5769531250000001 0.916015625 0.06328125 0.091796875
0 0.38984375000000004 0.09375 0.060937500000000006 0.076171875
0 0.58828125 0.06787109375 0.0703125 0.0869140625
0 0.61328125 0.201171875 0.051562500000000004 0.064453125
0 0.72265625 0.4609375 0.05 0.06640625
0 0.888671875 0.4755859375 0.05078125 0.06640625
0 0.8816406250000001 0.53955078125 0.05234375 0.0654296875
0 0.90625 0.78173828125 0.053125000000000006 0.0693359375
0 0.7410156250000001 0.90087890625 0.06328125 0.0673828125
0 0.528515625 0.59326171875 0.06640625 0.0810546875
0 0.7484375000000001 0.384765625 0.059375000000000004 0.08203125
0 0.8171875000000001 0.37109375 0.05625 0.07421875
0 0.783203125 0.29541015625 0.057031250000000006 0.0732421875
0 0.43359375 0.224609375 0.06406250000000001 0.080078125
0 0.230859375 0.31884765625 0.06796875000000001 0.0751953125
0 0.148046875 0.65087890625 0.06171875 0.0751953125
0 0.115234375 0.240234375 0.047656250000000004 0.0625
0 0.935546875 0.50048828125 0.05234375 0.0673828125
2 0.6429687500000001 0.64794921875 0.0328125 0.0400390625
0 0.353125 0.84765625 0.0625 0.072265625
0 0.692578125 0.36083984375 0.06640625 0.0888671875
0 0.65625 0.03125 0.05 0.056640625
0 0.06953125 0.1572265625 0.0671875 0.080078125
1 0.043750000000000004 0.24755859375 0.028125 0.0478515625
0 0.7757812500000001 0.50537109375 0.0578125 0.0595703125