0 0.48203125 0.43310546875 0.0765625 0.1044921875
0 0.544140625 0.48681640625 0.049218750000000006 0.0654296875
0 0.376953125 0.328125 0.07734375 0.103515625
0 0.362890625 0.4423828125 0.055468750000000004 0.0703125
0 0.291015625 0.4921875 0.07421875 0.09375
0 0.182421875 0.65966796875 0.08671875000000001 0.1103515625
0 0.275390625 0.701171875 0.06328125 0.078125
0 0.178515625 0.83447265625 0.06953125 0.0810546875
0 0.083203125 0.7705078125 0.06015625 0.078125
0 0.1296875 0.75390625 0.045312500000000006 0.083984375
0 0.208984375 0.931640625 0.07734375 0.08203125
0 0.4140625 0.86083984375 0.0578125 0.0693359375
0 0.9171875 0.9287109375 0.059375000000000004 0.07421875
0 0.96640625 0.90380859375 0.051562500000000004 0.0751953125
0 0.9070312500000001 0.54638671875 0.051562500000000004 0.0634765625
2 0.809765625 0.6171875 0.025781250000000002 0.0390625
0 0.9402343750000001 0.36181640625 0.049218750000000006 0.0634765625
0 0.8191406250000001 0.43115234375 0.055468750000000004 0.0751953125
2 0.9222656250000001 0.29296875 0.030468750000000003 0.033203125
0 0.90234375 0.12939453125 0.053125000000000006 0.0634765625
0 0.9246093750000001 0.1884765625 0.05234375 0.060546875
2 0.50625 0.24609375 0.026562500000000003 0.03125
2 0.45078125 0.1787109375 0.028125 0.033203125
0 0.201171875 0.36376953125 0.049218750000000006 0.0615234375
0 0.12734375 0.52734375 0.045312500000000006 0.060546875
0 0.17148437500000002 0.54541015625 0.04609375 0.0595703125
0 0.28164062500000003 0.33251953125 0.05078125 0.0654296875
0 0.122265625 0.37060546875 0.06640625 0.0830078125
0 0.063671875 0.49853515625 0.055468750000000004 0.0673828125
0 0.36484375 0.07568359375 0.05625 0.0693359375
0 0.083984375 0.0634765625 0.05234375 0.060546875
0 0.07968750000000001 0.13916015625 0.0546875 0.0634765625
1 0.261328125 0.25146484375 0.02421875 0.0302734375
2 0.47695312500000003 0.5615234375 0.03671875 0.04296875
4 0.8890625000000001 0.05029296875 0.0625 0.0634765625
0 0.8578125000000001 0.6220703125 0.0484375 0.06640625
0 0.6570312500000001 0.05126953125 0.07968750000000001 0.0771484375