0 0.5222656250000001 0.4228515625 0.06171875 0.08203125
0 0.7660156250000001 0.5 0.06484375 0.0703125
0 0.5222656250000001 0.529296875 0.05234375 0.076171875
0 0.512109375 0.62109375 0.05078125 0.064453125
2 0.585546875 0.5869140625 0.032031250000000004 0.03515625
0 0.808203125 0.28466796875 0.06015625 0.0712890625
0 0.8406250000000001 0.55224609375 0.05625 0.0732421875
0 0.41835937500000003 0.8525390625 0.06015625 0.080078125
0 0.119140625 0.85693359375 0.05234375 0.0654296875
0 0.14179687500000002 0.5595703125 0.057031250000000006 0.0625
0 0.323828125 0.46044921875 0.06328125 0.0732421875
0 0.480078125 0.30224609375 0.047656250000000004 0.0751953125
2 0.464453125 0.25341796875 0.02890625 0.0341796875
0 0.347265625 0.275390625 0.05078125 0.06640625
0 0.275390625 0.70068359375 0.047656250000000004 0.0712890625
0 0.32656250000000003 0.68212890625 0.0484375 0.0634765625
0 0.256640625 0.421875 0.055468750000000004 0.0625
0 0.3921875 0.3330078125 0.051562500000000004 0.056640625
0 0.472265625 0.19775390625 0.05390625 0.0576171875
0 0.767578125 0.1787109375 0.06015625 0.07421875
3 0.32734375000000004 0.166015625 0.09375 0.12109375
0 0.220703125 0.37109375 0.041406250000000006 0.0625
0 0.18125000000000002 0.3740234375 0.040625 0.064453125
1 0.614453125 0.53466796875 0.02734375 0.0361328125
2 0.6898437500000001 0.63427734375 0.028125 0.0380859375
1 0.16914062500000002 0.6796875 0.02734375 0.037109375
1 0.6359375 0.65478515625 0.028125 0.0361328125
0 0.389453125 0.52001953125 0.06171875 0.0693359375
0 0.45820312500000004 0.4501953125 0.057031250000000006 0.078125
1 0.821875 0.34375 0.026562500000000003 0.03515625
0 0.68125 0.134765625 0.05 0.068359375
0 0.6664062500000001 0.0771484375 0.065625 0.080078125
2 0.38671875 0.15283203125 0.0328125 0.0419921875