0 0.166015625 0.697265625 0.07265625 0.09765625
0 0.22109375 0.7998046875 0.0703125 0.083984375
0 0.199609375 0.89453125 0.05859375 0.072265625
0 0.33359375 0.56884765625 0.0703125 0.0791015625
0 0.32578125 0.49365234375 0.0703125 0.0771484375
0 0.8324218750000001 0.8974609375 0.06328125 0.083984375
0 0.921875 0.853515625 0.059375000000000004 0.078125
0 0.6062500000000001 0.28369140625 0.0484375 0.0634765625
0 0.753515625 0.37255859375 0.05390625 0.0693359375
0 0.849609375 0.1611328125 0.06015625 0.076171875
0 0.4765625 0.1435546875 0.051562500000000004 0.064453125
0 0.358203125 0.16162109375 0.05078125 0.0673828125
2 0.340625 0.10400390625 0.029687500000000002 0.0380859375
0 0.5183593750000001 0.0615234375 0.055468750000000004 0.07421875
0 0.191796875 0.62353515625 0.04453125 0.0576171875
0 0.15390625000000002 0.400390625 0.060937500000000006 0.06640625
0 0.655859375 0.90869140625 0.05859375 0.0654296875
0 0.43789062500000003 0.9560546875 0.05234375 0.064453125
0 0.37929687500000003 0.9150390625 0.04453125 0.056640625
0 0.30078125 0.953125 0.05 0.05859375
0 0.065234375 0.94677734375 0.05234375 0.0673828125
0 0.13007812500000002 0.93212890625 0.05078125 0.0712890625
0 0.43398437500000003 0.59130859375 0.05078125 0.0673828125
0 0.1046875 0.27978515625 0.0578125 0.0693359375
0 0.39453125 0.32861328125 0.065625 0.0810546875
0 0.47382812500000004 0.3564453125 0.057031250000000006 0.07421875
0 0.787109375 0.22216796875 0.06015625 0.0849609375
1 0.974609375 0.55322265625 0.03359375 0.0439453125
0 0.904296875 0.04150390625 0.06484375 0.0693359375
0 0.30507812500000003 0.73486328125 0.09921875000000001 0.1103515625
0 0.51953125 0.4765625 0.060937500000000006 0.078125
1 0.841015625 0.39208984375 0.030468750000000003 0.0341796875
1 0.72421875 0.302734375 0.025 0.03515625
0 0.316015625 0.208984375 0.05234375 0.0703125