4 0.70703125 0.37548828125 0.0421875 0.0537109375
0 0.5164062500000001 0.62646484375 0.05 0.0654296875
4 0.63984375 0.51123046875 0.0546875 0.0693359375
4 0.35390625000000003 0.61474609375 0.0625 0.0556640625
4 0.28945312500000003 0.7119140625 0.055468750000000004 0.06640625
4 0.33671875 0.5390625 0.043750000000000004 0.05859375
1 0.39101562500000003 0.76318359375 0.02734375 0.0341796875
1 0.8519531250000001 0.27197265625 0.03359375 0.0419921875
1 0.069140625 0.55615234375 0.03671875 0.0419921875
4 0.4078125 0.572265625 0.05 0.0625
4 0.487109375 0.4638671875 0.06484375 0.080078125
1 0.5613281250000001 0.75341796875 0.039843750000000004 0.0478515625
1 0.7046875 0.630859375 0.028125 0.0390625
1 0.020703125000000003 0.12353515625 0.032031250000000004 0.0400390625
0 0.872265625 0.62744140625 0.04453125 0.0615234375