3 0.839453125 0.57861328125 0.07734375 0.1064453125
0 0.6351562500000001 0.1630859375 0.051562500000000004 0.060546875
0 0.41171875 0.55419921875 0.059375000000000004 0.0595703125
4 0.354296875 0.5537109375 0.07890625000000001 0.0859375
1 0.451953125 0.36572265625 0.032031250000000004 0.0400390625
1 0.7406250000000001 0.3466796875 0.028125 0.041015625
1 0.6171875 0.23828125 0.034375 0.0390625
1 0.134375 0.87939453125 0.03125 0.0361328125
1 0.765234375 0.1884765625 0.025781250000000002 0.033203125
3 0.762890625 0.869140625 0.05859375 0.07421875
1 0.274609375 0.306640625 0.03359375 0.0390625
4 0.712109375 0.8984375 0.04296875 0.06640625
1 0.5613281250000001 0.12255859375 0.025781250000000002 0.0400390625
1 0.923828125 0.2890625 0.02734375 0.037109375
1 0.87890625 0.37841796875 0.029687500000000002 0.0341796875
1 0.8636718750000001 0.11767578125 0.032031250000000004 0.0380859375
0 0.138671875 0.41552734375 0.04609375 0.0498046875
1 0.913671875 0.86962890625 0.025781250000000002 0.0341796875
4 0.773046875 0.947265625 0.06328125 0.095703125
3 0.91015625 0.65478515625 0.06875 0.0771484375
1 0.9832031250000001 0.669921875 0.02734375 0.0390625
4 0.19140625 0.6533203125 0.046875 0.06640625
4 0.23984375000000002 0.60205078125 0.0625 0.0810546875
1 0.028515625000000003 0.96875 0.02734375 0.041015625
4 0.81640625 0.90234375 0.040625 0.056640625