4 0.32148437500000004 0.46240234375 0.041406250000000006 0.0576171875
4 0.275390625 0.63232421875 0.05390625 0.0673828125
4 0.625 0.43115234375 0.060937500000000006 0.0712890625
1 0.546484375 0.67529296875 0.032031250000000004 0.0439453125
1 0.6890625 0.5546875 0.03125 0.0390625
4 0.691015625 0.29736328125 0.03828125 0.0517578125
0 0.501171875 0.54833984375 0.05234375 0.0654296875
4 0.539453125 0.28759765625 0.06015625 0.0595703125
4 0.34023437500000003 0.537109375 0.05859375 0.05859375
1 0.8343750000000001 0.20068359375 0.034375 0.0400390625
1 0.3765625 0.6826171875 0.03125 0.03515625
1 0.412890625 0.736328125 0.02734375 0.03515625
1 0.114453125 0.39794921875 0.02890625 0.0400390625
1 0.146875 0.4189453125 0.034375 0.0390625
4 0.39492187500000003 0.4921875 0.05390625 0.0625