0 0.45859375 0.3583984375 0.0734375 0.095703125
0 0.207421875 0.48681640625 0.09609375 0.1083984375
0 0.090234375 0.57958984375 0.07890625000000001 0.0888671875
0 0.870703125 0.6845703125 0.06484375 0.099609375
0 0.603515625 0.35595703125 0.07890625000000001 0.1005859375
0 0.6765625000000001 0.3427734375 0.0703125 0.103515625
0 0.895703125 0.58642578125 0.06484375 0.0908203125
0 0.53515625 0.51806640625 0.0765625 0.0849609375
0 0.427734375 0.56396484375 0.07421875 0.0830078125
0 0.331640625 0.576171875 0.06328125 0.08203125
0 0.443359375 0.6435546875 0.07421875 0.083984375
0 0.841015625 0.4404296875 0.07578125000000001 0.09375
0 0.7578125 0.24853515625 0.0671875 0.0830078125
0 0.80625 0.63720703125 0.0671875 0.0791015625
0 0.121484375 0.48974609375 0.07265625 0.0830078125
1 0.622265625 0.080078125 0.03359375 0.041015625
0 0.13125 0.9287109375 0.078125 0.087890625
0 0.308203125 0.49658203125 0.06953125 0.0830078125
0 0.41875 0.4453125 0.06406250000000001 0.078125
2 0.8089843750000001 0.10400390625 0.05234375 0.0595703125
1 0.727734375 0.60595703125 0.03515625 0.0498046875
0 0.80390625 0.54736328125 0.0703125 0.0908203125
0 0.91171875 0.4697265625 0.065625 0.08984375
1 0.286328125 0.5615234375 0.030468750000000003 0.041015625
0 0.142578125 0.39697265625 0.08359375000000001 0.0927734375
0 0.1640625 0.556640625 0.0625 0.083984375
0 0.7933593750000001 0.3466796875 0.06015625 0.080078125