4 0.529296875 0.16748046875 0.05390625 0.0732421875
4 0.24453125 0.3828125 0.05 0.064453125
1 0.453125 0.56103515625 0.03125 0.0400390625
1 0.330859375 0.7509765625 0.025781250000000002 0.04296875
1 0.25625000000000003 0.1162109375 0.028125 0.0390625
1 0.28125 0.837890625 0.03125 0.037109375
1 0.41953125 0.9619140625 0.029687500000000002 0.03515625
3 0.316015625 0.34521484375 0.06171875 0.0849609375
1 0.7039062500000001 0.2802734375 0.029687500000000002 0.037109375
1 0.8234375 0.02978515625 0.029687500000000002 0.0380859375
0 0.6531250000000001 0.15771484375 0.051562500000000004 0.0595703125
1 0.06484375 0.0947265625 0.0328125 0.037109375
1 0.110546875 0.17236328125 0.02890625 0.0498046875
1 0.10625000000000001 0.541015625 0.0328125 0.048828125
1 0.5925781250000001 0.82568359375 0.02890625 0.0361328125
1 0.97421875 0.86669921875 0.029687500000000002 0.0458984375
1 0.453125 0.1357421875 0.028125 0.033203125