3 0.623046875 0.6806640625 0.08671875000000001 0.08984375
4 0.211328125 0.2724609375 0.06015625 0.0703125
4 0.026953125 0.16455078125 0.05390625 0.0732421875
4 0.386328125 0.611328125 0.06015625 0.064453125
1 0.1859375 0.56298828125 0.034375 0.0478515625
1 0.36562500000000003 0.736328125 0.028125 0.0390625
1 0.4578125 0.80078125 0.021875000000000002 0.029296875
1 0.53828125 0.66650390625 0.021875000000000002 0.0283203125
0 0.671484375 0.43359375 0.057031250000000006 0.07421875
0 0.667578125 0.337890625 0.06015625 0.076171875
4 0.6984375 0.24853515625 0.053125000000000006 0.0634765625
1 0.8125 0.4658203125 0.026562500000000003 0.033203125
0 0.712109375 0.18798828125 0.03359375 0.0458984375
0 0.657421875 0.1806640625 0.055468750000000004 0.068359375
4 0.6371093750000001 0.50830078125 0.04453125 0.0654296875
0 0.48125 0.5830078125 0.046875 0.0546875
3 0.7371093750000001 0.82763671875 0.06640625 0.0771484375
4 0.38671875 0.44677734375 0.053125000000000006 0.0634765625