3 0.874609375 0.728515625 0.10078125 0.123046875
3 0.46601562500000004 0.87109375 0.09921875000000001 0.125
4 0.3640625 0.3466796875 0.05 0.064453125
4 0.947265625 0.7265625 0.05078125 0.064453125
4 0.59296875 0.6708984375 0.046875 0.0625
4 0.53125 0.39111328125 0.0625 0.0791015625
1 0.330859375 0.63720703125 0.025781250000000002 0.0361328125
1 0.8578125000000001 0.59716796875 0.026562500000000003 0.0322265625
1 0.57578125 0.83544921875 0.025 0.0322265625
1 0.15625 0.79345703125 0.025 0.0361328125
0 0.5515625000000001 0.4931640625 0.0421875 0.0546875
3 0.583984375 0.453125 0.055468750000000004 0.072265625
4 0.6796875 0.0830078125 0.045312500000000006 0.056640625
1 0.6828125 0.958984375 0.025 0.033203125
1 0.9519531250000001 0.90283203125 0.02890625 0.0380859375
1 0.326953125 0.44189453125 0.02890625 0.0341796875
1 0.433203125 0.35498046875 0.02734375 0.0361328125
1 0.59609375 0.10205078125 0.026562500000000003 0.0341796875
1 0.6121093750000001 0.72021484375 0.02890625 0.0322265625
1 0.57265625 0.9306640625 0.0328125 0.033203125
1 0.315234375 0.962890625 0.02890625 0.03515625
4 0.62421875 0.18115234375 0.06875 0.0791015625
3 0.519140625 0.2685546875 0.11015625000000001 0.1328125
0 0.267578125 0.64501953125 0.05078125 0.0595703125
3 0.31328125 0.37890625 0.0578125 0.076171875
3 0.41953125 0.46044921875 0.046875 0.0654296875