0 0.59609375 0.32275390625 0.053125000000000006 0.0693359375
0 0.87421875 0.103515625 0.046875 0.056640625
0 0.30585937500000004 0.0986328125 0.055468750000000004 0.0625
3 0.251953125 0.5830078125 0.07734375 0.08984375
1 0.44609375 0.31884765625 0.026562500000000003 0.0361328125
1 0.519140625 0.16943359375 0.02890625 0.0380859375
0 0.79609375 0.13720703125 0.046875 0.0615234375
1 0.890625 0.7333984375 0.029687500000000002 0.03125
0 0.401171875 0.13671875 0.06015625 0.08984375
1 0.6082031250000001 0.056640625 0.022656250000000003 0.03515625
3 0.13125 0.103515625 0.0765625 0.1015625
4 0.22578125000000002 0.677734375 0.05625 0.07421875
4 0.296484375 0.22119140625 0.05390625 0.0673828125
4 0.8695312500000001 0.17724609375 0.051562500000000004 0.0634765625
1 0.21015625000000002 0.3515625 0.03125 0.0390625
1 0.612890625 0.9462890625 0.02734375 0.037109375
1 0.6937500000000001 0.24658203125 0.028125 0.0419921875
3 0.92890625 0.169921875 0.078125 0.10546875
4 0.025781250000000002 0.60595703125 0.05 0.0634765625