0 0.2921875 0.68359375 0.059375000000000004 0.07421875
0 0.40664062500000003 0.68115234375 0.05234375 0.0693359375
0 0.341796875 0.7568359375 0.06171875 0.072265625
0 0.35625 0.67529296875 0.05 0.0595703125
1 0.516796875 0.47802734375 0.02734375 0.0322265625
3 0.1265625 0.58203125 0.0546875 0.072265625
3 0.051953125 0.59912109375 0.06484375 0.0771484375
1 0.298828125 0.39697265625 0.02421875 0.0400390625
1 0.5921875 0.744140625 0.029687500000000002 0.033203125
4 0.77734375 0.75244140625 0.0734375 0.0751953125
1 0.350390625 0.49609375 0.032031250000000004 0.037109375
1 0.891796875 0.1123046875 0.032031250000000004 0.03515625
1 0.44257812500000004 0.919921875 0.030468750000000003 0.033203125
4 0.5546875 0.091796875 0.043750000000000004 0.05859375
4 0.51328125 0.14111328125 0.065625 0.0810546875
4 0.801953125 0.6669921875 0.06015625 0.10546875