0 0.9125000000000001 0.3125 0.043750000000000004 0.056640625
4 0.64765625 0.33740234375 0.0578125 0.0732421875
4 0.24765625000000002 0.47802734375 0.05625 0.0791015625
1 0.345703125 0.48828125 0.022656250000000003 0.03515625
1 0.460546875 0.3662109375 0.02734375 0.033203125
4 0.5484375 0.15625 0.05625 0.06640625
1 0.9105468750000001 0.162109375 0.025781250000000002 0.03515625
4 0.866796875 0.07080078125 0.047656250000000004 0.0556640625
1 0.6839843750000001 0.70947265625 0.02890625 0.0380859375
1 0.22109375 0.68603515625 0.026562500000000003 0.0322265625
0 0.09765625 0.9677734375 0.046875 0.0625
4 0.25390625 0.3955078125 0.06406250000000001 0.083984375
1 0.4078125 0.69482421875 0.028125 0.0322265625
1 0.294140625 0.861328125 0.02890625 0.0390625
4 0.195703125 0.42822265625 0.06015625 0.0732421875
0 0.52578125 0.66259765625 0.053125000000000006 0.0751953125
4 0.690625 0.3798828125 0.053125000000000006 0.07421875
1 0.8679687500000001 0.41796875 0.035937500000000004 0.044921875
3 0.21445312500000002 0.6259765625 0.06328125 0.07421875
1 0.680859375 0.92724609375 0.025781250000000002 0.0380859375
1 0.8308593750000001 0.06689453125 0.025781250000000002 0.0380859375