0 0.451171875 0.09033203125 0.06953125 0.0869140625
4 0.45390625 0.55078125 0.0578125 0.07421875
4 0.390234375 0.57666015625 0.05859375 0.0810546875
1 0.28515625 0.2783203125 0.0328125 0.0390625
1 0.62109375 0.728515625 0.026562500000000003 0.03515625
0 0.96015625 0.52001953125 0.060937500000000006 0.0771484375
1 0.626171875 0.92041015625 0.02890625 0.0380859375
4 0.860546875 0.75 0.06484375 0.07421875
1 0.39609375 0.40234375 0.029687500000000002 0.033203125
4 0.33906250000000004 0.57421875 0.07500000000000001 0.09375
1 0.31367187500000004 0.96875 0.02890625 0.04296875
3 0.809765625 0.8388671875 0.06015625 0.072265625
3 0.36796875 0.48291015625 0.06875 0.1005859375
1 0.05 0.2763671875 0.035937500000000004 0.048828125
3 0.401953125 0.7177734375 0.06328125 0.0703125
1 0.6640625 0.8623046875 0.0328125 0.044921875
1 0.5421875 0.357421875 0.025 0.03125
4 0.378515625 0.16064453125 0.055468750000000004 0.0654296875