0 0.15703125 0.755859375 0.05625 0.072265625
0 0.20429687500000002 0.82470703125 0.04453125 0.0576171875
3 0.5984375000000001 0.900390625 0.07500000000000001 0.076171875
1 0.74765625 0.82373046875 0.029687500000000002 0.0400390625
1 0.9148437500000001 0.6494140625 0.0328125 0.044921875
0 0.28828125 0.1875 0.053125000000000006 0.068359375
4 0.33046875000000003 0.2509765625 0.05625 0.076171875
4 0.62421875 0.30517578125 0.0546875 0.0751953125
4 0.6578125 0.35009765625 0.053125000000000006 0.0732421875
1 0.78671875 0.455078125 0.03125 0.0390625
1 0.9066406250000001 0.3271484375 0.025781250000000002 0.041015625
4 0.526953125 0.439453125 0.04453125 0.05078125
3 0.64609375 0.44091796875 0.06406250000000001 0.0810546875
4 0.712109375 0.439453125 0.06640625 0.08203125
1 0.2609375 0.58203125 0.029687500000000002 0.041015625
4 0.11875000000000001 0.43115234375 0.065625 0.0712890625
1 0.90390625 0.19970703125 0.026562500000000003 0.0341796875
3 0.07109375 0.52099609375 0.060937500000000006 0.0693359375
0 0.219140625 0.201171875 0.06328125 0.072265625
0 0.34414062500000003 0.1162109375 0.03828125 0.05078125
4 0.5890625 0.2509765625 0.053125000000000006 0.064453125
1 0.819921875 0.291015625 0.02734375 0.033203125