0 0.501953125 0.1474609375 0.06953125 0.08984375
0 0.9402343750000001 0.26806640625 0.07265625 0.0927734375
0 0.9695312500000001 0.16259765625 0.059375000000000004 0.0986328125
0 0.60546875 0.10498046875 0.07968750000000001 0.0927734375
0 0.282421875 0.068359375 0.08671875000000001 0.111328125
0 0.19257812500000002 0.0693359375 0.08515625 0.091796875
0 0.23554687500000002 0.14501953125 0.06953125 0.0830078125
0 0.323828125 0.61865234375 0.07265625 0.0849609375
0 0.241015625 0.5986328125 0.07578125000000001 0.087890625
1 0.560546875 0.89208984375 0.049218750000000006 0.0498046875
0 0.38007812500000004 0.0771484375 0.07265625 0.08203125
0 0.158984375 0.16357421875 0.08515625 0.0966796875
0 0.39765625000000004 0.15380859375 0.06875 0.0830078125
0 0.8792968750000001 0.2177734375 0.06171875 0.08984375
0 0.162890625 0.5888671875 0.07109375 0.0859375
2 0.570703125 0.755859375 0.03671875 0.056640625
2 0.5867187500000001 0.7041015625 0.0421875 0.048828125
0 0.5183593750000001 0.22900390625 0.057031250000000006 0.0830078125
0 0.843359375 0.63818359375 0.06953125 0.1005859375
4 0.113671875 0.72119140625 0.09453125000000001 0.1064453125
2 0.533203125 0.60009765625 0.05234375 0.0654296875
0 0.875 0.7412109375 0.084375 0.111328125
1 0.6625000000000001 0.94677734375 0.034375 0.0439453125
0 0.2 0.513671875 0.0734375 0.083984375
0 0.9281250000000001 0.1259765625 0.053125000000000006 0.076171875
0 0.491015625 0.033203125 0.06328125 0.06640625
0 0.546484375 0.0830078125 0.055468750000000004 0.078125
1 0.796875 0.1884765625 0.034375 0.033203125