0 0.346484375 0.38134765625 0.05234375 0.0634765625
0 0.21601562500000002 0.572265625 0.05859375 0.078125
4 0.299609375 0.82177734375 0.06171875 0.0830078125
0 0.22382812500000002 0.49609375 0.05078125 0.0703125
1 0.35078125000000004 0.701171875 0.026562500000000003 0.0390625
0 0.78046875 0.7802734375 0.0484375 0.068359375
3 0.7078125000000001 0.513671875 0.053125000000000006 0.076171875
1 0.82421875 0.6875 0.0328125 0.041015625
4 0.801953125 0.05908203125 0.049218750000000006 0.0673828125
1 0.6359375 0.87841796875 0.028125 0.0361328125
1 0.7425781250000001 0.271484375 0.02890625 0.037109375
3 0.278125 0.73974609375 0.051562500000000004 0.0732421875
1 0.5222656250000001 0.68408203125 0.032031250000000004 0.0361328125
1 0.375 0.8037109375 0.0234375 0.041015625
4 0.708984375 0.11962890625 0.049218750000000006 0.0712890625
1 0.48515625 0.46728515625 0.028125 0.0341796875
1 0.9085937500000001 0.974609375 0.037500000000000006 0.03515625
1 0.7265625 0.4560546875 0.0328125 0.037109375
1 0.7375 0.037109375 0.0328125 0.037109375