0 0.70078125 0.4111328125 0.0859375 0.1015625
0 0.813671875 0.42529296875 0.07890625000000001 0.1025390625
0 0.696484375 0.55224609375 0.08984375 0.1162109375
0 0.46640625 0.72119140625 0.0734375 0.1005859375
0 0.134375 0.41748046875 0.08125 0.1044921875
0 0.6117187500000001 0.5263671875 0.08125 0.09375
4 0.6484375 0.79052734375 0.078125 0.1083984375
0 0.83515625 0.24560546875 0.078125 0.0947265625
0 0.753125 0.23486328125 0.0921875 0.0966796875
0 0.6664062500000001 0.310546875 0.07500000000000001 0.091796875
0 0.523046875 0.65576171875 0.08203125 0.0888671875
4 0.5164062500000001 0.48681640625 0.07968750000000001 0.0927734375
2 0.113671875 0.2080078125 0.04296875 0.05859375
0 0.21875 0.43115234375 0.05625 0.0830078125
0 0.8093750000000001 0.5888671875 0.06875 0.076171875
1 0.107421875 0.87841796875 0.02890625 0.0419921875
1 0.15859375 0.923828125 0.026562500000000003 0.037109375
1 0.07695312500000001 0.92578125 0.030468750000000003 0.041015625
0 0.41445312500000003 0.52880859375 0.06484375 0.0966796875
0 0.8828125 0.4462890625 0.0625 0.08984375
3 0.8601562500000001 0.54833984375 0.065625 0.0908203125
0 0.620703125 0.35546875 0.06171875 0.0703125
0 0.55625 0.41552734375 0.060937500000000006 0.0908203125