0 0.51953125 0.3154296875 0.12187500000000001 0.1328125
0 0.37109375 0.52783203125 0.09062500000000001 0.1083984375
0 0.605078125 0.59716796875 0.09609375 0.1044921875
0 0.51171875 0.59375 0.08281250000000001 0.09765625
0 0.462890625 0.5048828125 0.07578125000000001 0.099609375
0 0.5574218750000001 0.51318359375 0.07421875 0.0888671875
0 0.641796875 0.49365234375 0.07265625 0.0830078125
0 0.648046875 0.365234375 0.06484375 0.08984375
0 0.52265625 0.431640625 0.08750000000000001 0.0859375
0 0.441015625 0.39794921875 0.07734375 0.0849609375
0 0.377734375 0.4306640625 0.07734375 0.083984375
1 0.362109375 0.19921875 0.03671875 0.044921875