3 0.34453125 0.7607421875 0.0921875 0.125
0 0.19609375 0.73779296875 0.06875 0.0732421875
0 0.32109375 0.94140625 0.059375000000000004 0.076171875
0 0.67109375 0.4365234375 0.060937500000000006 0.08203125
0 0.46171875 0.5048828125 0.051562500000000004 0.0625
3 0.55 0.47998046875 0.0703125 0.0849609375
0 0.143359375 0.875 0.06328125 0.064453125
0 0.032421875 0.51953125 0.055468750000000004 0.0703125
4 0.091796875 0.30908203125 0.047656250000000004 0.0615234375
0 0.46718750000000003 0.37353515625 0.05 0.0634765625
0 0.08828125 0.64501953125 0.0421875 0.0498046875
1 0.035546875 0.1484375 0.032031250000000004 0.037109375
1 0.873046875 0.52001953125 0.02734375 0.0361328125
0 0.135546875 0.66015625 0.04609375 0.05859375
0 0.190234375 0.666015625 0.05234375 0.0703125
0 0.139453125 0.93212890625 0.055468750000000004 0.0615234375
0 0.487109375 0.4345703125 0.039843750000000004 0.064453125
1 0.415625 0.77197265625 0.026562500000000003 0.0322265625
0 0.44179687500000003 0.20703125 0.049218750000000006 0.068359375
0 0.162109375 0.0908203125 0.049218750000000006 0.068359375
0 0.15781250000000002 0.15380859375 0.05 0.0634765625
0 0.144140625 0.57373046875 0.049218750000000006 0.0615234375
0 0.096875 0.8837890625 0.0421875 0.05859375
0 0.83984375 0.54345703125 0.0421875 0.0556640625
0 0.7449218750000001 0.478515625 0.05234375 0.052734375
0 0.790234375 0.5126953125 0.041406250000000006 0.046875
0 0.767578125 0.3388671875 0.04453125 0.060546875
0 0.1390625 0.2880859375 0.0390625 0.05078125
0 0.15351562500000002 0.2451171875 0.03828125 0.052734375
0 0.41250000000000003 0.24755859375 0.037500000000000006 0.0439453125
0 0.5109375 0.3857421875 0.040625 0.05078125
0 0.6824218750000001 0.34716796875 0.055468750000000004 0.0712890625
3 0.91015625 0.09716796875 0.09531250000000001 0.1181640625
0 0.18710937500000002 0.27294921875 0.04609375 0.0556640625
0 0.058203125 0.5849609375 0.039843750000000004 0.048828125
0 0.73828125 0.53515625 0.045312500000000006 0.0703125