0 0.500390625 0.4169921875 0.06015625 0.080078125
0 0.504296875 0.6552734375 0.05078125 0.06640625
0 0.5886718750000001 0.67529296875 0.05234375 0.0712890625
0 0.43046875 0.5869140625 0.051562500000000004 0.064453125
0 0.6671875 0.52783203125 0.043750000000000004 0.0556640625
0 0.6121093750000001 0.556640625 0.05234375 0.068359375
0 0.5109375 0.7890625 0.0484375 0.052734375
0 0.8949218750000001 0.94873046875 0.05234375 0.0654296875
0 0.966796875 0.939453125 0.05078125 0.06640625
0 0.5 0.2822265625 0.053125000000000006 0.068359375
0 0.400390625 0.802734375 0.05234375 0.076171875
0 0.34804687500000003 0.26611328125 0.049218750000000006 0.0712890625
0 0.4921875 0.57861328125 0.053125000000000006 0.0712890625
1 0.270703125 0.408203125 0.02734375 0.041015625
0 0.543359375 0.71044921875 0.039843750000000004 0.0498046875
4 0.594921875 0.27099609375 0.055468750000000004 0.0595703125
0 0.5921875 0.365234375 0.0390625 0.046875
0 0.564453125 0.330078125 0.03828125 0.048828125
0 0.52109375 0.3525390625 0.046875 0.060546875
0 0.447265625 0.38720703125 0.039843750000000004 0.0517578125
0 0.458984375 0.4365234375 0.039843750000000004 0.052734375
0 0.92890625 0.1123046875 0.0546875 0.068359375
0 0.086328125 0.67041015625 0.04296875 0.0537109375
0 0.315234375 0.8232421875 0.047656250000000004 0.072265625
0 0.090234375 0.71728515625 0.039843750000000004 0.0498046875
0 0.46132812500000003 0.830078125 0.039843750000000004 0.05078125
0 0.5027343750000001 0.8466796875 0.04296875 0.0546875
0 0.5515625000000001 0.39990234375 0.053125000000000006 0.0712890625
2 0.7957031250000001 0.16552734375 0.03671875 0.0556640625