0 0.148828125 0.40283203125 0.07109375 0.0966796875
0 0.5789062500000001 0.65283203125 0.059375000000000004 0.0673828125
0 0.07265625 0.46923828125 0.078125 0.1201171875
0 0.315234375 0.90869140625 0.049218750000000006 0.0634765625
4 0.129296875 0.92529296875 0.057031250000000006 0.0732421875
0 0.38046875 0.900390625 0.0625 0.080078125
0 0.44921875 0.86962890625 0.06406250000000001 0.0888671875
2 0.46875 0.95361328125 0.0328125 0.0380859375
0 0.19609375 0.7685546875 0.053125000000000006 0.068359375
0 0.13125 0.3095703125 0.05625 0.076171875
0 0.708984375 0.1181640625 0.06171875 0.078125
0 0.9261718750000001 0.1201171875 0.06015625 0.076171875
0 0.976171875 0.28271484375 0.04296875 0.0517578125
0 0.97421875 0.33544921875 0.0390625 0.0537109375
1 0.620703125 0.85888671875 0.032031250000000004 0.0380859375
1 0.852734375 0.544921875 0.03828125 0.041015625
0 0.974609375 0.17529296875 0.049218750000000006 0.0634765625
0 0.0890625 0.5810546875 0.051562500000000004 0.068359375
0 0.17890625000000002 0.19287109375 0.051562500000000004 0.0732421875
2 0.758984375 0.39111328125 0.03359375 0.0498046875
0 0.9789062500000001 0.40673828125 0.040625 0.0615234375
1 0.64453125 0.97216796875 0.028125 0.0400390625