0 0.5691406250000001 0.34521484375 0.06171875 0.0888671875
3 0.30078125 0.94677734375 0.08750000000000001 0.1005859375
0 0.33359375 0.85986328125 0.0625 0.0791015625
0 0.330859375 0.75146484375 0.055468750000000004 0.0673828125
0 0.34414062500000003 0.49853515625 0.05234375 0.0732421875
0 0.7078125000000001 0.7705078125 0.046875 0.060546875
3 0.107421875 0.58203125 0.057031250000000006 0.076171875
0 0.278515625 0.35546875 0.04609375 0.06640625
3 0.662109375 0.2529296875 0.057031250000000006 0.06640625
0 0.7582031250000001 0.3515625 0.041406250000000006 0.052734375
0 0.83203125 0.1767578125 0.045312500000000006 0.048828125
0 0.8582031250000001 0.220703125 0.05390625 0.0625
0 0.8289062500000001 0.3173828125 0.043750000000000004 0.05078125
3 0.8390625 0.07666015625 0.046875 0.0595703125
1 0.23671875 0.37939453125 0.021875000000000002 0.0263671875
1 0.66796875 0.89306640625 0.028125 0.0361328125
0 0.3125 0.619140625 0.05 0.0625
0 0.28828125 0.548828125 0.046875 0.052734375
3 0.9593750000000001 0.95947265625 0.060937500000000006 0.0791015625
4 0.45937500000000003 0.71044921875 0.05625 0.0732421875
4 0.037109375 0.345703125 0.05078125 0.064453125
0 0.61484375 0.48681640625 0.0625 0.0634765625
0 0.766796875 0.1826171875 0.041406250000000006 0.052734375
0 0.7992187500000001 0.11962890625 0.040625 0.0537109375
1 0.103515625 0.06201171875 0.025781250000000002 0.0341796875
0 0.36796875 0.427734375 0.053125000000000006 0.0703125