0 0.736328125 0.63134765625 0.08515625 0.1162109375
4 0.6097656250000001 0.50390625 0.04609375 0.05859375
0 0.624609375 0.56982421875 0.039843750000000004 0.0537109375
0 0.552734375 0.583984375 0.039843750000000004 0.0546875
0 0.499609375 0.529296875 0.04296875 0.05859375
0 0.5359375000000001 0.466796875 0.05625 0.072265625
0 0.66171875 0.515625 0.046875 0.06640625
4 0.6667968750000001 0.44482421875 0.057031250000000006 0.0673828125
1 0.865234375 0.38818359375 0.025781250000000002 0.0322265625
1 0.802734375 0.5498046875 0.02890625 0.03515625
1 0.133203125 0.47412109375 0.02890625 0.0361328125
1 0.9148437500000001 0.23681640625 0.028125 0.0361328125
4 0.48984375 0.1484375 0.0578125 0.06640625
1 0.786328125 0.79833984375 0.030468750000000003 0.0380859375
0 0.7738281250000001 0.296875 0.06015625 0.06640625
1 0.8828125 0.69287109375 0.03125 0.0439453125
0 0.67578125 0.6796875 0.0390625 0.048828125
0 0.6257812500000001 0.63818359375 0.0390625 0.0458984375
1 0.8796875000000001 0.09814453125 0.0234375 0.0361328125