0 0.39687500000000003 0.5693359375 0.10312500000000001 0.1328125
0 0.335546875 0.8291015625 0.055468750000000004 0.068359375
0 0.38593750000000004 0.82861328125 0.046875 0.0634765625
0 0.25 0.3828125 0.046875 0.060546875
0 0.284375 0.34033203125 0.059375000000000004 0.0712890625
0 0.33320312500000004 0.4892578125 0.047656250000000004 0.068359375
0 0.28359375000000003 0.50537109375 0.046875 0.0751953125
0 0.4140625 0.75244140625 0.045312500000000006 0.0634765625
0 0.34921875 0.68603515625 0.043750000000000004 0.0595703125
0 0.3203125 0.5712890625 0.046875 0.056640625
0 0.310546875 0.3857421875 0.04296875 0.0625
0 0.498046875 0.79931640625 0.03828125 0.0537109375
1 0.9460937500000001 0.3837890625 0.025 0.03125
3 0.7957031250000001 0.95166015625 0.08984375 0.0947265625
0 0.37343750000000003 0.36376953125 0.09375 0.1279296875
0 0.39609375 0.46875 0.0421875 0.048828125
0 0.375 0.64453125 0.040625 0.05078125
0 0.45078125 0.82080078125 0.05 0.0595703125
1 0.35625 0.73583984375 0.025 0.0341796875
0 0.43515625 0.48291015625 0.0421875 0.0537109375