0 0.327734375 0.2138671875 0.08671875000000001 0.10546875
0 0.43046875 0.49072265625 0.059375000000000004 0.0693359375
0 0.408203125 0.23681640625 0.049218750000000006 0.0693359375
0 0.474609375 0.291015625 0.09140625000000001 0.119140625
3 0.22226562500000002 0.40478515625 0.05390625 0.0791015625
3 0.741796875 0.787109375 0.055468750000000004 0.076171875
0 0.57578125 0.1142578125 0.0625 0.08203125
0 0.7136718750000001 0.2001953125 0.041406250000000006 0.0546875
0 0.83359375 0.48876953125 0.053125000000000006 0.0712890625
0 0.8992187500000001 0.42919921875 0.0625 0.0771484375
0 0.9007812500000001 0.8046875 0.053125000000000006 0.0703125
0 0.9378906250000001 0.86669921875 0.047656250000000004 0.0537109375
4 0.8835937500000001 0.88037109375 0.0484375 0.0576171875
1 0.7210937500000001 0.97216796875 0.028125 0.0361328125
1 0.8128906250000001 0.6884765625 0.025781250000000002 0.037109375
0 0.61484375 0.826171875 0.037500000000000006 0.056640625
0 0.74609375 0.55419921875 0.0546875 0.0810546875