0 0.7644531250000001 0.30078125 0.09453125000000001 0.109375
0 0.7171875000000001 0.3955078125 0.0765625 0.091796875
0 0.35390625000000003 0.49365234375 0.0578125 0.0673828125
0 0.284765625 0.5126953125 0.047656250000000004 0.056640625
0 0.09921875000000001 0.50537109375 0.05625 0.0673828125
3 0.24921875000000002 0.84912109375 0.0921875 0.1123046875
1 0.862890625 0.67041015625 0.02734375 0.0380859375
1 0.025390625 0.3408203125 0.02890625 0.041015625
3 0.9441406250000001 0.60498046875 0.07734375 0.0908203125
0 0.32460937500000003 0.5732421875 0.08046875 0.107421875
1 0.123046875 0.66796875 0.02734375 0.041015625