0 0.31171875000000004 0.14501953125 0.09375 0.1123046875
0 0.106640625 0.25634765625 0.08359375000000001 0.1123046875
0 0.184375 0.279296875 0.08281250000000001 0.091796875
0 0.32578125 0.32861328125 0.07968750000000001 0.1103515625
0 0.084375 0.8369140625 0.0765625 0.095703125
0 0.28125 0.48876953125 0.0765625 0.0947265625
0 0.369140625 0.2216796875 0.07734375 0.08984375
0 0.435546875 0.38232421875 0.07421875 0.0869140625
0 0.197265625 0.830078125 0.09453125000000001 0.10546875
0 0.152734375 0.95703125 0.09765625 0.083984375
1 0.423828125 0.84912109375 0.03828125 0.0439453125
1 0.9714843750000001 0.7763671875 0.039843750000000004 0.046875
0 0.2890625 0.2294921875 0.059375000000000004 0.080078125
2 0.540234375 0.29833984375 0.041406250000000006 0.0517578125
1 0.025390625 0.4990234375 0.03515625 0.046875
0 0.20429687500000002 0.09765625 0.06796875000000001 0.083984375