0 0.310546875 0.7724609375 0.07734375 0.103515625
0 0.08554687500000001 0.88671875 0.057031250000000006 0.083984375
0 0.527734375 0.38623046875 0.06484375 0.0830078125
0 0.3921875 0.34765625 0.0671875 0.095703125
0 0.9078125 0.45849609375 0.06875 0.0830078125
0 0.5203125000000001 0.0947265625 0.08750000000000001 0.09765625
0 0.35546875 0.26318359375 0.0546875 0.0654296875
0 0.44921875 0.193359375 0.051562500000000004 0.064453125
0 0.7117187500000001 0.56396484375 0.043750000000000004 0.0673828125
0 0.17539062500000002 0.5791015625 0.04609375 0.0625
0 0.217578125 0.3359375 0.05078125 0.064453125
0 0.5964843750000001 0.5771484375 0.04453125 0.052734375
0 0.551953125 0.67041015625 0.039843750000000004 0.0498046875
0 0.465625 0.71337890625 0.046875 0.0537109375
4 0.776953125 0.61376953125 0.04453125 0.0693359375
3 0.83515625 0.70458984375 0.045312500000000006 0.0654296875
1 0.30312500000000003 0.58740234375 0.0203125 0.0302734375
1 0.36328125 0.56640625 0.025 0.02734375
1 0.4 0.7294921875 0.0234375 0.03125
0 0.160546875 0.68310546875 0.049218750000000006 0.0615234375
4 0.272265625 0.623046875 0.055468750000000004 0.064453125
1 0.921875 0.18896484375 0.0203125 0.0244140625
2 0.309375 0.96728515625 0.03125 0.0458984375
2 0.05078125 0.7578125 0.037500000000000006 0.0390625
0 0.5203125000000001 0.30029296875 0.05 0.0615234375
4 0.474609375 0.25830078125 0.06484375 0.0771484375
0 0.744140625 0.14208984375 0.041406250000000006 0.0556640625
0 0.311328125 0.333984375 0.04609375 0.056640625
1 0.913671875 0.4013671875 0.025781250000000002 0.03515625
0 0.605078125 0.42919921875 0.05859375 0.0673828125