0 0.326953125 0.18505859375 0.08359375000000001 0.1044921875
0 0.23984375000000002 0.1787109375 0.065625 0.095703125
0 0.8046875 0.65478515625 0.1 0.1220703125
0 0.87265625 0.8583984375 0.0546875 0.072265625
0 0.5828125000000001 0.4462890625 0.051562500000000004 0.07421875
0 0.6328125 0.361328125 0.059375000000000004 0.072265625
0 0.44843750000000004 0.46728515625 0.06406250000000001 0.0888671875
0 0.876171875 0.7626953125 0.05234375 0.0625
3 0.221484375 0.49755859375 0.06796875000000001 0.0712890625
2 0.24921875000000002 0.40478515625 0.03125 0.0439453125
1 0.9285156250000001 0.60302734375 0.02421875 0.0322265625
0 0.021484375 0.474609375 0.04296875 0.064453125
2 0.653515625 0.1552734375 0.03515625 0.0390625
0 0.3796875 0.66259765625 0.046875 0.0556640625
0 0.727734375 0.53271484375 0.09296875 0.1220703125
0 0.347265625 0.50244140625 0.05234375 0.0712890625
3 0.105859375 0.89501953125 0.05390625 0.0712890625
0 0.14960937500000002 0.91943359375 0.041406250000000006 0.0595703125
4 0.41914062500000004 0.78662109375 0.04453125 0.0576171875
0 0.21171875 0.912109375 0.05 0.076171875
1 0.4296875 0.85302734375 0.0203125 0.0322265625
0 0.531640625 0.48583984375 0.04296875 0.0615234375
0 0.570703125 0.3310546875 0.04296875 0.060546875
4 0.079296875 0.5869140625 0.05078125 0.072265625