0 0.759375 0.890625 0.1171875 0.138671875
0 0.331640625 0.55859375 0.08203125 0.107421875
0 0.26171875 0.3173828125 0.0703125 0.07421875
0 0.19375 0.41796875 0.046875 0.060546875
0 0.284375 0.41064453125 0.053125000000000006 0.0654296875
3 0.8054687500000001 0.12548828125 0.0671875 0.1025390625
0 0.6253906250000001 0.275390625 0.05078125 0.060546875
0 0.05078125 0.81298828125 0.0484375 0.0615234375
0 0.267578125 0.71240234375 0.057031250000000006 0.0615234375
4 0.30390625000000004 0.64501953125 0.051562500000000004 0.0556640625
1 0.8359375 0.298828125 0.026562500000000003 0.037109375
1 0.95625 0.38037109375 0.026562500000000003 0.0361328125
0 0.775 0.61083984375 0.0484375 0.0673828125
1 0.9730468750000001 0.55615234375 0.02890625 0.0341796875
1 0.07890625000000001 0.44091796875 0.0203125 0.0361328125