0 0.1171875 0.52880859375 0.065625 0.0732421875
0 0.201953125 0.52099609375 0.08046875 0.0986328125
0 0.13984375000000002 0.6005859375 0.051562500000000004 0.060546875
0 0.7132812500000001 0.625 0.07968750000000001 0.091796875
0 0.44179687500000003 0.81201171875 0.07578125000000001 0.1025390625
0 0.251953125 0.8759765625 0.047656250000000004 0.05859375
0 0.8503906250000001 0.6748046875 0.06796875000000001 0.091796875
0 0.464453125 0.03466796875 0.055468750000000004 0.0654296875
3 0.519140625 0.47412109375 0.04609375 0.0654296875
0 0.46953125 0.67236328125 0.09062500000000001 0.1064453125
4 0.39375000000000004 0.1318359375 0.0546875 0.0546875
1 0.7429687500000001 0.1884765625 0.0234375 0.033203125
0 0.201171875 0.02880859375 0.05859375 0.0576171875
0 0.64375 0.39404296875 0.053125000000000006 0.0673828125
0 0.921484375 0.49853515625 0.047656250000000004 0.0556640625
0 0.784375 0.328125 0.040625 0.05859375
0 0.314453125 0.451171875 0.047656250000000004 0.064453125
0 0.400390625 0.61376953125 0.047656250000000004 0.0615234375
0 0.951171875 0.12646484375 0.049218750000000006 0.0576171875
0 0.253515625 0.76708984375 0.05390625 0.0576171875
0 0.9476562500000001 0.9287109375 0.060937500000000006 0.078125
0 0.47734375 0.17919921875 0.05625 0.0712890625
0 0.38046875 0.85009765625 0.0421875 0.0576171875
0 0.4078125 0.06640625 0.05625 0.072265625
1 0.05078125 0.76171875 0.025 0.037109375
1 0.28554687500000003 0.97705078125 0.02890625 0.0341796875
0 0.6515625 0.67724609375 0.0484375 0.0634765625
0 0.11953125 0.06103515625 0.037500000000000006 0.0517578125