0 0.5703125 0.17822265625 0.09375 0.1123046875
0 0.64609375 0.48046875 0.1296875 0.162109375
0 0.5703125 0.89501953125 0.1 0.1220703125
0 0.5984375000000001 0.587890625 0.05625 0.076171875
0 0.4078125 0.392578125 0.05 0.060546875
0 0.73359375 0.62548828125 0.0421875 0.0634765625
0 0.21171875 0.92724609375 0.043750000000000004 0.0615234375
0 0.35781250000000003 0.16259765625 0.05 0.0576171875
0 0.622265625 0.36962890625 0.047656250000000004 0.0615234375
0 0.708203125 0.37158203125 0.05234375 0.0732421875
0 0.487890625 0.8515625 0.041406250000000006 0.060546875
0 0.12187500000000001 0.8759765625 0.045312500000000006 0.048828125
0 0.148046875 0.92919921875 0.047656250000000004 0.0673828125
0 0.7445312500000001 0.50146484375 0.043750000000000004 0.0576171875