0 0.45859375 0.71240234375 0.0734375 0.1064453125
0 0.6328125 0.830078125 0.0734375 0.091796875
0 0.221484375 0.826171875 0.06171875 0.076171875
0 0.07500000000000001 0.84375 0.046875 0.05859375
0 0.21796875000000002 0.10498046875 0.05625 0.0654296875
0 0.263671875 0.14892578125 0.05078125 0.0556640625
0 0.405078125 0.1396484375 0.05390625 0.06640625
0 0.312109375 0.1513671875 0.05078125 0.0625
0 0.2765625 0.2060546875 0.05 0.064453125
0 0.148046875 0.0986328125 0.055468750000000004 0.068359375
0 0.71015625 0.1748046875 0.046875 0.0546875
3 0.0390625 0.72412109375 0.0578125 0.0673828125
0 0.041796875000000004 0.78759765625 0.06015625 0.0673828125
0 0.45625000000000004 0.1240234375 0.046875 0.056640625
0 0.19765625 0.62255859375 0.053125000000000006 0.0537109375
0 0.339453125 0.0986328125 0.047656250000000004 0.052734375
0 0.50234375 0.130859375 0.0546875 0.0625
1 0.681640625 0.31005859375 0.02734375 0.0400390625
0 0.1171875 0.8212890625 0.045312500000000006 0.052734375
1 0.09531250000000001 0.26025390625 0.028125 0.0341796875
0 0.08828125 0.1494140625 0.0421875 0.06640625
0 0.022656250000000003 0.298828125 0.040625 0.052734375
0 0.318359375 0.19970703125 0.03671875 0.0478515625
0 0.31367187500000004 0.24658203125 0.041406250000000006 0.0458984375
0 0.234375 0.25146484375 0.035937500000000004 0.0576171875
0 0.201171875 0.21875 0.039843750000000004 0.048828125