0 0.43593750000000003 0.31103515625 0.109375 0.1181640625
0 0.5359375000000001 0.34130859375 0.09375 0.1064453125
0 0.6253906250000001 0.37353515625 0.08046875 0.1083984375
0 0.3953125 0.43115234375 0.09531250000000001 0.1123046875
0 0.8421875000000001 0.248046875 0.08281250000000001 0.083984375
0 0.82578125 0.337890625 0.0734375 0.09375
0 0.734375 0.31494140625 0.08125 0.1025390625
2 0.9183593750000001 0.09228515625 0.04296875 0.0556640625
2 0.5164062500000001 0.8203125 0.0484375 0.060546875
1 0.58359375 0.537109375 0.034375 0.041015625
1 0.890625 0.33740234375 0.026562500000000003 0.0458984375
1 0.743359375 0.21728515625 0.03671875 0.0380859375
0 0.470703125 0.41357421875 0.06640625 0.1025390625