0 0.2734375 0.578125 0.08750000000000001 0.1171875
0 0.35976562500000003 0.56396484375 0.08671875000000001 0.1123046875
0 0.48984375 0.47119140625 0.09531250000000001 0.1083984375
0 0.41796875 0.6328125 0.07968750000000001 0.078125
0 0.18085937500000002 0.6142578125 0.09453125000000001 0.107421875
0 0.44140625 0.5439453125 0.0671875 0.08203125
2 0.5710937500000001 0.7822265625 0.045312500000000006 0.0625
2 0.7234375000000001 0.61669921875 0.037500000000000006 0.0517578125
1 0.48554687500000004 0.2041015625 0.03359375 0.048828125
0 0.5925781250000001 0.33349609375 0.07265625 0.0830078125
0 0.294140625 0.4541015625 0.06640625 0.078125
2 0.5398437500000001 0.3525390625 0.045312500000000006 0.05859375
1 0.6058593750000001 0.712890625 0.03515625 0.046875