0 0.20664062500000002 0.18017578125 0.10234375000000001 0.1220703125
0 0.253515625 0.2587890625 0.08515625 0.1015625
4 0.38710937500000003 0.29931640625 0.09765625 0.1123046875
0 0.95703125 0.60400390625 0.084375 0.1259765625
0 0.8093750000000001 0.64111328125 0.08125 0.1220703125
0 0.87890625 0.62353515625 0.0734375 0.1044921875
0 0.115234375 0.28271484375 0.09609375 0.1044921875
0 0.21796875000000002 0.35498046875 0.0734375 0.0869140625
0 0.10625000000000001 0.1591796875 0.08125 0.107421875
0 0.15585937500000002 0.42236328125 0.07265625 0.0927734375
4 0.853515625 0.52783203125 0.08671875000000001 0.1025390625
2 0.2078125 0.4326171875 0.0421875 0.0546875
1 0.264453125 0.626953125 0.03828125 0.048828125
1 0.23671875 0.66455078125 0.037500000000000006 0.0478515625
1 0.51171875 0.8828125 0.034375 0.044921875
0 0.08164062500000001 0.4189453125 0.07734375 0.1015625