0 0.168359375 0.09912109375 0.11171875 0.1142578125
0 0.7679687500000001 0.4306640625 0.0859375 0.109375
0 0.6996093750000001 0.49853515625 0.07265625 0.0966796875
0 0.7828125 0.5537109375 0.0890625 0.1171875
0 0.3984375 0.44140625 0.09375 0.11328125
0 0.49648437500000003 0.501953125 0.11796875000000001 0.142578125
0 0.526953125 0.6416015625 0.09453125000000001 0.12109375
0 0.43398437500000003 0.6337890625 0.09921875000000001 0.125
0 0.341796875 0.6064453125 0.09296875 0.115234375
0 0.31093750000000003 0.501953125 0.08125 0.10546875
0 0.057031250000000006 0.62939453125 0.09375 0.1005859375
0 0.6218750000000001 0.45654296875 0.0734375 0.0830078125
1 0.338671875 0.177734375 0.032031250000000004 0.0390625
2 0.39101562500000003 0.08154296875 0.057031250000000006 0.0595703125
0 0.2234375 0.5341796875 0.08125 0.123046875
0 0.8542968750000001 0.46826171875 0.07734375 0.1005859375
1 0.3140625 0.720703125 0.040625 0.04296875
1 0.689453125 0.5791015625 0.03515625 0.04296875
1 0.401953125 0.11669921875 0.030468750000000003 0.0380859375
0 0.40156250000000004 0.5341796875 0.05625 0.076171875