1 0.106640625 0.359375 0.032031250000000004 0.0390625
1 0.29296875 0.36962890625 0.0328125 0.0341796875
1 0.6140625000000001 0.3173828125 0.0328125 0.03515625
4 0.5261718750000001 0.54833984375 0.06953125 0.0849609375
1 0.718359375 0.51708984375 0.02421875 0.0361328125
1 0.380859375 0.7158203125 0.032031250000000004 0.0390625
1 0.24921875000000002 0.69775390625 0.03125 0.0341796875
1 0.18671875000000002 0.6708984375 0.03125 0.04296875
1 0.20820312500000002 0.59228515625 0.02890625 0.0400390625
1 0.023046875 0.693359375 0.02890625 0.0390625
1 0.390625 0.3759765625 0.03125 0.0390625
1 0.315234375 0.43017578125 0.03359375 0.0361328125
1 0.566015625 0.13330078125 0.03359375 0.0361328125
1 0.571484375 0.84716796875 0.02734375 0.0341796875
1 0.48828125 0.91943359375 0.026562500000000003 0.0361328125
1 0.40664062500000003 0.97509765625 0.025781250000000002 0.0361328125
1 0.7425781250000001 0.3505859375 0.025781250000000002 0.03125
1 0.852734375 0.06396484375 0.02734375 0.0322265625
1 0.073046875 0.19580078125 0.032031250000000004 0.0322265625
1 0.1234375 0.0302734375 0.029687500000000002 0.037109375
1 0.14296875 0.21630859375 0.029687500000000002 0.0400390625
1 0.18359375 0.13916015625 0.029687500000000002 0.0380859375
1 0.18906250000000002 0.42919921875 0.029687500000000002 0.0361328125
1 0.15976562500000002 0.93310546875 0.030468750000000003 0.0341796875
1 0.40234375 0.81005859375 0.028125 0.0322265625
1 0.72265625 0.86669921875 0.029687500000000002 0.0341796875
1 0.572265625 0.8984375 0.025781250000000002 0.029296875
1 0.5417968750000001 0.90869140625 0.032031250000000004 0.0322265625
1 0.36328125 0.4833984375 0.026562500000000003 0.03515625
1 0.434375 0.3935546875 0.028125 0.037109375
1 0.633984375 0.03857421875 0.032031250000000004 0.0380859375
1 0.571875 0.03125 0.037500000000000006 0.037109375
1 0.330859375 0.0205078125 0.02890625 0.025390625
1 0.36054687500000004 0.16064453125 0.02890625 0.0322265625
1 0.697265625 0.14599609375 0.02890625 0.0302734375
1 0.7566406250000001 0.20947265625 0.030468750000000003 0.0341796875
1 0.96015625 0.8095703125 0.028125 0.033203125
1 0.6273437500000001 0.630859375 0.025 0.03125
1 0.408984375 0.59326171875 0.025781250000000002 0.0322265625
1 0.36640625000000004 0.54296875 0.028125 0.03515625
1 0.32109375 0.671875 0.028125 0.03515625
1 0.427734375 0.56005859375 0.02890625 0.0361328125
1 0.45390625 0.427734375 0.028125 0.03515625