0 0.610546875 0.79736328125 0.10546875 0.1220703125
0 0.587109375 0.9287109375 0.09453125000000001 0.115234375
0 0.125 0.88818359375 0.07968750000000001 0.0966796875
0 0.05 0.8388671875 0.07968750000000001 0.09765625
0 0.140234375 0.21240234375 0.09296875 0.1083984375
1 0.6234375000000001 0.61083984375 0.029687500000000002 0.0380859375
0 0.6820312500000001 0.5 0.0859375 0.099609375
0 0.954296875 0.115234375 0.08515625 0.107421875
0 0.6015625 0.478515625 0.0734375 0.09765625
0 0.131640625 0.595703125 0.10078125 0.099609375
2 0.22265625 0.2998046875 0.045312500000000006 0.0625
4 0.32851562500000003 0.8349609375 0.07890625000000001 0.10546875
0 0.1 0.7060546875 0.060937500000000006 0.0859375
0 0.03515625 0.72900390625 0.0703125 0.1025390625
0 0.38515625000000003 0.93408203125 0.0578125 0.0732421875
0 0.44609375 0.95947265625 0.0765625 0.0791015625
2 0.586328125 0.14208984375 0.05234375 0.0556640625
1 0.5421875 0.36083984375 0.0328125 0.0380859375
1 0.45156250000000003 0.2353515625 0.034375 0.044921875
1 0.5476562500000001 0.2587890625 0.029687500000000002 0.044921875
1 0.23046875 0.10888671875 0.0390625 0.0478515625
1 0.079296875 0.0732421875 0.02734375 0.048828125
4 0.650390625 0.33740234375 0.10078125 0.1181640625