0 0.33125000000000004 0.30322265625 0.07968750000000001 0.1025390625
0 0.8148437500000001 0.41796875 0.08281250000000001 0.107421875
0 0.843359375 0.2978515625 0.06640625 0.0859375
0 0.773046875 0.2978515625 0.08203125 0.087890625
0 0.70859375 0.2646484375 0.0765625 0.095703125
0 0.554296875 0.33154296875 0.07734375 0.1025390625
0 0.6585937500000001 0.51416015625 0.07500000000000001 0.1064453125
0 0.298828125 0.51318359375 0.08828125 0.1103515625
0 0.15156250000000002 0.4794921875 0.07968750000000001 0.095703125
0 0.09140625000000001 0.54931640625 0.06406250000000001 0.1005859375
0 0.15195312500000002 0.31298828125 0.08671875000000001 0.0869140625
0 0.4421875 0.56640625 0.0703125 0.103515625
0 0.096875 0.2451171875 0.1015625 0.099609375
0 0.23203125000000002 0.29150390625 0.1046875 0.1162109375
4 0.252734375 0.6357421875 0.07109375 0.099609375
0 0.886328125 0.4296875 0.06171875 0.08203125
4 0.9 0.5419921875 0.09062500000000001 0.109375
0 0.147265625 0.765625 0.06015625 0.083984375
0 0.61875 0.3193359375 0.065625 0.078125
0 0.821875 0.5458984375 0.0703125 0.09765625
0 0.759375 0.61865234375 0.07500000000000001 0.0927734375
0 0.9070312500000001 0.3349609375 0.07500000000000001 0.087890625
0 0.5867187500000001 0.49365234375 0.07187500000000001 0.0869140625
0 0.9187500000000001 0.66796875 0.06875 0.0859375
0 0.7503906250000001 0.52099609375 0.06796875000000001 0.0927734375
0 0.20703125 0.75830078125 0.05625 0.0849609375
1 0.298828125 0.0498046875 0.03671875 0.041015625
0 0.48554687500000004 0.4404296875 0.07109375 0.08984375
0 0.6875 0.353515625 0.0671875 0.0859375