0 0.41445312500000003 0.18115234375 0.08515625 0.1318359375
0 0.498046875 0.2119140625 0.09453125000000001 0.12890625
0 0.7957031250000001 0.61376953125 0.08671875000000001 0.1162109375
0 0.915625 0.521484375 0.096875 0.146484375
0 0.8359375 0.4931640625 0.08281250000000001 0.09375
0 0.49726562500000004 0.40576171875 0.10078125 0.1279296875
0 0.562890625 0.4892578125 0.07734375 0.10546875
0 0.70703125 0.52490234375 0.06875 0.0810546875
0 0.4234375 0.30224609375 0.07500000000000001 0.0771484375
2 0.57578125 0.28173828125 0.05 0.0595703125
1 0.696484375 0.75 0.049218750000000006 0.05078125
1 0.15859375 0.73095703125 0.05 0.0517578125
1 0.31015625 0.73974609375 0.034375 0.0439453125
1 0.2578125 0.7197265625 0.0328125 0.048828125
1 0.911328125 0.89306640625 0.03515625 0.0498046875
1 0.1546875 0.3779296875 0.0328125 0.04296875
1 0.048046875 0.23193359375 0.03828125 0.0439453125
1 0.03359375 0.095703125 0.029687500000000002 0.046875
1 0.041406250000000006 0.458984375 0.037500000000000006 0.0546875