3 0.553125 0.220703125 0.06875 0.076171875
4 0.45859375 0.2294921875 0.05 0.064453125
0 0.48164062500000004 0.046875 0.047656250000000004 0.0703125
0 0.9703125 0.337890625 0.0546875 0.076171875
0 0.5632812500000001 0.6728515625 0.051562500000000004 0.06640625
0 0.28359375000000003 0.7568359375 0.0578125 0.064453125
4 0.51875 0.7099609375 0.0546875 0.068359375
4 0.415625 0.14990234375 0.053125000000000006 0.0693359375
4 0.609375 0.0576171875 0.0578125 0.072265625
0 0.374609375 0.8525390625 0.047656250000000004 0.0625
0 0.337890625 0.81396484375 0.04609375 0.0654296875
0 0.32890625 0.87255859375 0.0484375 0.0654296875
0 0.451171875 0.78271484375 0.05390625 0.0693359375
0 0.9398437500000001 0.0927734375 0.0578125 0.07421875
4 0.555078125 0.05078125 0.05078125 0.068359375