0 0.676953125 0.50537109375 0.08046875 0.1044921875
4 0.32343750000000004 0.2216796875 0.0578125 0.080078125
0 0.3953125 0.40576171875 0.053125000000000006 0.0634765625
0 0.540234375 0.26220703125 0.055468750000000004 0.0791015625
0 0.634765625 0.2470703125 0.05234375 0.060546875
0 0.91015625 0.20654296875 0.051562500000000004 0.0634765625
0 0.08867187500000001 0.361328125 0.05234375 0.05859375
0 0.326171875 0.86474609375 0.06328125 0.0751953125
4 0.849609375 0.599609375 0.05078125 0.064453125
0 0.339453125 0.6396484375 0.07109375 0.083984375
4 0.43867187500000004 0.58447265625 0.055468750000000004 0.0654296875
4 0.5953125 0.3525390625 0.046875 0.056640625
4 0.5875 0.2001953125 0.045312500000000006 0.05859375
4 0.265625 0.69580078125 0.05 0.0634765625
0 0.25234375000000003 0.611328125 0.046875 0.056640625
4 0.2609375 0.82373046875 0.053125000000000006 0.0615234375
0 0.37890625 0.73779296875 0.043750000000000004 0.0556640625
0 0.35664062500000004 0.564453125 0.04296875 0.052734375
4 0.960546875 0.22021484375 0.05078125 0.0771484375
4 0.909375 0.1328125 0.053125000000000006 0.07421875
4 0.923046875 0.05224609375 0.06171875 0.0634765625
4 0.29531250000000003 0.77001953125 0.046875 0.0595703125
3 0.240625 0.75439453125 0.06875 0.0830078125
0 0.6390625000000001 0.3896484375 0.0484375 0.05859375
0 0.421875 0.77880859375 0.051562500000000004 0.0654296875
0 0.727734375 0.517578125 0.04453125 0.052734375
4 0.654296875 0.18408203125 0.04453125 0.0576171875