3 0.7761718750000001 0.15625 0.09453125000000001 0.107421875
0 0.78046875 0.3544921875 0.0578125 0.0703125
0 0.79609375 0.3017578125 0.0484375 0.052734375
4 0.8695312500000001 0.07861328125 0.053125000000000006 0.0615234375
0 0.48945312500000004 0.4462890625 0.07265625 0.08984375
0 0.6109375 0.2861328125 0.0484375 0.056640625
0 0.37148437500000003 0.55810546875 0.05859375 0.0732421875
0 0.2828125 0.42919921875 0.0484375 0.0595703125
0 0.30781250000000004 0.484375 0.045312500000000006 0.0546875
0 0.651953125 0.474609375 0.06796875000000001 0.080078125
0 0.29726562500000003 0.6328125 0.05859375 0.06640625
0 0.23515625 0.6689453125 0.05 0.068359375
0 0.87421875 0.1357421875 0.046875 0.05859375
0 0.614453125 0.6298828125 0.04609375 0.05859375
0 0.7230468750000001 0.61962890625 0.05078125 0.0634765625
0 0.365234375 0.80810546875 0.047656250000000004 0.0537109375
4 0.19882812500000002 0.71435546875 0.05078125 0.0634765625
0 0.2984375 0.95849609375 0.0578125 0.0712890625
4 0.349609375 0.908203125 0.05859375 0.072265625
0 0.57734375 0.49951171875 0.0484375 0.0595703125
4 0.43203125000000003 0.72021484375 0.059375000000000004 0.0654296875
0 0.074609375 0.5615234375 0.047656250000000004 0.06640625
0 0.07695312500000001 0.6328125 0.047656250000000004 0.060546875
4 0.1234375 0.6484375 0.045312500000000006 0.068359375
0 0.21171875 0.85205078125 0.059375000000000004 0.0810546875
0 0.24609375 0.96240234375 0.045312500000000006 0.0556640625
0 0.27421875 0.787109375 0.051562500000000004 0.068359375
0 0.436328125 0.79150390625 0.049218750000000006 0.0576171875
4 0.42304687500000004 0.5166015625 0.057031250000000006 0.0703125
4 0.59375 0.55810546875 0.051562500000000004 0.0595703125
0 0.280078125 0.69580078125 0.05234375 0.0556640625