0 0.1875 0.58642578125 0.046875 0.0732421875
0 0.624609375 0.8046875 0.057031250000000006 0.07421875
0 0.35546875 0.7646484375 0.059375000000000004 0.068359375
0 0.39375000000000004 0.44677734375 0.059375000000000004 0.0693359375
0 0.118359375 0.2607421875 0.07265625 0.09765625
0 0.7175781250000001 0.55615234375 0.057031250000000006 0.0693359375
0 0.43867187500000004 0.3828125 0.05234375 0.060546875
0 0.73828125 0.4931640625 0.043750000000000004 0.060546875
4 0.628125 0.46484375 0.0484375 0.05859375
0 0.455859375 0.31982421875 0.05390625 0.0654296875
0 0.35781250000000003 0.3955078125 0.0484375 0.0625
0 0.28945312500000003 0.390625 0.05234375 0.05859375
0 0.7234375000000001 0.3701171875 0.043750000000000004 0.056640625
0 0.611328125 0.23583984375 0.049218750000000006 0.0615234375
0 0.606640625 0.17138671875 0.04453125 0.0634765625
0 0.555859375 0.15625 0.05234375 0.0703125
0 0.5945312500000001 0.09326171875 0.051562500000000004 0.0673828125
0 0.230859375 0.11865234375 0.05234375 0.0732421875
4 0.326953125 0.13427734375 0.055468750000000004 0.0654296875
0 0.33828125000000003 0.025390625 0.046875 0.05078125
0 0.16757812500000002 0.17919921875 0.05234375 0.0673828125
0 0.2546875 0.65966796875 0.046875 0.0595703125
0 0.223046875 0.5068359375 0.04609375 0.064453125
4 0.051953125 0.38330078125 0.05234375 0.0654296875
4 0.5593750000000001 0.818359375 0.0546875 0.06640625
0 0.5140625 0.25927734375 0.05625 0.0673828125
0 0.073046875 0.96630859375 0.06015625 0.0654296875
0 0.7605468750000001 0.4326171875 0.049218750000000006 0.05859375
0 0.93359375 0.3671875 0.0484375 0.072265625
4 0.487890625 0.85107421875 0.05390625 0.0673828125
0 0.30078125 0.7158203125 0.05625 0.068359375
0 0.24726562500000002 0.2587890625 0.03828125 0.048828125
0 0.211328125 0.24951171875 0.039843750000000004 0.0556640625