0 0.162890625 0.45751953125 0.06484375 0.0869140625
0 0.091015625 0.40966796875 0.057031250000000006 0.0712890625
0 0.18203125 0.62890625 0.045312500000000006 0.052734375
0 0.19687500000000002 0.57666015625 0.05625 0.0634765625
0 0.237109375 0.44384765625 0.04609375 0.0615234375
0 0.791015625 0.56396484375 0.047656250000000004 0.0615234375
0 0.9089843750000001 0.5478515625 0.05078125 0.068359375
0 0.9500000000000001 0.73974609375 0.043750000000000004 0.0576171875
0 0.798046875 0.869140625 0.04453125 0.0546875
3 0.86484375 0.6220703125 0.0578125 0.07421875
0 0.24375000000000002 0.52734375 0.0546875 0.060546875
0 0.29609375 0.546875 0.053125000000000006 0.064453125
0 0.888671875 0.45458984375 0.057031250000000006 0.0634765625
0 0.190234375 0.3876953125 0.055468750000000004 0.056640625
3 0.585546875 0.5537109375 0.05390625 0.072265625