0 0.6578125 0.931640625 0.0578125 0.08203125
0 0.6429687500000001 0.806640625 0.0421875 0.05859375
0 0.68671875 0.86474609375 0.046875 0.0615234375
0 0.7933593750000001 0.42529296875 0.06015625 0.0751953125
0 0.70703125 0.3642578125 0.046875 0.0625
3 0.74921875 0.375 0.043750000000000004 0.072265625
0 0.43281250000000004 0.701171875 0.043750000000000004 0.052734375
0 0.86484375 0.95263671875 0.046875 0.0595703125
0 0.9652343750000001 0.94287109375 0.04453125 0.0615234375
4 0.5437500000000001 0.82861328125 0.05 0.0634765625
0 0.917578125 0.845703125 0.06328125 0.0703125