0 0.392578125 0.76416015625 0.09609375 0.1240234375
0 0.30000000000000004 0.82275390625 0.11875000000000001 0.1298828125
0 0.256640625 0.6787109375 0.06640625 0.08984375
0 0.3875 0.29248046875 0.07187500000000001 0.0927734375
4 0.84375 0.3564453125 0.09531250000000001 0.10546875
0 0.7265625 0.58837890625 0.0765625 0.1064453125
4 0.266796875 0.04833984375 0.09453125000000001 0.0966796875
1 0.505859375 0.61279296875 0.039843750000000004 0.0478515625
0 0.708984375 0.81591796875 0.06484375 0.0888671875
4 0.47109375000000003 0.3994140625 0.0703125 0.078125
4 0.43398437500000003 0.19921875 0.06796875000000001 0.091796875
2 0.05234375 0.81982421875 0.0546875 0.0615234375
1 0.0734375 0.54736328125 0.0390625 0.0478515625
1 0.369140625 0.92431640625 0.03671875 0.0498046875
3 0.899609375 0.52099609375 0.11171875 0.1337890625
1 0.025 0.27197265625 0.03125 0.0400390625
1 0.19062500000000002 0.947265625 0.0390625 0.0390625
1 0.970703125 0.3974609375 0.03671875 0.0390625
0 0.787109375 0.50927734375 0.09296875 0.1181640625