0 0.57265625 0.751953125 0.0484375 0.05859375
0 0.6101562500000001 0.80517578125 0.06406250000000001 0.0888671875
0 0.54921875 0.8076171875 0.0546875 0.064453125
0 0.53671875 0.8701171875 0.045312500000000006 0.056640625
0 0.5476562500000001 0.9208984375 0.045312500000000006 0.05859375
0 0.583203125 0.93603515625 0.04296875 0.0595703125
0 0.385546875 0.74169921875 0.05078125 0.0654296875
0 0.439453125 0.72705078125 0.05234375 0.0673828125
0 0.223046875 0.576171875 0.049218750000000006 0.0625
0 0.217578125 0.67041015625 0.039843750000000004 0.0537109375
0 0.32656250000000003 0.73193359375 0.05 0.0673828125
0 0.48554687500000004 0.72412109375 0.05078125 0.0673828125