0 0.362890625 0.77197265625 0.057031250000000006 0.0732421875
4 0.41875 0.64404296875 0.0484375 0.0537109375
4 0.421484375 0.724609375 0.041406250000000006 0.056640625
0 0.48085937500000003 0.64990234375 0.04453125 0.0595703125
0 0.669140625 0.673828125 0.04609375 0.05859375
0 0.640625 0.7353515625 0.043750000000000004 0.056640625
0 0.498046875 0.7724609375 0.05078125 0.05859375
0 0.49257812500000003 0.72412109375 0.04453125 0.0498046875
0 0.5296875 0.755859375 0.0390625 0.060546875
0 0.590234375 0.5673828125 0.047656250000000004 0.05859375
3 0.866796875 0.36328125 0.05859375 0.08203125
0 0.6136718750000001 0.2802734375 0.04453125 0.056640625
0 0.3765625 0.5263671875 0.051562500000000004 0.083984375
0 0.416015625 0.48876953125 0.04609375 0.0537109375
3 0.2828125 0.14111328125 0.0484375 0.0615234375
0 0.5691406250000001 0.10400390625 0.05390625 0.0673828125
0 0.369140625 0.23583984375 0.055468750000000004 0.0595703125
0 0.468359375 0.0576171875 0.047656250000000004 0.060546875
0 0.46640625 0.2216796875 0.046875 0.0625
0 0.5796875 0.34326171875 0.0546875 0.0673828125
0 0.4765625 0.5283203125 0.05 0.07421875
4 0.29453125 0.0771484375 0.0578125 0.06640625
1 0.7019531250000001 0.42724609375 0.032031250000000004 0.0439453125
4 0.32109375 0.8984375 0.053125000000000006 0.0703125
0 0.45234375000000004 0.8076171875 0.059375000000000004 0.0625
0 0.431640625 0.5810546875 0.047656250000000004 0.05859375
0 0.547265625 0.279296875 0.04609375 0.0625