0 0.9015625 0.35546875 0.05 0.064453125
0 0.658203125 0.390625 0.04609375 0.0625
0 0.5105468750000001 0.4453125 0.049218750000000006 0.0625
4 0.58828125 0.501953125 0.051562500000000004 0.05859375
0 0.447265625 0.7177734375 0.05234375 0.0625
0 0.49335937500000004 0.89453125 0.049218750000000006 0.05859375
0 0.899609375 0.19580078125 0.04453125 0.0556640625
0 0.86875 0.08984375 0.046875 0.052734375
0 0.315234375 0.47607421875 0.055468750000000004 0.0693359375
1 0.3328125 0.55078125 0.028125 0.03125
0 0.22578125000000002 0.5810546875 0.051562500000000004 0.060546875
0 0.46132812500000003 0.95703125 0.05234375 0.0703125
0 0.251171875 0.8515625 0.05078125 0.06640625
0 0.3484375 0.8349609375 0.0484375 0.060546875
0 0.429296875 0.89208984375 0.055468750000000004 0.0576171875
4 0.174609375 0.69287109375 0.05390625 0.0595703125
4 0.16484375 0.7529296875 0.051562500000000004 0.05859375
3 0.30859375 0.8876953125 0.059375000000000004 0.068359375
4 0.693359375 0.28515625 0.05390625 0.072265625
0 0.34804687500000003 0.6708984375 0.04453125 0.05859375
4 0.082421875 0.4912109375 0.06640625 0.08984375
4 0.069140625 0.36572265625 0.07734375 0.0712890625