0 0.61328125 0.5908203125 0.060937500000000006 0.08203125
0 0.55859375 0.6728515625 0.053125000000000006 0.06640625
0 0.633984375 0.6640625 0.05078125 0.060546875
0 0.6781250000000001 0.720703125 0.053125000000000006 0.0625
0 0.9519531250000001 0.13671875 0.05390625 0.080078125
3 0.6082031250000001 0.30224609375 0.06484375 0.0810546875
0 0.26406250000000003 0.5263671875 0.046875 0.0546875
0 0.232421875 0.62060546875 0.057031250000000006 0.0654296875
0 0.296484375 0.5869140625 0.047656250000000004 0.056640625
0 0.30390625000000004 0.65234375 0.043750000000000004 0.0546875
0 0.342578125 0.68798828125 0.039843750000000004 0.0498046875
0 0.610546875 0.4814453125 0.04609375 0.0546875
0 0.7074218750000001 0.7734375 0.04453125 0.056640625
0 0.7503906250000001 0.822265625 0.049218750000000006 0.056640625
0 0.8246093750000001 0.642578125 0.04453125 0.056640625
0 0.6863281250000001 0.83447265625 0.057031250000000006 0.0654296875
4 0.78515625 0.44287109375 0.046875 0.0693359375
0 0.40468750000000003 0.19677734375 0.046875 0.0556640625
4 0.765625 0.1103515625 0.0578125 0.072265625
0 0.691015625 0.66162109375 0.055468750000000004 0.0634765625
0 0.45 0.2314453125 0.051562500000000004 0.0625