0 0.710546875 0.4306640625 0.06328125 0.076171875
0 0.734375 0.5009765625 0.0546875 0.0703125
0 0.685546875 0.49658203125 0.047656250000000004 0.0615234375
0 0.69453125 0.5556640625 0.0484375 0.0625
0 0.48164062500000004 0.4931640625 0.049218750000000006 0.07421875
0 0.452734375 0.625 0.05234375 0.064453125
0 0.5828125000000001 0.72314453125 0.0578125 0.0673828125
0 0.610546875 0.6640625 0.057031250000000006 0.07421875
0 0.637890625 0.583984375 0.049218750000000006 0.05859375
0 0.558984375 0.3349609375 0.05390625 0.06640625
0 0.56953125 0.408203125 0.0390625 0.048828125
0 0.13203125000000002 0.49462890625 0.046875 0.0595703125