0 0.73203125 0.619140625 0.045312500000000006 0.0625
0 0.6820312500000001 0.52783203125 0.046875 0.0615234375
0 0.6351562500000001 0.50927734375 0.045312500000000006 0.0576171875
0 0.6511718750000001 0.60107421875 0.047656250000000004 0.0576171875
0 0.591796875 0.44580078125 0.039843750000000004 0.0537109375
0 0.527734375 0.62744140625 0.04609375 0.0595703125
0 0.591796875 0.53857421875 0.05859375 0.0615234375
0 0.43085937500000004 0.5703125 0.05234375 0.072265625
0 0.36484375 0.55859375 0.059375000000000004 0.06640625
0 0.25625000000000003 0.60400390625 0.053125000000000006 0.0634765625
0 0.39609375 0.3916015625 0.046875 0.06640625
0 0.330859375 0.44287109375 0.03828125 0.0498046875
0 0.34687500000000004 0.50927734375 0.043750000000000004 0.0498046875
0 0.465625 0.44091796875 0.046875 0.0615234375
0 0.310546875 0.54296875 0.04453125 0.056640625
0 0.4 0.5068359375 0.043750000000000004 0.05078125
0 0.15234375 0.6630859375 0.046875 0.064453125
3 0.7109375 0.95751953125 0.08125 0.0830078125