0 0.80078125 0.3681640625 0.060937500000000006 0.0859375
0 0.919921875 0.2294921875 0.05078125 0.064453125
0 0.8562500000000001 0.3662109375 0.040625 0.056640625
0 0.671875 0.3955078125 0.043750000000000004 0.056640625
0 0.50234375 0.48095703125 0.053125000000000006 0.0673828125
0 0.558203125 0.52294921875 0.049218750000000006 0.0673828125
0 0.56875 0.62158203125 0.053125000000000006 0.0634765625
0 0.6359375 0.64453125 0.046875 0.0625
0 0.5886718750000001 0.69189453125 0.04609375 0.0595703125
0 0.29765625 0.109375 0.0546875 0.05859375
0 0.07890625000000001 0.62646484375 0.045312500000000006 0.0576171875