0 0.7253906250000001 0.53564453125 0.057031250000000006 0.0673828125
0 0.761328125 0.6513671875 0.04609375 0.0625
0 0.6648437500000001 0.615234375 0.045312500000000006 0.0546875
0 0.6839843750000001 0.65478515625 0.03515625 0.0517578125
0 0.78515625 0.185546875 0.043750000000000004 0.060546875
0 0.9078125 0.1962890625 0.051562500000000004 0.068359375
4 0.8582031250000001 0.1611328125 0.04296875 0.056640625
0 0.7578125 0.95751953125 0.05625 0.0791015625
0 0.16953125000000002 0.27734375 0.0546875 0.06640625
0 0.083984375 0.26904296875 0.057031250000000006 0.0654296875
4 0.282421875 0.8740234375 0.05390625 0.0625
0 0.87421875 0.07177734375 0.0578125 0.0732421875
0 0.32734375000000004 0.97265625 0.0578125 0.052734375