0 0.909375 0.255859375 0.053125000000000006 0.068359375
0 0.8984375 0.3662109375 0.053125000000000006 0.060546875
0 0.947265625 0.40576171875 0.05390625 0.0673828125
0 0.767578125 0.40869140625 0.041406250000000006 0.0517578125
0 0.8050781250000001 0.4345703125 0.041406250000000006 0.05859375
0 0.7429687500000001 0.60595703125 0.051562500000000004 0.0537109375
0 0.96875 0.697265625 0.060937500000000006 0.091796875
0 0.791015625 0.7119140625 0.07890625000000001 0.1015625
0 0.9027343750000001 0.626953125 0.05234375 0.060546875
0 0.8757812500000001 0.671875 0.0421875 0.0625
0 0.59765625 0.7080078125 0.045312500000000006 0.05859375
0 0.7269531250000001 0.654296875 0.047656250000000004 0.056640625
0 0.526953125 0.7919921875 0.047656250000000004 0.060546875
0 0.181640625 0.7099609375 0.047656250000000004 0.064453125
4 0.148046875 0.33935546875 0.057031250000000006 0.0712890625
0 0.4375 0.74267578125 0.045312500000000006 0.0634765625
0 0.11796875000000001 0.6953125 0.0578125 0.0625
0 0.142578125 0.16064453125 0.07734375 0.1064453125
0 0.623046875 0.662109375 0.047656250000000004 0.060546875
0 0.44296875 0.95849609375 0.060937500000000006 0.0634765625