0 0.66953125 0.30419921875 0.0625 0.0771484375
0 0.550390625 0.658203125 0.06640625 0.080078125
0 0.236328125 0.12890625 0.05859375 0.072265625
0 0.1765625 0.13916015625 0.046875 0.0654296875
0 0.886328125 0.51416015625 0.05390625 0.0751953125
0 0.937109375 0.49755859375 0.047656250000000004 0.0693359375
0 0.903515625 0.7509765625 0.05234375 0.068359375
0 0.051953125 0.8642578125 0.055468750000000004 0.0703125
0 0.23671875 0.7080078125 0.0484375 0.052734375
0 0.296484375 0.62890625 0.047656250000000004 0.06640625
0 0.30000000000000004 0.7548828125 0.045312500000000006 0.05078125
0 0.23046875 0.76611328125 0.0484375 0.0517578125
0 0.19765625 0.9443359375 0.06406250000000001 0.060546875
0 0.48828125 0.27783203125 0.0578125 0.0849609375
1 0.880859375 0.56494140625 0.02890625 0.0400390625
4 0.7214843750000001 0.841796875 0.07265625 0.08203125
0 0.286328125 0.0498046875 0.04453125 0.056640625
0 0.1609375 0.73046875 0.0484375 0.060546875