0 0.60078125 0.13330078125 0.05625 0.0673828125
0 0.5964843750000001 0.22607421875 0.06328125 0.0830078125
1 0.796484375 0.203125 0.02734375 0.0390625
0 0.517578125 0.28173828125 0.06953125 0.0849609375
0 0.1296875 0.03369140625 0.0390625 0.0576171875
0 0.21992187500000002 0.361328125 0.055468750000000004 0.0703125
0 0.6488281250000001 0.48681640625 0.06171875 0.0927734375
0 0.51875 0.47509765625 0.0546875 0.0673828125
0 0.255078125 0.513671875 0.05390625 0.056640625
0 0.240234375 0.57373046875 0.047656250000000004 0.0576171875
4 0.34375 0.626953125 0.043750000000000004 0.06640625
4 0.794140625 0.53515625 0.049218750000000006 0.064453125
0 0.30195312500000004 0.62646484375 0.04296875 0.0634765625