0 0.46210937500000004 0.59228515625 0.06796875000000001 0.0947265625
4 0.73828125 0.27294921875 0.0859375 0.0986328125
2 0.663671875 0.373046875 0.05390625 0.07421875
2 0.71484375 0.3603515625 0.051562500000000004 0.0703125
0 0.39687500000000003 0.17626953125 0.1 0.1005859375
0 0.291796875 0.1708984375 0.10078125 0.11328125
0 0.300390625 0.06494140625 0.08984375 0.1044921875
0 0.46914062500000003 0.27197265625 0.09765625 0.1279296875
0 0.40390625 0.91796875 0.1125 0.126953125
0 0.400390625 0.08203125 0.09921875000000001 0.109375
4 0.571875 0.791015625 0.0671875 0.091796875
4 0.3453125 0.36474609375 0.08281250000000001 0.0927734375
4 0.28984375 0.287109375 0.07187500000000001 0.091796875
3 0.696484375 0.7353515625 0.16328125000000002 0.203125
0 0.6156250000000001 0.8818359375 0.0765625 0.0859375
1 0.36054687500000004 0.82958984375 0.03515625 0.0400390625