0 0.705078125 0.88427734375 0.05078125 0.0576171875
0 0.6953125 0.80419921875 0.05 0.0615234375
0 0.420703125 0.4990234375 0.05390625 0.06640625
0 0.483203125 0.50634765625 0.05078125 0.0634765625
0 0.456640625 0.4580078125 0.05078125 0.0546875
0 0.345703125 0.54296875 0.047656250000000004 0.05859375
0 0.319140625 0.498046875 0.055468750000000004 0.06640625
0 0.2015625 0.580078125 0.043750000000000004 0.0546875
0 0.22421875000000002 0.5302734375 0.045312500000000006 0.0546875
0 0.94296875 0.4169921875 0.0484375 0.06640625
0 0.35234375 0.43994140625 0.046875 0.0537109375
4 0.053515625000000004 0.0966796875 0.05859375 0.064453125
4 0.7640625000000001 0.06494140625 0.051562500000000004 0.0615234375