4 0.49531250000000004 0.53857421875 0.059375000000000004 0.0751953125
2 0.5140625 0.65087890625 0.0421875 0.0517578125
2 0.3875 0.70703125 0.043750000000000004 0.046875
2 0.90390625 0.65087890625 0.045312500000000006 0.0517578125
2 0.745703125 0.61181640625 0.03828125 0.0478515625
0 0.7996093750000001 0.7392578125 0.05390625 0.07421875
1 0.9171875 0.74755859375 0.034375 0.0380859375
2 0.8738281250000001 0.51708984375 0.047656250000000004 0.0537109375
2 0.48125 0.3837890625 0.037500000000000006 0.048828125
2 0.465625 0.130859375 0.0421875 0.04296875
2 0.244921875 0.234375 0.04453125 0.052734375
2 0.16328125000000002 0.291015625 0.0390625 0.0546875
2 0.061328125000000004 0.40771484375 0.03828125 0.0556640625
2 0.290234375 0.4853515625 0.03515625 0.044921875
1 0.35078125000000004 0.517578125 0.0328125 0.0390625
2 0.34375 0.88671875 0.046875 0.05078125
2 0.9246093750000001 0.90234375 0.041406250000000006 0.0546875
2 0.8765625 0.11962890625 0.043750000000000004 0.0634765625
1 0.593359375 0.27490234375 0.039843750000000004 0.0478515625
1 0.7156250000000001 0.67626953125 0.035937500000000004 0.0478515625
0 0.130859375 0.71923828125 0.05078125 0.0693359375
2 0.6785156250000001 0.58935546875 0.04453125 0.0615234375
2 0.9066406250000001 0.32666015625 0.04453125 0.0517578125
2 0.9128906250000001 0.27783203125 0.049218750000000006 0.0595703125
1 0.25 0.5595703125 0.034375 0.04296875
0 0.334765625 0.32275390625 0.049218750000000006 0.0595703125
0 0.6484375 0.548828125 0.0484375 0.060546875
0 0.8375 0.1728515625 0.0484375 0.060546875