0 0.341796875 0.39306640625 0.09296875 0.1142578125
0 0.78828125 0.71435546875 0.07968750000000001 0.1044921875
0 0.35625 0.50732421875 0.1 0.1181640625
0 0.345703125 0.6142578125 0.11328125 0.11328125
0 0.452734375 0.61669921875 0.10859375 0.1103515625
0 0.5242187500000001 0.70947265625 0.1046875 0.1298828125
0 0.45546875000000003 0.52685546875 0.11093750000000001 0.1064453125
0 0.42617187500000003 0.4423828125 0.08359375000000001 0.0859375
0 0.34609375000000003 0.720703125 0.08750000000000001 0.09375
4 0.40078125000000003 0.8017578125 0.0890625 0.10546875
1 0.16015625 0.40380859375 0.03125 0.0400390625
1 0.236328125 0.27392578125 0.03671875 0.0439453125