0 0.4390625 0.72314453125 0.05625 0.0751953125
2 0.815625 0.70263671875 0.051562500000000004 0.0615234375
0 0.7375 0.923828125 0.059375000000000004 0.080078125
2 0.841796875 0.83251953125 0.039843750000000004 0.0458984375
2 0.6859375000000001 0.7939453125 0.0390625 0.05078125
2 0.62265625 0.77001953125 0.0421875 0.0537109375
2 0.455078125 0.8330078125 0.047656250000000004 0.0546875
2 0.325 0.8916015625 0.046875 0.05078125
2 0.42226562500000003 0.56591796875 0.03671875 0.0458984375
2 0.22890625 0.669921875 0.035937500000000004 0.04296875
1 0.290234375 0.7001953125 0.032031250000000004 0.041015625
2 0.40546875000000004 0.314453125 0.040625 0.044921875
2 0.8148437500000001 0.30615234375 0.045312500000000006 0.0634765625
1 0.7113281250000001 0.16845703125 0.03828125 0.0458984375
1 0.8640625000000001 0.23095703125 0.034375 0.0439453125
2 0.18125000000000002 0.4130859375 0.040625 0.052734375
2 0.10546875 0.47509765625 0.0421875 0.0517578125
2 0.298828125 0.08642578125 0.047656250000000004 0.0537109375
1 0.5339843750000001 0.45947265625 0.039843750000000004 0.0556640625
0 0.06875 0.8994140625 0.051562500000000004 0.068359375
1 0.859375 0.92822265625 0.0390625 0.0498046875
2 0.852734375 0.4619140625 0.04453125 0.052734375
2 0.057421875000000004 0.1923828125 0.04453125 0.060546875
0 0.6312500000000001 0.52294921875 0.065625 0.0810546875
0 0.2734375 0.51416015625 0.053125000000000006 0.0595703125