4 0.15625 0.48193359375 0.08281250000000001 0.0986328125
2 0.290625 0.35791015625 0.051562500000000004 0.0595703125
2 0.6996093750000001 0.4755859375 0.047656250000000004 0.0703125
2 0.7425781250000001 0.5390625 0.04453125 0.06640625
2 0.909375 0.6298828125 0.053125000000000006 0.07421875
2 0.787109375 0.9365234375 0.05859375 0.068359375
2 0.5921875 0.78515625 0.05 0.056640625
2 0.20429687500000002 0.54736328125 0.039843750000000004 0.0615234375
1 0.8250000000000001 0.296875 0.0421875 0.044921875
1 0.5421875 0.17919921875 0.037500000000000006 0.0478515625
1 0.6277343750000001 0.69189453125 0.03671875 0.0361328125
2 0.6195312500000001 0.37939453125 0.046875 0.0751953125
1 0.484375 0.81591796875 0.035937500000000004 0.0400390625
2 0.55390625 0.48291015625 0.046875 0.0595703125
2 0.26015625000000003 0.5537109375 0.051562500000000004 0.0546875
2 0.7292968750000001 0.58642578125 0.04609375 0.0576171875
0 0.386328125 0.27587890625 0.05234375 0.0615234375
0 0.54140625 0.11474609375 0.059375000000000004 0.0654296875