4 0.178125 0.447265625 0.09843750000000001 0.109375
0 0.19609375 0.60888671875 0.0921875 0.1162109375
0 0.677734375 0.64306640625 0.08984375 0.1220703125
0 0.4921875 0.830078125 0.1015625 0.111328125
0 0.3765625 0.88232421875 0.078125 0.1005859375
0 0.36875 0.64404296875 0.1171875 0.1689453125
0 0.5320312500000001 0.62744140625 0.09375 0.1064453125
0 0.586328125 0.705078125 0.07578125000000001 0.123046875
2 0.45039062500000004 0.2529296875 0.06328125 0.06640625
0 0.507421875 0.4775390625 0.09140625000000001 0.09375
0 0.687109375 0.521484375 0.08515625 0.111328125
0 0.6734375 0.42333984375 0.0890625 0.0947265625
0 0.23671875 0.2236328125 0.09531250000000001 0.111328125
0 0.326171875 0.26123046875 0.07421875 0.1083984375
4 0.34453125 0.12744140625 0.0703125 0.1005859375
0 0.46171875 0.572265625 0.059375000000000004 0.08203125
0 0.44375000000000003 0.669921875 0.059375000000000004 0.087890625
1 0.45390625 0.36572265625 0.035937500000000004 0.0458984375
0 0.259375 0.71044921875 0.07187500000000001 0.0888671875
0 0.4296875 0.11083984375 0.09531250000000001 0.1064453125