0 0.45742187500000003 0.3427734375 0.09453125000000001 0.111328125
0 0.7488281250000001 0.7822265625 0.11015625000000001 0.111328125
1 0.279296875 0.19921875 0.03515625 0.0390625
1 0.6507812500000001 0.34912109375 0.034375 0.0439453125
1 0.298828125 0.48046875 0.02734375 0.041015625
1 0.409765625 0.93310546875 0.03359375 0.0361328125
1 0.6734375 0.68310546875 0.028125 0.0322265625
1 0.8582031250000001 0.6005859375 0.03515625 0.044921875
0 0.81953125 0.5361328125 0.115625 0.12109375
0 0.37929687500000003 0.34814453125 0.06796875000000001 0.0869140625
0 0.973828125 0.01806640625 0.03515625 0.0361328125
0 0.7953125000000001 0.697265625 0.028125 0.03125
0 0.347265625 0.220703125 0.032031250000000004 0.03515625
0 0.14570312500000002 0.119140625 0.06953125 0.0859375