0 0.6316406250000001 0.12646484375 0.18203125 0.2158203125
1 0.5609375 0.6572265625 0.029687500000000002 0.041015625
0 0.36757812500000003 0.65283203125 0.09140625000000001 0.1181640625
0 0.291796875 0.6484375 0.06328125 0.091796875
0 0.23515625 0.63916015625 0.051562500000000004 0.0791015625
0 0.061328125000000004 0.42626953125 0.07109375 0.0791015625
1 0.20390625 0.7880859375 0.028125 0.03515625
1 0.090234375 0.06884765625 0.030468750000000003 0.0419921875
1 0.907421875 0.63623046875 0.03359375 0.0439453125
1 0.7683593750000001 0.9111328125 0.02421875 0.033203125
0 0.730078125 0.84423828125 0.11953125 0.1181640625
1 0.27734375 0.509765625 0.0328125 0.037109375
1 0.19101562500000002 0.50390625 0.032031250000000004 0.037109375