0 0.943359375 0.1494140625 0.09296875 0.12890625
0 0.475390625 0.33203125 0.07265625 0.095703125
0 0.543359375 0.3564453125 0.06015625 0.111328125
0 0.41445312500000003 0.365234375 0.057031250000000006 0.078125
1 0.708203125 0.5712890625 0.02890625 0.05078125
1 0.6890625 0.232421875 0.03125 0.041015625
1 0.22187500000000002 0.37060546875 0.034375 0.0419921875
1 0.06640625 0.6103515625 0.029687500000000002 0.044921875
1 0.141015625 0.771484375 0.02890625 0.033203125
1 0.08750000000000001 0.84765625 0.0203125 0.033203125
1 0.0328125 0.89404296875 0.029687500000000002 0.0322265625
1 0.240234375 0.7294921875 0.02890625 0.033203125