0 0.4921875 0.62939453125 0.13125 0.1806640625
0 0.913671875 0.80615234375 0.10546875 0.1474609375
0 0.209765625 0.66943359375 0.08046875 0.0927734375
1 0.7046875 0.38330078125 0.034375 0.0458984375
1 0.56640625 0.87646484375 0.029687500000000002 0.0419921875
1 0.40703125 0.7822265625 0.029687500000000002 0.048828125
1 0.22734375 0.82275390625 0.029687500000000002 0.0400390625
1 0.1234375 0.232421875 0.028125 0.037109375
1 0.830078125 0.36376953125 0.032031250000000004 0.0400390625
1 0.9203125000000001 0.314453125 0.029687500000000002 0.03515625
4 0.847265625 0.58642578125 0.04453125 0.0673828125
1 0.597265625 0.77734375 0.02890625 0.037109375
1 0.330078125 0.24951171875 0.03359375 0.0341796875
1 0.20390625 0.09326171875 0.029687500000000002 0.0361328125
1 0.951171875 0.1279296875 0.03828125 0.037109375
1 0.977734375 0.22119140625 0.030468750000000003 0.0400390625
1 0.89453125 0.16162109375 0.026562500000000003 0.0361328125
1 0.491796875 0.865234375 0.030468750000000003 0.037109375
1 0.40742187500000004 0.880859375 0.02890625 0.0390625
0 0.189453125 0.5654296875 0.09609375 0.115234375