0 0.223046875 0.40869140625 0.15390625000000002 0.2021484375
0 0.8386718750000001 0.78662109375 0.12109375 0.1201171875
0 0.796875 0.935546875 0.1125 0.126953125
0 0.440234375 0.05859375 0.07890625000000001 0.09765625
0 0.42812500000000003 0.15771484375 0.08750000000000001 0.1005859375
1 0.53046875 0.896484375 0.035937500000000004 0.044921875
1 0.23554687500000002 0.23486328125 0.03359375 0.0380859375
1 0.52265625 0.23876953125 0.0328125 0.0498046875
1 0.637890625 0.5751953125 0.03515625 0.04296875
1 0.7781250000000001 0.47265625 0.029687500000000002 0.037109375
1 0.736328125 0.6240234375 0.025781250000000002 0.037109375
1 0.85078125 0.4853515625 0.028125 0.0390625