0 0.7718750000000001 0.69970703125 0.08750000000000001 0.1162109375
0 0.6078125000000001 0.68994140625 0.0921875 0.1162109375
0 0.586328125 0.46435546875 0.07265625 0.0908203125
0 0.753515625 0.06640625 0.09609375 0.126953125
0 0.46523437500000003 0.232421875 0.09921875000000001 0.1171875
0 0.3640625 0.818359375 0.09062500000000001 0.09765625
4 0.484375 0.392578125 0.05 0.0625
1 0.8234375 0.70361328125 0.0234375 0.0322265625
1 0.8285156250000001 0.45654296875 0.02890625 0.0361328125
1 0.590234375 0.15185546875 0.03359375 0.0341796875
1 0.17500000000000002 0.23291015625 0.034375 0.0419921875
1 0.211328125 0.43115234375 0.03828125 0.0439453125
1 0.44296875 0.3720703125 0.029687500000000002 0.04296875
1 0.603515625 0.814453125 0.02734375 0.037109375
1 0.814453125 0.94091796875 0.03359375 0.0400390625
1 0.821875 0.38037109375 0.03125 0.0400390625
1 0.69921875 0.39892578125 0.037500000000000006 0.0419921875
1 0.122265625 0.05322265625 0.02890625 0.0400390625
1 0.022656250000000003 0.87744140625 0.037500000000000006 0.0419921875