0 0.30976562500000004 0.80810546875 0.09296875 0.1259765625
0 0.39375000000000004 0.84912109375 0.08125 0.1064453125
0 0.507421875 0.7001953125 0.09609375 0.12109375
0 0.30703125000000003 0.6591796875 0.140625 0.1875
0 0.2828125 0.41845703125 0.096875 0.1162109375
0 0.261328125 0.263671875 0.11171875 0.119140625
0 0.24570312500000002 0.13720703125 0.11328125 0.1416015625
0 0.182421875 0.09130859375 0.08671875000000001 0.1025390625
0 0.42421875000000003 0.58154296875 0.09531250000000001 0.1162109375
2 0.519921875 0.837890625 0.05390625 0.060546875
0 0.2765625 0.53369140625 0.084375 0.1044921875
0 0.353515625 0.49951171875 0.08203125 0.1005859375
4 0.41484375 0.71435546875 0.07187500000000001 0.1044921875
1 0.524609375 0.951171875 0.03828125 0.037109375