0 0.509375 0.36328125 0.125 0.1484375
0 0.9402343750000001 0.130859375 0.09453125000000001 0.11328125
0 0.6277343750000001 0.72021484375 0.09296875 0.1103515625
0 0.30312500000000003 0.7294921875 0.07968750000000001 0.10546875
0 0.06875 0.77099609375 0.12187500000000001 0.1552734375
0 0.158984375 0.74609375 0.07421875 0.115234375
4 0.7421875 0.42578125 0.0484375 0.064453125
4 0.7992187500000001 0.4443359375 0.05625 0.056640625
1 0.8234375 0.74609375 0.034375 0.0390625
1 0.5 0.52490234375 0.037500000000000006 0.0419921875
1 0.6859375000000001 0.126953125 0.03125 0.0390625
1 0.2109375 0.58544921875 0.037500000000000006 0.0419921875
1 0.045703125000000004 0.56298828125 0.03359375 0.0419921875
1 0.5496093750000001 0.83349609375 0.02734375 0.0322265625
0 0.30703125000000003 0.9130859375 0.0765625 0.09375
1 0.17929687500000002 0.9638671875 0.03359375 0.048828125
1 0.09648437500000001 0.9609375 0.032031250000000004 0.033203125
1 0.8851562500000001 0.4306640625 0.026562500000000003 0.03515625
1 0.912109375 0.86669921875 0.02890625 0.0400390625