0 0.7976562500000001 0.09130859375 0.06875 0.0986328125
0 0.9 0.51123046875 0.07500000000000001 0.1044921875
0 0.8359375 0.47705078125 0.05625 0.0908203125
0 0.20664062500000002 0.31640625 0.08984375 0.10546875
1 0.43085937500000004 0.06103515625 0.03515625 0.0400390625
1 0.21835937500000002 0.78173828125 0.02890625 0.0458984375
1 0.06484375 0.5146484375 0.0328125 0.044921875
1 0.44960937500000003 0.419921875 0.02734375 0.03515625
1 0.377734375 0.52734375 0.02890625 0.037109375
1 0.0328125 0.01953125 0.03125 0.037109375
1 0.39960937500000004 0.78515625 0.02734375 0.03515625
1 0.248828125 0.685546875 0.030468750000000003 0.044921875
1 0.421484375 0.23486328125 0.02890625 0.0380859375
1 0.5730468750000001 0.43701171875 0.02734375 0.0341796875
0 0.5671875000000001 0.82177734375 0.0625 0.0634765625
1 0.06796875000000001 0.625 0.028125 0.044921875
1 0.219140625 0.4921875 0.025781250000000002 0.03515625
1 0.46796875000000004 0.57470703125 0.0328125 0.0400390625