0 0.800390625 0.56591796875 0.08203125 0.1064453125
0 0.267578125 0.7177734375 0.15078125 0.1875
0 0.186328125 0.17431640625 0.07109375 0.0888671875
0 0.22773437500000002 0.29150390625 0.08203125 0.1181640625
1 0.3828125 0.875 0.034375 0.037109375
1 0.56171875 0.67041015625 0.028125 0.0361328125
1 0.7296875 0.1552734375 0.0328125 0.037109375
1 0.29921875000000003 0.06884765625 0.029687500000000002 0.0341796875
1 0.1046875 0.58154296875 0.0328125 0.0400390625
1 0.018750000000000003 0.91357421875 0.028125 0.0419921875
1 0.13828125 0.31396484375 0.03125 0.0380859375
1 0.5859375 0.751953125 0.03125 0.0390625
1 0.67890625 0.77099609375 0.0328125 0.0361328125
1 0.759765625 0.86083984375 0.025781250000000002 0.0322265625
1 0.9535156250000001 0.74169921875 0.030468750000000003 0.0361328125
1 0.804296875 0.77685546875 0.025781250000000002 0.0361328125
1 0.862890625 0.505859375 0.032031250000000004 0.0390625
1 0.46210937500000004 0.2216796875 0.02421875 0.0390625
1 0.35625 0.4755859375 0.025 0.03515625
1 0.49296875 0.9150390625 0.028125 0.02734375
1 0.77109375 0.29736328125 0.028125 0.0341796875
1 0.9109375000000001 0.1591796875 0.028125 0.037109375
1 0.6800781250000001 0.0361328125 0.032031250000000004 0.0390625
1 0.68515625 0.43798828125 0.0234375 0.0322265625
4 0.551953125 0.42236328125 0.04296875 0.0517578125
1 0.966796875 0.5009765625 0.02890625 0.0390625
1 0.761328125 0.0595703125 0.02890625 0.037109375