0 0.146875 0.39404296875 0.07968750000000001 0.0908203125
0 0.49726562500000004 0.841796875 0.07265625 0.076171875
0 0.73359375 0.5908203125 0.0859375 0.1015625
0 0.84765625 0.08935546875 0.1 0.1240234375
0 0.5609375 0.79443359375 0.08125 0.1005859375
1 0.08125 0.2998046875 0.025 0.037109375
0 0.10703125000000001 0.494140625 0.065625 0.07421875
1 0.501171875 0.03515625 0.030468750000000003 0.04296875
0 0.34492187500000004 0.19580078125 0.12734375 0.1630859375
1 0.16640625 0.748046875 0.029687500000000002 0.044921875
1 0.194140625 0.0595703125 0.02734375 0.037109375
1 0.03515625 0.10595703125 0.028125 0.0419921875
1 0.0390625 0.169921875 0.028125 0.041015625
1 0.7265625 0.28955078125 0.035937500000000004 0.0380859375
1 0.7703125000000001 0.3388671875 0.034375 0.044921875
1 0.9226562500000001 0.1103515625 0.0328125 0.0390625
1 0.9066406250000001 0.29052734375 0.030468750000000003 0.0341796875
1 0.9031250000000001 0.60595703125 0.034375 0.0419921875
1 0.9144531250000001 0.82763671875 0.032031250000000004 0.0439453125
1 0.61875 0.58251953125 0.028125 0.0361328125
1 0.96015625 0.2138671875 0.029687500000000002 0.0390625
1 0.8230468750000001 0.880859375 0.02890625 0.029296875
1 0.904296875 0.96435546875 0.02734375 0.0361328125