0 0.417578125 0.77734375 0.06171875 0.080078125
2 0.15937500000000002 0.91943359375 0.045312500000000006 0.0654296875
2 0.066796875 0.900390625 0.049218750000000006 0.052734375
2 0.027734375000000002 0.8974609375 0.04296875 0.0546875
1 0.045312500000000006 0.84423828125 0.037500000000000006 0.0439453125
1 0.036328125 0.7802734375 0.03515625 0.041015625
1 0.2015625 0.7529296875 0.040625 0.046875
1 0.41914062500000004 0.97802734375 0.032031250000000004 0.0400390625
2 0.049609375000000004 0.5234375 0.04296875 0.0546875
4 0.271484375 0.46435546875 0.049218750000000006 0.0556640625
1 0.36250000000000004 0.5673828125 0.03125 0.0390625
1 0.32851562500000003 0.50927734375 0.03671875 0.0419921875
0 0.38398437500000004 0.8857421875 0.041406250000000006 0.05078125
2 0.58515625 0.69921875 0.040625 0.048828125
2 0.484375 0.6396484375 0.035937500000000004 0.04296875
1 0.4546875 0.705078125 0.0328125 0.041015625
2 0.7625000000000001 0.80322265625 0.045312500000000006 0.0556640625
2 0.755078125 0.6953125 0.04296875 0.052734375
2 0.8500000000000001 0.763671875 0.0421875 0.056640625
2 0.888671875 0.76220703125 0.039843750000000004 0.0498046875
2 0.9144531250000001 0.47119140625 0.05234375 0.0615234375
1 0.805859375 0.5986328125 0.03515625 0.041015625
1 0.80859375 0.47119140625 0.034375 0.0400390625
2 0.6570312500000001 0.56494140625 0.040625 0.0556640625
2 0.6531250000000001 0.619140625 0.0390625 0.052734375
2 0.6015625 0.55419921875 0.037500000000000006 0.0556640625
1 0.54609375 0.5458984375 0.034375 0.03515625
1 0.487890625 0.57421875 0.02890625 0.041015625
2 0.494921875 0.47216796875 0.047656250000000004 0.0615234375
0 0.6625000000000001 0.455078125 0.053125000000000006 0.06640625
0 0.665625 0.35888671875 0.059375000000000004 0.0712890625
2 0.7976562500000001 0.34228515625 0.043750000000000004 0.0576171875
2 0.786328125 0.3916015625 0.04609375 0.0546875
0 0.6203125 0.208984375 0.0625 0.083984375
1 0.9125000000000001 0.27294921875 0.034375 0.0439453125
2 0.71796875 0.24169921875 0.040625 0.0517578125
1 0.7109375 0.125 0.026562500000000003 0.033203125
1 0.274609375 0.2060546875 0.03359375 0.046875
1 0.315234375 0.22509765625 0.04296875 0.0537109375
1 0.34140625 0.2626953125 0.0484375 0.0625
1 0.539453125 0.35888671875 0.03359375 0.0458984375
2 0.753515625 0.40771484375 0.03671875 0.0517578125
1 0.237109375 0.9580078125 0.030468750000000003 0.03515625
1 0.19609375 0.2431640625 0.029687500000000002 0.0390625
2 0.828125 0.24169921875 0.037500000000000006 0.0576171875
2 0.728125 0.6611328125 0.0484375 0.0546875
1 0.876953125 0.40625 0.03359375 0.0390625