0 0.583203125 0.07568359375 0.10078125 0.1259765625
0 0.393359375 0.265625 0.09609375 0.111328125
0 0.43007812500000003 0.05859375 0.09140625000000001 0.107421875
0 0.23046875 0.41552734375 0.1125 0.1298828125
0 0.27109375 0.6015625 0.065625 0.087890625
0 0.21953125 0.66015625 0.0890625 0.107421875
0 0.16367187500000002 0.13623046875 0.07578125000000001 0.0888671875
0 0.27187500000000003 0.08349609375 0.10625000000000001 0.1669921875
0 0.940625 0.5625 0.10625000000000001 0.126953125
0 0.273046875 0.31396484375 0.07265625 0.1025390625
0 0.3453125 0.09912109375 0.060937500000000006 0.0908203125
0 0.48515625 0.1337890625 0.07187500000000001 0.130859375