4 0.4078125 0.7841796875 0.07187500000000001 0.08984375
1 0.4625 0.73681640625 0.029687500000000002 0.0361328125
2 0.25078125 0.849609375 0.0390625 0.052734375
2 0.220703125 0.76806640625 0.03828125 0.0517578125
2 0.275 0.8134765625 0.034375 0.046875
2 0.31953125000000004 0.7392578125 0.034375 0.044921875
1 0.4234375 0.67529296875 0.028125 0.0322265625
1 0.3953125 0.5849609375 0.028125 0.037109375
1 0.43046875 0.59130859375 0.0328125 0.0380859375
1 0.34687500000000004 0.4716796875 0.028125 0.0390625
4 0.8203125 0.62744140625 0.0625 0.0712890625
1 0.839453125 0.6826171875 0.025781250000000002 0.033203125
1 0.8617187500000001 0.63427734375 0.0234375 0.0283203125
1 0.5265625 0.5810546875 0.028125 0.033203125
1 0.606640625 0.47265625 0.02890625 0.03515625
1 0.56953125 0.53125 0.0328125 0.037109375
1 0.5652343750000001 0.41552734375 0.030468750000000003 0.0380859375
2 0.733984375 0.21142578125 0.04296875 0.0556640625
2 0.596875 0.34423828125 0.037500000000000006 0.0458984375
2 0.5640625 0.1982421875 0.0484375 0.05859375
0 0.53046875 0.4189453125 0.040625 0.052734375
2 0.829296875 0.232421875 0.04609375 0.0625
1 0.70625 0.09130859375 0.034375 0.0341796875
2 0.6800781250000001 0.0224609375 0.041406250000000006 0.044921875
1 0.9078125 0.2685546875 0.026562500000000003 0.033203125
2 0.597265625 0.294921875 0.047656250000000004 0.05859375
1 0.30234375 0.369140625 0.0421875 0.052734375
1 0.868359375 0.0615234375 0.03671875 0.048828125
2 0.95859375 0.39013671875 0.045312500000000006 0.0576171875
1 0.7371093750000001 0.3232421875 0.03671875 0.046875
2 0.131640625 0.4248046875 0.049218750000000006 0.056640625
1 0.48476562500000003 0.08203125 0.03515625 0.046875
0 0.876953125 0.306640625 0.05078125 0.064453125