0 0.786328125 0.611328125 0.05234375 0.0625
2 0.7425781250000001 0.51953125 0.030468750000000003 0.0390625
1 0.8289062500000001 0.45263671875 0.026562500000000003 0.0322265625
1 0.6828125 0.453125 0.025 0.033203125
1 0.612890625 0.5009765625 0.02734375 0.029296875
1 0.6125 0.52880859375 0.0234375 0.0322265625
0 0.34921875 0.3515625 0.045312500000000006 0.060546875
0 0.326171875 0.3876953125 0.049218750000000006 0.05859375
1 0.5 0.4970703125 0.026562500000000003 0.029296875
1 0.46718750000000003 0.5087890625 0.0234375 0.033203125
1 0.428515625 0.5576171875 0.025781250000000002 0.03125
1 0.532421875 0.4072265625 0.02109375 0.03125
1 0.32421875 0.6162109375 0.0203125 0.03515625
0 0.19101562500000002 0.35205078125 0.05234375 0.0654296875
1 0.136328125 0.4677734375 0.02421875 0.03125
1 0.3015625 0.4951171875 0.025 0.029296875
2 0.43398437500000003 0.45068359375 0.02890625 0.0380859375
1 0.262890625 0.4609375 0.025781250000000002 0.03125
1 0.1921875 0.5810546875 0.028125 0.03125
1 0.38984375000000004 0.63671875 0.025 0.03125
1 0.35390625000000003 0.546875 0.0234375 0.02734375
1 0.60703125 0.30908203125 0.0203125 0.0302734375
0 0.886328125 0.28466796875 0.032031250000000004 0.0380859375
2 0.49453125000000003 0.73388671875 0.029687500000000002 0.0361328125
1 0.5328125 0.6591796875 0.0203125 0.029296875
1 0.582421875 0.70068359375 0.01953125 0.0263671875
1 0.6429687500000001 0.7529296875 0.025 0.029296875
1 0.64453125 0.7998046875 0.0234375 0.029296875
0 0.748046875 0.81591796875 0.05078125 0.0634765625
1 0.8812500000000001 0.7041015625 0.0234375 0.029296875
2 0.9500000000000001 0.7958984375 0.025 0.03515625
1 0.8539062500000001 0.75830078125 0.0234375 0.0341796875
2 0.878515625 0.97314453125 0.02890625 0.0341796875
1 0.6253906250000001 0.89013671875 0.01953125 0.0302734375
1 0.574609375 0.95263671875 0.022656250000000003 0.0322265625
1 0.401953125 0.86279296875 0.02109375 0.0302734375
2 0.12890625 0.875 0.0328125 0.0390625
1 0.315234375 0.91943359375 0.02421875 0.0302734375
1 0.29531250000000003 0.912109375 0.0203125 0.02734375
1 0.458984375 0.79052734375 0.022656250000000003 0.0283203125
1 0.9714843750000001 0.595703125 0.02421875 0.033203125
2 0.1203125 0.94287109375 0.0328125 0.0439453125
1 0.056640625 0.25439453125 0.02734375 0.0361328125
1 0.31796875 0.771484375 0.0328125 0.037109375