0 0.36015625 0.12255859375 0.0578125 0.0791015625
0 0.612890625 0.42431640625 0.055468750000000004 0.0654296875
0 0.7660156250000001 0.87744140625 0.039843750000000004 0.0576171875
0 0.1234375 0.24853515625 0.05 0.0595703125
0 0.6117187500000001 0.72314453125 0.0421875 0.0576171875
2 0.6429687500000001 0.8779296875 0.029687500000000002 0.03515625
0 0.684765625 0.89208984375 0.05078125 0.0458984375
4 0.6394531250000001 0.92529296875 0.05078125 0.0654296875
1 0.8597656250000001 0.79736328125 0.030468750000000003 0.0341796875
1 0.3609375 0.76318359375 0.028125 0.0322265625
1 0.5007812500000001 0.75 0.0234375 0.03125
1 0.93359375 0.7197265625 0.028125 0.033203125
1 0.8308593750000001 0.70068359375 0.022656250000000003 0.0322265625
1 0.923046875 0.61962890625 0.02890625 0.0341796875
2 0.400390625 0.6494140625 0.032031250000000004 0.04296875
1 0.330078125 0.53662109375 0.025781250000000002 0.0380859375
1 0.3515625 0.60498046875 0.028125 0.0361328125
1 0.43789062500000003 0.5009765625 0.025781250000000002 0.02734375
2 0.8992187500000001 0.38134765625 0.03125 0.0419921875
1 0.70859375 0.34765625 0.026562500000000003 0.03515625
1 0.5691406250000001 0.23779296875 0.02734375 0.0341796875
2 0.244140625 0.31494140625 0.03671875 0.0556640625
1 0.467578125 0.35302734375 0.025781250000000002 0.0283203125
1 0.48867187500000003 0.38623046875 0.02734375 0.0361328125
1 0.44179687500000003 0.5419921875 0.02421875 0.033203125
1 0.892578125 0.23046875 0.02890625 0.03515625
1 0.6707031250000001 0.2177734375 0.02734375 0.03515625
1 0.6703125000000001 0.3173828125 0.026562500000000003 0.037109375
2 0.378515625 0.5537109375 0.02890625 0.04296875
2 0.6917968750000001 0.4384765625 0.02890625 0.03515625
1 0.32148437500000004 0.41455078125 0.03359375 0.0341796875
1 0.41718750000000004 0.81640625 0.025 0.037109375