0 0.706640625 0.12109375 0.08203125 0.103515625
4 0.62265625 0.1552734375 0.0734375 0.107421875
0 0.8953125000000001 0.251953125 0.078125 0.095703125
3 0.7800781250000001 0.3125 0.07109375 0.095703125
0 0.748046875 0.5458984375 0.06640625 0.09375
0 0.83203125 0.7431640625 0.0546875 0.076171875
0 0.18125000000000002 0.79345703125 0.065625 0.0830078125
3 0.5625 0.916015625 0.06875 0.091796875
3 0.6351562500000001 0.81689453125 0.078125 0.1044921875
0 0.06015625 0.64892578125 0.060937500000000006 0.0908203125
0 0.13789062500000002 0.20166015625 0.05859375 0.0791015625
3 0.160546875 0.29296875 0.09296875 0.10546875
0 0.9015625 0.734375 0.0546875 0.0703125
0 0.8601562500000001 0.919921875 0.065625 0.07421875
2 0.362109375 0.86279296875 0.03359375 0.0478515625
2 0.21875 0.8623046875 0.040625 0.05078125
0 0.43984375000000003 0.56005859375 0.05625 0.0732421875
3 0.509375 0.771484375 0.084375 0.1015625
0 0.24531250000000002 0.20703125 0.0625 0.07421875
0 0.6843750000000001 0.5927734375 0.06875 0.103515625
0 0.9144531250000001 0.4072265625 0.08046875 0.09375
0 0.570703125 0.26904296875 0.07421875 0.0869140625
3 0.25039062500000003 0.306640625 0.09609375 0.13671875
4 0.827734375 0.07763671875 0.07109375 0.0947265625
0 0.655859375 0.72216796875 0.06171875 0.0751953125
0 0.904296875 0.625 0.057031250000000006 0.0703125
0 0.696484375 0.8671875 0.07578125000000001 0.103515625
0 0.09765625 0.35546875 0.07187500000000001 0.087890625
0 0.19843750000000002 0.5302734375 0.060937500000000006 0.064453125
1 0.48203125 0.099609375 0.0328125 0.044921875
0 0.9421875000000001 0.90966796875 0.05625 0.0712890625
0 0.7250000000000001 0.36669921875 0.059375000000000004 0.0732421875
0 0.7582031250000001 0.05517578125 0.05234375 0.0673828125
0 0.15937500000000002 0.884765625 0.059375000000000004 0.064453125
0 0.11875000000000001 0.95361328125 0.0546875 0.0654296875
3 0.5378906250000001 0.55908203125 0.09765625 0.1083984375
0 0.9398437500000001 0.32080078125 0.07500000000000001 0.0810546875
0 0.19609375 0.376953125 0.046875 0.068359375
0 0.7933593750000001 0.69384765625 0.06796875000000001 0.0693359375
3 0.5390625 0.18798828125 0.07500000000000001 0.0986328125
0 0.11171875 0.626953125 0.059375000000000004 0.0859375
0 0.1796875 0.61328125 0.06406250000000001 0.083984375
0 0.43828125 0.77685546875 0.051562500000000004 0.0654296875
0 0.866796875 0.48681640625 0.06015625 0.0712890625