3 0.6328125 0.31591796875 0.0625 0.0849609375
3 0.784765625 0.85791015625 0.08671875000000001 0.0908203125
0 0.44453125000000004 0.84326171875 0.07187500000000001 0.0888671875
0 0.48125 0.935546875 0.0671875 0.08203125
0 0.31289062500000003 0.70703125 0.06953125 0.08203125
3 0.1703125 0.67041015625 0.06875 0.0947265625
0 0.40742187500000004 0.1640625 0.06796875000000001 0.080078125
0 0.078125 0.076171875 0.0703125 0.095703125
3 0.051171875000000006 0.900390625 0.07734375 0.0859375
4 0.76328125 0.6689453125 0.0671875 0.087890625
3 0.5484375 0.564453125 0.0625 0.0859375
2 0.53671875 0.484375 0.03125 0.0390625
2 0.693359375 0.470703125 0.03828125 0.044921875
2 0.615234375 0.56494140625 0.03515625 0.0458984375
0 0.494140625 0.2890625 0.06328125 0.080078125
3 0.508203125 0.07177734375 0.08828125 0.1083984375
0 0.07382812500000001 0.43505859375 0.05390625 0.0673828125
0 0.24531250000000002 0.67041015625 0.053125000000000006 0.0771484375
2 0.271484375 0.86181640625 0.03515625 0.0478515625
0 0.6316406250000001 0.69970703125 0.057031250000000006 0.0634765625
3 0.43984375000000003 0.35302734375 0.0671875 0.0732421875
0 0.8125 0.2177734375 0.06875 0.09375
0 0.9617187500000001 0.1318359375 0.059375000000000004 0.078125
0 0.8773437500000001 0.96240234375 0.06406250000000001 0.0732421875
0 0.5496093750000001 0.9365234375 0.057031250000000006 0.068359375
1 0.599609375 0.89697265625 0.030468750000000003 0.0380859375
1 0.5328125 0.80126953125 0.029687500000000002 0.0361328125
0 0.32578125 0.1591796875 0.06875 0.087890625
0 0.47890625000000003 0.19970703125 0.065625 0.0849609375
0 0.374609375 0.71826171875 0.05078125 0.0712890625
0 0.723828125 0.8017578125 0.06171875 0.0703125
0 0.55390625 0.32373046875 0.060937500000000006 0.0712890625
0 0.91015625 0.5888671875 0.07187500000000001 0.083984375