4 0.503125 0.9453125 0.05625 0.0703125
3 0.23671875 0.56689453125 0.07968750000000001 0.1064453125
0 0.158203125 0.07861328125 0.07109375 0.0791015625
0 0.46914062500000003 0.41748046875 0.06484375 0.0810546875
3 0.8230468750000001 0.72705078125 0.06328125 0.0849609375
1 0.85703125 0.4755859375 0.026562500000000003 0.041015625
0 0.5453125 0.08544921875 0.06406250000000001 0.0654296875
2 0.624609375 0.0263671875 0.03828125 0.041015625
3 0.316015625 0.5341796875 0.07421875 0.1015625
3 0.6859375000000001 0.75244140625 0.07500000000000001 0.0986328125
0 0.7234375000000001 0.5400390625 0.060937500000000006 0.083984375
0 0.4546875 0.83642578125 0.0703125 0.0888671875
4 0.37617187500000004 0.908203125 0.10078125 0.12890625
0 0.17500000000000002 0.41796875 0.065625 0.0859375
0 0.571875 0.412109375 0.0578125 0.083984375
0 0.4140625 0.63671875 0.065625 0.08203125
3 0.19921875 0.3173828125 0.09531250000000001 0.123046875
3 0.9421875000000001 0.88232421875 0.065625 0.0830078125
0 0.8718750000000001 0.62744140625 0.051562500000000004 0.0654296875
4 0.42734375 0.25927734375 0.05 0.0673828125
0 0.12265625000000001 0.5537109375 0.06406250000000001 0.080078125
3 0.48945312500000004 0.6083984375 0.07734375 0.095703125
0 0.7679687500000001 0.13330078125 0.06875 0.0771484375
0 0.5945312500000001 0.900390625 0.0734375 0.099609375
0 0.95703125 0.21533203125 0.0578125 0.0732421875
0 0.75 0.70263671875 0.06406250000000001 0.0888671875