0 0.531640625 0.271484375 0.06015625 0.076171875
0 0.55078125 0.38818359375 0.065625 0.0849609375
3 0.20546875 0.07177734375 0.0703125 0.0927734375
3 0.36171875000000003 0.09228515625 0.0734375 0.0927734375
4 0.12460937500000001 0.390625 0.06953125 0.087890625
0 0.07578125000000001 0.60498046875 0.07187500000000001 0.0791015625
0 0.1875 0.7001953125 0.065625 0.076171875
0 0.573828125 0.14111328125 0.04453125 0.0634765625
0 0.6546875000000001 0.0625 0.060937500000000006 0.07421875
0 0.56796875 0.96533203125 0.0625 0.0673828125
3 0.38671875 0.47021484375 0.08281250000000001 0.1162109375
0 0.6238281250000001 0.205078125 0.055468750000000004 0.0703125
0 0.7210937500000001 0.8525390625 0.0578125 0.0859375
3 0.7093750000000001 0.3935546875 0.065625 0.083984375
3 0.8289062500000001 0.90087890625 0.0671875 0.0751953125
0 0.8894531250000001 0.49609375 0.05859375 0.076171875
0 0.06992187500000001 0.81005859375 0.07109375 0.0771484375
0 0.059765625 0.12109375 0.05234375 0.064453125
0 0.89765625 0.67333984375 0.0703125 0.0888671875
0 0.7734375 0.693359375 0.0546875 0.056640625
0 0.44648437500000004 0.2763671875 0.07109375 0.087890625
3 0.25078125 0.82568359375 0.0703125 0.0986328125
3 0.114453125 0.69091796875 0.07734375 0.0966796875
0 0.8503906250000001 0.60400390625 0.057031250000000006 0.0771484375
3 0.416796875 0.38818359375 0.06171875 0.0771484375
0 0.9617187500000001 0.95654296875 0.07187500000000001 0.0849609375
0 0.9593750000000001 0.63525390625 0.065625 0.0830078125
0 0.7605468750000001 0.9267578125 0.05234375 0.06640625
0 0.272265625 0.42138671875 0.06171875 0.0771484375
2 0.30976562500000004 0.44873046875 0.02734375 0.0458984375
0 0.809765625 0.7705078125 0.05859375 0.072265625
0 0.6921875000000001 0.73095703125 0.07500000000000001 0.0869140625
0 0.4453125 0.9345703125 0.06406250000000001 0.07421875
0 0.31640625 0.3505859375 0.08281250000000001 0.09375
3 0.683203125 0.5927734375 0.10703125000000001 0.138671875
0 0.083984375 0.46533203125 0.06796875000000001 0.0888671875
2 0.896484375 0.3564453125 0.030468750000000003 0.037109375
0 0.813671875 0.40380859375 0.06640625 0.0751953125
0 0.9050781250000001 0.79345703125 0.049218750000000006 0.0693359375
0 0.14960937500000002 0.77880859375 0.06640625 0.0791015625
0 0.453125 0.0712890625 0.045312500000000006 0.064453125
0 0.8597656250000001 0.21484375 0.04453125 0.06640625
0 0.9339843750000001 0.21923828125 0.05859375 0.0732421875