4 0.079296875 0.0703125 0.06796875000000001 0.072265625
3 0.2921875 0.14306640625 0.05625 0.0791015625
0 0.187890625 0.56298828125 0.06640625 0.0888671875
0 0.237109375 0.49658203125 0.06484375 0.0810546875
0 0.08085937500000001 0.369140625 0.055468750000000004 0.07421875
0 0.083203125 0.583984375 0.06015625 0.080078125
0 0.14296875 0.63427734375 0.0703125 0.0751953125
0 0.319921875 0.830078125 0.06953125 0.076171875
2 0.262890625 0.89501953125 0.03671875 0.0380859375
0 0.34140625 0.75537109375 0.0546875 0.0673828125
0 0.29765625 0.513671875 0.05 0.0703125
0 0.520703125 0.58447265625 0.04296875 0.0595703125
0 0.579296875 0.62158203125 0.06640625 0.0888671875
0 0.6203125 0.69287109375 0.0546875 0.0732421875
0 0.5 0.9404296875 0.05 0.06640625
0 0.59921875 0.09521484375 0.065625 0.0791015625
3 0.521484375 0.13623046875 0.06171875 0.0751953125
0 0.276171875 0.57763671875 0.055468750000000004 0.0693359375
0 0.15078125 0.369140625 0.06406250000000001 0.09375
0 0.7890625 0.4609375 0.0625 0.078125
0 0.31875000000000003 0.07177734375 0.053125000000000006 0.0595703125
0 0.20039062500000002 0.80908203125 0.06328125 0.0791015625
0 0.12109375 0.93115234375 0.059375000000000004 0.0673828125
2 0.891796875 0.09326171875 0.03671875 0.0400390625
4 0.314453125 0.92529296875 0.08359375000000001 0.0966796875
4 0.530859375 0.0361328125 0.06328125 0.072265625
0 0.632421875 0.9560546875 0.06015625 0.0703125
0 0.8460937500000001 0.75439453125 0.0703125 0.0869140625
4 0.508984375 0.3837890625 0.06484375 0.07421875
0 0.39960937500000004 0.20458984375 0.05234375 0.0712890625