3 0.534375 0.20361328125 0.08125 0.0927734375
0 0.08671875000000001 0.3740234375 0.059375000000000004 0.072265625
0 0.209765625 0.267578125 0.057031250000000006 0.064453125
0 0.42265625 0.115234375 0.0671875 0.078125
0 0.217578125 0.34375 0.049218750000000006 0.064453125
0 0.16718750000000002 0.46923828125 0.059375000000000004 0.0712890625
0 0.062109375 0.7900390625 0.06640625 0.080078125
0 0.13007812500000002 0.83544921875 0.06171875 0.0810546875
0 0.325 0.57080078125 0.0484375 0.0634765625
4 0.23007812500000002 0.779296875 0.06484375 0.1015625
0 0.8109375000000001 0.96044921875 0.05625 0.0732421875
0 0.7156250000000001 0.50830078125 0.059375000000000004 0.0751953125
0 0.7421875 0.16650390625 0.051562500000000004 0.0595703125
0 0.775 0.29248046875 0.059375000000000004 0.0673828125
0 0.8171875000000001 0.107421875 0.053125000000000006 0.068359375
3 0.94921875 0.806640625 0.059375000000000004 0.095703125
4 0.898046875 0.14501953125 0.06171875 0.0712890625
2 0.6203125 0.34326171875 0.028125 0.0322265625
2 0.6976562500000001 0.38330078125 0.029687500000000002 0.0419921875
0 0.6644531250000001 0.88525390625 0.06953125 0.0830078125
0 0.873046875 0.7919921875 0.06171875 0.068359375
0 0.6046875 0.29052734375 0.046875 0.0478515625
0 0.6449218750000001 0.25439453125 0.04296875 0.0576171875
3 0.7250000000000001 0.9501953125 0.0859375 0.091796875
0 0.610546875 0.80517578125 0.08203125 0.0966796875
0 0.25859375 0.53125 0.08281250000000001 0.0859375
0 0.08164062500000001 0.6982421875 0.055468750000000004 0.0625
0 0.7546875000000001 0.74072265625 0.051562500000000004 0.0634765625
0 0.4625 0.89892578125 0.0484375 0.0771484375
3 0.88046875 0.2763671875 0.0859375 0.10546875
0 0.683203125 0.1845703125 0.05390625 0.05859375
0 0.7000000000000001 0.24267578125 0.046875 0.0654296875
0 0.6292968750000001 0.427734375 0.05234375 0.07421875
0 0.4140625 0.41650390625 0.07187500000000001 0.0849609375
0 0.9640625 0.50732421875 0.0625 0.0830078125