4 0.10390625 0.072265625 0.07187500000000001 0.087890625
2 0.13671875 0.3525390625 0.034375 0.048828125
1 0.17343750000000002 0.3720703125 0.025 0.037109375
0 0.091015625 0.673828125 0.06484375 0.08203125
0 0.189453125 0.74072265625 0.06640625 0.0771484375
0 0.3015625 0.74609375 0.051562500000000004 0.06640625
0 0.35546875 0.962890625 0.0578125 0.072265625
4 0.634765625 0.9521484375 0.07421875 0.09375
0 0.9285156250000001 0.79248046875 0.07734375 0.0927734375
0 0.71484375 0.6083984375 0.0578125 0.080078125
0 0.6828125 0.25439453125 0.05625 0.0751953125
3 0.525 0.44140625 0.05625 0.07421875
3 0.8167968750000001 0.1025390625 0.07578125000000001 0.091796875
0 0.9125000000000001 0.10791015625 0.060937500000000006 0.0712890625
0 0.677734375 0.091796875 0.06328125 0.078125
0 0.7449218750000001 0.0849609375 0.057031250000000006 0.072265625
0 0.53671875 0.17919921875 0.060937500000000006 0.0732421875
0 0.702734375 0.35107421875 0.057031250000000006 0.0751953125
0 0.421875 0.537109375 0.051562500000000004 0.068359375
0 0.30117187500000003 0.67626953125 0.05078125 0.0537109375
0 0.20703125 0.86962890625 0.065625 0.0751953125
0 0.48750000000000004 0.099609375 0.084375 0.09375
4 0.869140625 0.1796875 0.06484375 0.083984375
4 0.81171875 0.71875 0.0734375 0.0859375
0 0.48164062500000004 0.728515625 0.05234375 0.0703125
3 0.693359375 0.4951171875 0.06953125 0.091796875
0 0.026953125 0.28515625 0.05390625 0.0859375
0 0.76328125 0.85107421875 0.05 0.0673828125
0 0.816015625 0.8603515625 0.05078125 0.068359375
0 0.8601562500000001 0.80419921875 0.05625 0.0615234375
0 0.706640625 0.84375 0.05390625 0.064453125
0 0.5125000000000001 0.34033203125 0.0765625 0.0869140625
0 0.253515625 0.3251953125 0.06171875 0.083984375
4 0.6640625 0.7626953125 0.0578125 0.078125
0 0.6179687500000001 0.5029296875 0.0578125 0.076171875
0 0.651953125 0.6650390625 0.05078125 0.05859375
0 0.44960937500000003 0.8916015625 0.06171875 0.080078125
0 0.50625 0.83642578125 0.0734375 0.0849609375
0 0.755859375 0.5361328125 0.04609375 0.07421875
0 0.412109375 0.951171875 0.047656250000000004 0.0546875
0 0.6296875000000001 0.5869140625 0.05625 0.07421875
0 0.7421875 0.28515625 0.05 0.064453125
0 0.59609375 0.1142578125 0.0625 0.072265625