4 0.15390625000000002 0.23486328125 0.08125 0.1142578125
0 0.08085937500000001 0.21533203125 0.05234375 0.0712890625
0 0.15195312500000002 0.7431640625 0.055468750000000004 0.064453125
0 0.403125 0.7763671875 0.05625 0.068359375
0 0.525390625 0.6513671875 0.05390625 0.072265625
0 0.340625 0.6005859375 0.060937500000000006 0.076171875
0 0.36171875000000003 0.5244140625 0.053125000000000006 0.068359375
0 0.37578125 0.45751953125 0.053125000000000006 0.0712890625
3 0.22382812500000002 0.482421875 0.10703125000000001 0.125
0 0.53046875 0.26806640625 0.06406250000000001 0.0732421875
0 0.6820312500000001 0.50146484375 0.0546875 0.0654296875
0 0.770703125 0.56005859375 0.06171875 0.0751953125
3 0.845703125 0.81787109375 0.06796875000000001 0.0947265625
2 0.848828125 0.71533203125 0.02890625 0.0361328125
2 0.72265625 0.92578125 0.028125 0.0390625
2 0.7562500000000001 0.943359375 0.028125 0.04296875
0 0.472265625 0.90771484375 0.06328125 0.0791015625
0 0.288671875 0.84716796875 0.057031250000000006 0.0830078125
0 0.5734375 0.92529296875 0.0484375 0.0595703125
0 0.7894531250000001 0.69775390625 0.06953125 0.0830078125
0 0.577734375 0.03271484375 0.047656250000000004 0.0537109375
2 0.45625000000000004 0.02685546875 0.03125 0.0419921875
0 0.512109375 0.5361328125 0.04609375 0.072265625
0 0.6375000000000001 0.57568359375 0.046875 0.0556640625
4 0.15351562500000002 0.1064453125 0.09296875 0.107421875
0 0.610546875 0.13134765625 0.08046875 0.0947265625
4 0.063671875 0.109375 0.07734375 0.10546875
0 0.283984375 0.20947265625 0.07109375 0.0986328125
0 0.15390625000000002 0.34375 0.0578125 0.06640625
0 0.423828125 0.40966796875 0.055468750000000004 0.0732421875
3 0.669921875 0.65771484375 0.08359375000000001 0.1044921875
4 0.9300781250000001 0.80126953125 0.09140625000000001 0.1142578125
0 0.8425781250000001 0.6181640625 0.07890625000000001 0.09375
0 0.85078125 0.482421875 0.05625 0.072265625
0 0.498828125 0.42431640625 0.055468750000000004 0.0791015625
3 0.5906250000000001 0.734375 0.09375 0.134765625
0 0.331640625 0.04541015625 0.057031250000000006 0.0712890625
0 0.378515625 0.08154296875 0.07109375 0.0888671875
3 0.37109375 0.85546875 0.0890625 0.109375
0 0.9281250000000001 0.57373046875 0.059375000000000004 0.0771484375
0 0.265234375 0.31494140625 0.055468750000000004 0.0615234375
0 0.9675781250000001 0.8857421875 0.06015625 0.076171875
0 0.17343750000000002 0.826171875 0.06406250000000001 0.07421875
4 0.075390625 0.6552734375 0.06953125 0.0703125
0 0.47304687500000003 0.75 0.06640625 0.08203125
0 0.216796875 0.37939453125 0.05859375 0.0634765625