3 0.087890625 0.13623046875 0.09296875 0.1201171875
0 0.22890625 0.62060546875 0.0625 0.0908203125
0 0.275390625 0.759765625 0.05859375 0.06640625
3 0.818359375 0.5947265625 0.07890625000000001 0.1015625
0 0.8296875 0.68408203125 0.0546875 0.0712890625
4 0.83984375 0.79052734375 0.059375000000000004 0.0771484375
0 0.70859375 0.8681640625 0.0734375 0.080078125
0 0.34140625 0.55859375 0.0578125 0.0703125
0 0.632421875 0.28076171875 0.055468750000000004 0.0771484375
0 0.7683593750000001 0.23681640625 0.06328125 0.0810546875
0 0.628125 0.11474609375 0.06875 0.0810546875
2 0.215234375 0.04443359375 0.032031250000000004 0.0361328125
2 0.5515625000000001 0.79150390625 0.028125 0.0361328125
0 0.974609375 0.767578125 0.049218750000000006 0.06640625
0 0.11796875000000001 0.77685546875 0.0546875 0.0791015625
4 0.512109375 0.349609375 0.04609375 0.0625
3 0.6734375 0.6328125 0.0671875 0.08203125
0 0.7562500000000001 0.404296875 0.060937500000000006 0.08203125
0 0.8562500000000001 0.029296875 0.0484375 0.05859375
3 0.041406250000000006 0.32373046875 0.07968750000000001 0.1025390625
0 0.358984375 0.1669921875 0.05078125 0.06640625
1 0.954296875 0.15869140625 0.025781250000000002 0.0361328125
0 0.3140625 0.0927734375 0.08281250000000001 0.12109375
0 0.51953125 0.03173828125 0.059375000000000004 0.0634765625
0 0.6882812500000001 0.28515625 0.059375000000000004 0.076171875
0 0.912109375 0.58154296875 0.055468750000000004 0.0634765625
4 0.8128906250000001 0.91064453125 0.07109375 0.0869140625
4 0.95859375 0.93798828125 0.08125 0.1083984375
0 0.833203125 0.44677734375 0.06796875000000001 0.0830078125
0 0.642578125 0.93505859375 0.05859375 0.0771484375
0 0.55078125 0.888671875 0.05625 0.0703125
0 0.29726562500000003 0.61474609375 0.05859375 0.0673828125
3 0.7367187500000001 0.1552734375 0.07187500000000001 0.080078125
3 0.276171875 0.8359375 0.07890625000000001 0.091796875
3 0.89453125 0.5009765625 0.06875 0.078125
3 0.9015625 0.40869140625 0.07187500000000001 0.0888671875
2 0.5593750000000001 0.65576171875 0.034375 0.0439453125
0 0.93515625 0.078125 0.046875 0.052734375
0 0.605078125 0.68017578125 0.05859375 0.0712890625
4 0.56484375 0.39111328125 0.0578125 0.0634765625
0 0.06992187500000001 0.03125 0.055468750000000004 0.056640625