0 0.098828125 0.25927734375 0.06640625 0.0810546875
2 0.096875 0.20263671875 0.0328125 0.0380859375
0 0.140625 0.38037109375 0.059375000000000004 0.0830078125
3 0.170703125 0.7333984375 0.06953125 0.078125
0 0.275390625 0.2236328125 0.06171875 0.064453125
0 0.654296875 0.10107421875 0.047656250000000004 0.0654296875
4 0.6781250000000001 0.19091796875 0.0703125 0.0869140625
0 0.7410156250000001 0.3642578125 0.06171875 0.072265625
0 0.527734375 0.63623046875 0.04609375 0.0673828125
0 0.5375 0.4013671875 0.060937500000000006 0.072265625
0 0.966015625 0.49609375 0.06015625 0.07421875
0 0.8703125 0.62744140625 0.07500000000000001 0.0869140625
0 0.50625 0.82666015625 0.0546875 0.0693359375
0 0.515625 0.90283203125 0.07187500000000001 0.0888671875
2 0.416015625 0.20166015625 0.030468750000000003 0.0380859375
0 0.14765625000000002 0.52587890625 0.0484375 0.0634765625
0 0.62265625 0.806640625 0.06406250000000001 0.0703125
0 0.9578125000000001 0.634765625 0.051562500000000004 0.068359375
0 0.940625 0.40185546875 0.059375000000000004 0.0712890625
0 0.62265625 0.23876953125 0.060937500000000006 0.0732421875
4 0.2109375 0.90869140625 0.0859375 0.1064453125
0 0.029687500000000002 0.701171875 0.046875 0.06640625
0 0.303515625 0.61328125 0.05390625 0.05078125
0 0.516796875 0.46923828125 0.05234375 0.0595703125
0 0.6980468750000001 0.89404296875 0.04453125 0.0654296875
0 0.33515625000000004 0.33740234375 0.05625 0.0751953125
0 0.439453125 0.81396484375 0.047656250000000004 0.0595703125
0 0.376953125 0.85791015625 0.06015625 0.0771484375
0 0.568359375 0.50146484375 0.06953125 0.0869140625
3 0.730078125 0.05224609375 0.06640625 0.0771484375
0 0.21992187500000002 0.51806640625 0.047656250000000004 0.0673828125
0 0.191796875 0.3369140625 0.047656250000000004 0.0625
0 0.12382812500000001 0.60693359375 0.049218750000000006 0.0615234375
4 0.087890625 0.8818359375 0.07109375 0.08984375
4 0.4890625 0.68603515625 0.046875 0.0556640625
0 0.687109375 0.53515625 0.047656250000000004 0.056640625
4 0.8324218750000001 0.50830078125 0.055468750000000004 0.0771484375