0 0.205078125 0.734375 0.07265625 0.08984375
0 0.18515625000000002 0.94677734375 0.0578125 0.0771484375
0 0.046484375 0.49072265625 0.047656250000000004 0.0693359375
0 0.11953125 0.28955078125 0.046875 0.0556640625
2 0.071484375 0.30224609375 0.03828125 0.0380859375
0 0.027734375000000002 0.11328125 0.04609375 0.0625
2 0.06992187500000001 0.0859375 0.03515625 0.041015625
1 0.09062500000000001 0.115234375 0.025 0.03125
0 0.22187500000000002 0.1474609375 0.05625 0.0703125
0 0.48085937500000003 0.05810546875 0.057031250000000006 0.0771484375
0 0.5320312500000001 0.14697265625 0.0546875 0.0673828125
2 0.573828125 0.11572265625 0.02890625 0.0380859375
0 0.6726562500000001 0.16748046875 0.060937500000000006 0.0791015625
2 0.84765625 0.11181640625 0.034375 0.0458984375
2 0.7742187500000001 0.21923828125 0.028125 0.0439453125
0 0.7828125 0.2939453125 0.065625 0.087890625
0 0.847265625 0.31982421875 0.05859375 0.0751953125
0 0.74140625 0.71630859375 0.0546875 0.0712890625
3 0.39101562500000003 0.859375 0.08203125 0.095703125
0 0.326953125 0.52734375 0.06484375 0.080078125
1 0.338671875 0.47119140625 0.02421875 0.0341796875
1 0.63828125 0.55419921875 0.028125 0.0341796875
0 0.5984375000000001 0.703125 0.05625 0.0703125
3 0.24921875000000002 0.419921875 0.084375 0.087890625
0 0.45859375 0.3251953125 0.06406250000000001 0.08984375
4 0.15742187500000002 0.8720703125 0.06171875 0.083984375
0 0.15742187500000002 0.5244140625 0.08203125 0.107421875
0 0.400390625 0.60546875 0.05859375 0.068359375
0 0.34921875 0.6767578125 0.043750000000000004 0.056640625
0 0.900390625 0.15869140625 0.06796875000000001 0.0849609375
0 0.923046875 0.24560546875 0.03828125 0.0556640625
0 0.5769531250000001 0.03173828125 0.05390625 0.0634765625
0 0.025 0.5693359375 0.05 0.06640625
0 0.34492187500000004 0.4033203125 0.06484375 0.07421875
0 0.267578125 0.0400390625 0.06796875000000001 0.06640625
0 0.601171875 0.509765625 0.05859375 0.080078125
0 0.152734375 0.38623046875 0.05078125 0.0634765625
0 0.6957031250000001 0.09033203125 0.06015625 0.0673828125