1 0.019921875000000002 0.083984375 0.02890625 0.04296875
1 0.276953125 0.2822265625 0.030468750000000003 0.03515625
1 0.24140625000000002 0.31982421875 0.0234375 0.0380859375
1 0.26484375 0.18798828125 0.029687500000000002 0.0322265625
2 0.35859375000000004 0.74267578125 0.0328125 0.0419921875
2 0.33437500000000003 0.81982421875 0.034375 0.0439453125
1 0.505078125 0.671875 0.030468750000000003 0.0390625
1 0.43281250000000004 0.5205078125 0.025 0.033203125
1 0.43398437500000003 0.4755859375 0.02890625 0.0390625
3 0.688671875 0.67578125 0.08984375 0.09375
3 0.683203125 0.78857421875 0.08515625 0.1123046875
1 0.626953125 0.7099609375 0.02421875 0.029296875
1 0.919921875 0.640625 0.03359375 0.046875
0 0.669921875 0.47802734375 0.05390625 0.0693359375
2 0.7488281250000001 0.3271484375 0.041406250000000006 0.05078125
1 0.71484375 0.41064453125 0.03125 0.0322265625
1 0.7601562500000001 0.2275390625 0.026562500000000003 0.03515625
1 0.710546875 0.29443359375 0.022656250000000003 0.0302734375
1 0.923046875 0.1572265625 0.02890625 0.033203125
1 0.5164062500000001 0.4912109375 0.028125 0.037109375