3 0.36484375 0.56591796875 0.1046875 0.1123046875
1 0.23828125 0.70263671875 0.035937500000000004 0.0361328125
1 0.14609375 0.49658203125 0.0328125 0.0400390625
1 0.06328125 0.681640625 0.0328125 0.03515625
1 0.134375 0.7138671875 0.03125 0.041015625
1 0.464453125 0.38818359375 0.030468750000000003 0.0380859375
1 0.40703125 0.09765625 0.028125 0.04296875
1 0.7332031250000001 0.2431640625 0.032031250000000004 0.037109375
1 0.6550781250000001 0.45263671875 0.032031250000000004 0.0439453125
2 0.596875 0.42919921875 0.03125 0.0458984375
1 0.6019531250000001 0.60546875 0.025781250000000002 0.03515625
1 0.7078125000000001 0.57421875 0.03125 0.03515625
1 0.548828125 0.9208984375 0.02734375 0.037109375
1 0.49843750000000003 0.88427734375 0.0234375 0.0400390625
1 0.794140625 0.7265625 0.030468750000000003 0.04296875
0 0.8992187500000001 0.71484375 0.0546875 0.05859375
4 0.70859375 0.40478515625 0.043750000000000004 0.0634765625
1 0.837109375 0.44873046875 0.025781250000000002 0.0380859375
0 0.5925781250000001 0.0615234375 0.049218750000000006 0.0625
1 0.97578125 0.6513671875 0.025 0.033203125
1 0.896484375 0.93212890625 0.03359375 0.0380859375