0 0.065625 0.27294921875 0.05 0.0595703125
1 0.040234375 0.39013671875 0.02421875 0.0341796875
0 0.030078125 0.439453125 0.04609375 0.060546875
1 0.027734375000000002 0.52880859375 0.02734375 0.0380859375
0 0.08476562500000001 0.125 0.049218750000000006 0.060546875
1 0.037890625000000004 0.20068359375 0.02421875 0.0341796875
1 0.15703125 0.1796875 0.025 0.02734375
0 0.21875 0.19873046875 0.0625 0.0830078125
3 0.162109375 0.27685546875 0.07734375 0.1025390625
3 0.160546875 0.509765625 0.08203125 0.091796875
0 0.21406250000000002 0.54150390625 0.046875 0.0556640625
1 0.262890625 0.453125 0.022656250000000003 0.03125
1 0.23125 0.58837890625 0.025 0.0302734375
1 0.18515625000000002 0.5908203125 0.0234375 0.029296875
1 0.153125 0.6005859375 0.026562500000000003 0.033203125
0 0.18476562500000002 0.02197265625 0.03515625 0.0439453125
1 0.103515625 0.02490234375 0.02421875 0.0322265625
1 0.05390625 0.05419921875 0.026562500000000003 0.0263671875
1 0.16757812500000002 0.1142578125 0.025781250000000002 0.033203125
1 0.40859375000000003 0.50537109375 0.0234375 0.0322265625
0 0.501171875 0.34228515625 0.07734375 0.0849609375
0 0.4765625 0.48828125 0.0546875 0.080078125
0 0.5734375 0.396484375 0.051562500000000004 0.0625
0 0.5875 0.4794921875 0.05 0.0625
1 0.46406250000000004 0.92724609375 0.026562500000000003 0.0361328125
1 0.42421875000000003 0.9765625 0.0234375 0.03125
1 0.5703125 0.94921875 0.03125 0.03515625
1 0.946875 0.69482421875 0.018750000000000003 0.0322265625
1 0.8500000000000001 0.08984375 0.025 0.03125
1 0.8367187500000001 0.1396484375 0.0234375 0.033203125
2 0.521484375 0.81689453125 0.03515625 0.0439453125
4 0.309375 0.97265625 0.045312500000000006 0.052734375
4 0.9769531250000001 0.76513671875 0.04453125 0.0791015625