0 0.5421875 0.470703125 0.059375000000000004 0.072265625
0 0.56171875 0.5263671875 0.0625 0.076171875
0 0.53359375 0.58740234375 0.0546875 0.0693359375
0 0.50703125 0.53271484375 0.0578125 0.0615234375
3 0.47304687500000003 0.90283203125 0.10703125000000001 0.1103515625
1 0.5875 0.36962890625 0.028125 0.0341796875
0 0.7000000000000001 0.4287109375 0.037500000000000006 0.048828125
1 0.669921875 0.52880859375 0.02109375 0.0302734375
1 0.638671875 0.41796875 0.02109375 0.029296875
1 0.6316406250000001 0.0322265625 0.025781250000000002 0.03125
0 0.7781250000000001 0.59326171875 0.040625 0.0498046875