3 0.524609375 0.41015625 0.10703125000000001 0.138671875
3 0.15195312500000002 0.38525390625 0.09453125000000001 0.1279296875
3 0.9441406250000001 0.2109375 0.09921875000000001 0.1328125
1 0.83125 0.70556640625 0.028125 0.0341796875
1 0.697265625 0.6337890625 0.025781250000000002 0.0390625
3 0.559765625 0.1865234375 0.08203125 0.099609375
1 0.6820312500000001 0.302734375 0.029687500000000002 0.04296875
1 0.455859375 0.55859375 0.02421875 0.03515625
1 0.5750000000000001 0.0859375 0.026562500000000003 0.03515625
1 0.18984375 0.013671875 0.021875000000000002 0.02734375
1 0.15000000000000002 0.28759765625 0.028125 0.0341796875
3 0.143359375 0.2001953125 0.08671875000000001 0.10546875
3 0.084375 0.84814453125 0.115625 0.1376953125