3 0.10429687500000001 0.41015625 0.08828125 0.09765625
3 0.23828125 0.76904296875 0.1203125 0.1630859375
3 0.823828125 0.578125 0.06484375 0.10546875
1 0.49726562500000004 0.8310546875 0.030468750000000003 0.041015625
1 0.505859375 0.94482421875 0.02890625 0.0380859375
1 0.08750000000000001 0.83203125 0.026562500000000003 0.04296875
1 0.16523437500000002 0.82373046875 0.02734375 0.0458984375
1 0.341796875 0.40869140625 0.032031250000000004 0.0322265625
1 0.20039062500000002 0.5908203125 0.02890625 0.037109375
1 0.6527343750000001 0.068359375 0.032031250000000004 0.03515625
3 0.45937500000000003 0.7158203125 0.0546875 0.072265625
1 0.80859375 0.666015625 0.029687500000000002 0.04296875
1 0.36328125 0.0478515625 0.026562500000000003 0.037109375
1 0.865234375 0.974609375 0.032031250000000004 0.037109375
1 0.026562500000000003 0.60791015625 0.026562500000000003 0.0380859375