3 0.55859375 0.45361328125 0.1125 0.1318359375
3 0.362890625 0.93994140625 0.09765625 0.1181640625
4 0.08828125 0.33056640625 0.0703125 0.0908203125
1 0.27421875 0.728515625 0.028125 0.037109375
1 0.211328125 0.79248046875 0.02421875 0.0400390625
1 0.2 0.85009765625 0.026562500000000003 0.0302734375
1 0.21015625000000002 0.90234375 0.025 0.03515625
1 0.8617187500000001 0.88134765625 0.029687500000000002 0.0341796875
1 0.8441406250000001 0.7958984375 0.02890625 0.041015625
1 0.555859375 0.671875 0.025781250000000002 0.029296875
1 0.70234375 0.494140625 0.03125 0.03515625
4 0.396484375 0.17724609375 0.05390625 0.0595703125
1 0.5421875 0.13330078125 0.028125 0.0361328125
1 0.3609375 0.26318359375 0.034375 0.0419921875
4 0.26015625000000003 0.1748046875 0.0484375 0.064453125
1 0.476171875 0.05419921875 0.03515625 0.0361328125
3 0.283984375 0.0986328125 0.09296875 0.083984375
3 0.8402343750000001 0.53173828125 0.07890625000000001 0.1376953125
1 0.5609375 0.9697265625 0.026562500000000003 0.03515625
1 0.9171875 0.58935546875 0.021875000000000002 0.0302734375