3 0.354296875 0.38525390625 0.08359375000000001 0.1083984375
0 0.41132812500000004 0.701171875 0.07265625 0.08203125
0 0.527734375 0.85009765625 0.07734375 0.0966796875
0 0.34101562500000004 0.9462890625 0.09609375 0.103515625
1 0.20429687500000002 0.357421875 0.02734375 0.03515625
1 0.09375 0.103515625 0.03125 0.037109375
1 0.394140625 0.0439453125 0.032031250000000004 0.037109375
3 0.6218750000000001 0.14404296875 0.07968750000000001 0.1142578125
0 0.9234375 0.23974609375 0.0578125 0.0751953125
1 0.9246093750000001 0.7255859375 0.02890625 0.03515625
1 0.83984375 0.36083984375 0.0234375 0.0341796875
3 0.640234375 0.302734375 0.09453125000000001 0.107421875
0 0.58046875 0.24365234375 0.0390625 0.0419921875
1 0.659765625 0.40576171875 0.02734375 0.0361328125
1 0.85859375 0.47705078125 0.0203125 0.0380859375
1 0.7289062500000001 0.37841796875 0.0234375 0.0341796875
0 0.099609375 0.40380859375 0.05859375 0.0810546875
3 0.73203125 0.64794921875 0.09375 0.0810546875
1 0.8234375 0.568359375 0.029687500000000002 0.03515625
1 0.434375 0.20166015625 0.034375 0.0341796875