3 0.36445312500000004 0.1357421875 0.08984375 0.111328125
3 0.546875 0.25341796875 0.0625 0.0830078125
1 0.48281250000000003 0.087890625 0.028125 0.037109375
1 0.187890625 0.0947265625 0.02890625 0.03515625
1 0.15234375 0.318359375 0.03125 0.0390625
1 0.7265625 0.07763671875 0.026562500000000003 0.0400390625
3 0.8515625 0.162109375 0.1 0.126953125
1 0.710546875 0.60888671875 0.030468750000000003 0.0361328125
1 0.6195312500000001 0.84326171875 0.026562500000000003 0.0341796875
1 0.24609375 0.62841796875 0.028125 0.0341796875
3 0.146484375 0.92333984375 0.10234375000000001 0.1181640625
1 0.408984375 0.8896484375 0.030468750000000003 0.033203125
1 0.5875 0.63232421875 0.025 0.0341796875
1 0.6097656250000001 0.69921875 0.025781250000000002 0.029296875
3 0.805859375 0.5849609375 0.057031250000000006 0.068359375
1 0.508984375 0.078125 0.02421875 0.033203125