1 0.28984375 0.34716796875 0.028125 0.0380859375
3 0.32851562500000003 0.42138671875 0.13046875 0.1767578125
4 0.6917968750000001 0.34765625 0.06328125 0.078125
1 0.10625000000000001 0.6220703125 0.028125 0.0390625
1 0.160546875 0.6103515625 0.030468750000000003 0.037109375
1 0.529296875 0.083984375 0.03359375 0.04296875
1 0.553125 0.21923828125 0.0328125 0.0380859375
0 0.954296875 0.19677734375 0.05390625 0.0712890625
1 0.810546875 0.2919921875 0.030468750000000003 0.037109375
1 0.525390625 0.74755859375 0.030468750000000003 0.0322265625
1 0.421484375 0.673828125 0.03515625 0.0390625
1 0.381640625 0.73193359375 0.032031250000000004 0.0361328125
1 0.3171875 0.64453125 0.029687500000000002 0.037109375
1 0.46796875000000004 0.490234375 0.029687500000000002 0.033203125
3 0.14765625000000002 0.19775390625 0.0703125 0.0810546875
1 0.45937500000000003 0.25146484375 0.026562500000000003 0.0400390625