3 0.7503906250000001 0.38623046875 0.10859375 0.1416015625
3 0.5867187500000001 0.5 0.059375000000000004 0.078125
1 0.30195312500000004 0.716796875 0.02890625 0.0390625
1 0.705078125 0.6171875 0.02890625 0.037109375
1 0.468359375 0.76416015625 0.025781250000000002 0.0361328125
3 0.659765625 0.42822265625 0.049218750000000006 0.0673828125
1 0.946875 0.5537109375 0.0234375 0.033203125
1 0.909765625 0.8056640625 0.030468750000000003 0.037109375
1 0.9613281250000001 0.74609375 0.022656250000000003 0.03515625
1 0.531640625 0.904296875 0.025781250000000002 0.03515625
1 0.1171875 0.66162109375 0.029687500000000002 0.0361328125
1 0.02109375 0.76123046875 0.021875000000000002 0.0400390625
1 0.30781250000000004 0.42236328125 0.021875000000000002 0.0322265625
0 0.47382812500000004 0.31298828125 0.06953125 0.0869140625
0 0.39960937500000004 0.30615234375 0.07890625000000001 0.0986328125
1 0.6359375 0.31591796875 0.028125 0.0380859375
1 0.555078125 0.46630859375 0.025781250000000002 0.0322265625
1 0.8234375 0.658203125 0.0328125 0.03125