3 0.619140625 0.3974609375 0.09296875 0.123046875
3 0.95703125 0.5595703125 0.08281250000000001 0.12109375
1 0.941015625 0.6318359375 0.03359375 0.041015625
1 0.9234375 0.39453125 0.028125 0.04296875
1 0.822265625 0.3720703125 0.02734375 0.033203125
1 0.7625000000000001 0.373046875 0.026562500000000003 0.0390625
1 0.537109375 0.45166015625 0.02890625 0.0341796875
4 0.558984375 0.4814453125 0.04609375 0.0625
1 0.88671875 0.982421875 0.029687500000000002 0.03125
4 0.405078125 0.4267578125 0.04453125 0.05859375
1 0.27578125000000003 0.46728515625 0.028125 0.0302734375
1 0.280078125 0.6162109375 0.02734375 0.03125
3 0.77109375 0.4609375 0.09531250000000001 0.119140625