1 0.41640625000000003 0.70556640625 0.026562500000000003 0.0341796875
1 0.412109375 0.93212890625 0.02734375 0.0361328125
1 0.331640625 0.74560546875 0.02734375 0.0361328125
1 0.30585937500000004 0.53857421875 0.03359375 0.0439453125
1 0.11171875 0.82666015625 0.026562500000000003 0.0380859375
1 0.0671875 0.91748046875 0.03125 0.0361328125
1 0.11093750000000001 0.87548828125 0.028125 0.0380859375
3 0.32421875 0.658203125 0.0765625 0.091796875
1 0.12890625 0.443359375 0.0328125 0.046875
0 0.821875 0.14404296875 0.05625 0.0751953125
1 0.755078125 0.11474609375 0.02734375 0.0361328125
0 0.7375 0.57763671875 0.05625 0.0693359375
1 0.724609375 0.150390625 0.025781250000000002 0.033203125
1 0.7523437500000001 0.18212890625 0.025 0.0322265625
1 0.121484375 0.02490234375 0.030468750000000003 0.0400390625
1 0.21835937500000002 0.9833984375 0.03359375 0.03125