3 0.5 0.15771484375 0.1328125 0.1689453125
3 0.496875 0.5517578125 0.109375 0.150390625
3 0.39921875 0.45703125 0.1125 0.1328125
3 0.7507812500000001 0.11328125 0.07500000000000001 0.0859375
3 0.83125 0.22509765625 0.09375 0.1240234375
1 0.13515625 0.19873046875 0.0234375 0.0341796875
1 0.113671875 0.06396484375 0.030468750000000003 0.0419921875
1 0.638671875 0.4990234375 0.030468750000000003 0.041015625
1 0.7839843750000001 0.82080078125 0.032031250000000004 0.0400390625
1 0.38515625000000003 0.9052734375 0.028125 0.03515625
1 0.46718750000000003 0.91748046875 0.028125 0.0341796875
1 0.46328125000000003 0.978515625 0.026562500000000003 0.033203125
0 0.6058593750000001 0.95068359375 0.03828125 0.0439453125
1 0.8699218750000001 0.41943359375 0.025781250000000002 0.0341796875
1 0.84765625 0.96630859375 0.029687500000000002 0.0361328125
1 0.9031250000000001 0.18994140625 0.034375 0.0400390625