3 0.747265625 0.38916015625 0.09765625 0.1318359375
1 0.89609375 0.39990234375 0.03125 0.0419921875
1 0.8921875 0.109375 0.028125 0.03515625
0 0.61640625 0.2373046875 0.040625 0.05078125
3 0.5828125000000001 0.29248046875 0.0765625 0.0947265625
1 0.27382812500000003 0.23828125 0.022656250000000003 0.03125
1 0.37265625 0.12255859375 0.025 0.0361328125
1 0.07695312500000001 0.05859375 0.030468750000000003 0.037109375
1 0.25039062500000003 0.826171875 0.032031250000000004 0.0390625
1 0.575390625 0.88037109375 0.02890625 0.0341796875
1 0.534765625 0.767578125 0.030468750000000003 0.029296875
1 0.8503906250000001 0.71826171875 0.02890625 0.0322265625
1 0.9363281250000001 0.21240234375 0.032031250000000004 0.0361328125
1 0.94140625 0.25390625 0.029687500000000002 0.0390625
3 0.7984375 0.7451171875 0.09062500000000001 0.142578125
1 0.098828125 0.3125 0.02890625 0.04296875
1 0.48125 0.7099609375 0.03125 0.033203125
1 0.5375 0.21142578125 0.0328125 0.0341796875