3 0.137109375 0.1298828125 0.09609375 0.107421875
3 0.12109375 0.23583984375 0.09062500000000001 0.1162109375
3 0.788671875 0.458984375 0.08671875000000001 0.109375
3 0.5066406250000001 0.91796875 0.10078125 0.125
1 0.79453125 0.4384765625 0.0328125 0.04296875
0 0.3203125 0.84619140625 0.046875 0.0576171875
0 0.4453125 0.97998046875 0.040625 0.0380859375
0 0.43398437500000003 0.8837890625 0.055468750000000004 0.06640625
0 0.073046875 0.1357421875 0.047656250000000004 0.05859375
0 0.022656250000000003 0.05224609375 0.0390625 0.0576171875
1 0.5789062500000001 0.38037109375 0.0234375 0.0361328125
1 0.584375 0.51123046875 0.026562500000000003 0.0361328125
1 0.5320312500000001 0.56298828125 0.026562500000000003 0.0341796875
1 0.665625 0.40771484375 0.026562500000000003 0.0361328125
1 0.6863281250000001 0.49169921875 0.02890625 0.0341796875
1 0.666015625 0.166015625 0.022656250000000003 0.03515625
1 0.8753906250000001 0.2421875 0.032031250000000004 0.033203125
1 0.9695312500000001 0.52197265625 0.028125 0.0341796875
1 0.855078125 0.5009765625 0.02421875 0.03125
0 0.8812500000000001 0.46875 0.035937500000000004 0.046875
1 0.8699218750000001 0.36328125 0.025781250000000002 0.03515625
1 0.23007812500000002 0.17822265625 0.032031250000000004 0.0380859375
1 0.28515625 0.2080078125 0.025 0.037109375
1 0.511328125 0.66796875 0.02890625 0.0390625
1 0.34882812500000004 0.74609375 0.030468750000000003 0.04296875
4 0.478515625 0.30126953125 0.049218750000000006 0.0673828125
1 0.9535156250000001 0.916015625 0.032031250000000004 0.04296875