1 0.144921875 0.2314453125 0.030468750000000003 0.033203125
3 0.2984375 0.31884765625 0.0734375 0.0869140625
3 0.39609375 0.22216796875 0.0703125 0.0927734375
3 0.7015625000000001 0.521484375 0.06406250000000001 0.083984375
3 0.675 0.6171875 0.0703125 0.107421875
0 0.68671875 0.87353515625 0.046875 0.0634765625
0 0.92109375 0.8291015625 0.0390625 0.060546875
1 0.8113281250000001 0.0771484375 0.030468750000000003 0.03515625
1 0.759765625 0.12939453125 0.032031250000000004 0.0361328125
1 0.225390625 0.015625 0.030468750000000003 0.03125
1 0.031640625 0.37744140625 0.02890625 0.0380859375
0 0.436328125 0.3125 0.04453125 0.05078125
0 0.393359375 0.337890625 0.049218750000000006 0.056640625
1 0.7781250000000001 0.7255859375 0.0328125 0.037109375
0 0.86875 0.8759765625 0.037500000000000006 0.052734375
1 0.86875 0.78857421875 0.03125 0.0380859375
1 0.7152343750000001 0.70068359375 0.02734375 0.0341796875
1 0.884375 0.1015625 0.028125 0.0390625
1 0.1921875 0.783203125 0.0328125 0.037109375