1 0.474609375 0.18603515625 0.02890625 0.0400390625
1 0.5398437500000001 0.046875 0.034375 0.041015625
1 0.56015625 0.2958984375 0.035937500000000004 0.041015625
3 0.703125 0.49755859375 0.0703125 0.0927734375
0 0.81015625 0.39990234375 0.060937500000000006 0.0927734375
1 0.9109375000000001 0.3447265625 0.028125 0.041015625
3 0.61484375 0.66845703125 0.08125 0.0888671875
4 0.44375000000000003 0.85009765625 0.06406250000000001 0.0869140625
2 0.5484375 0.92578125 0.0390625 0.046875
3 0.095703125 0.93115234375 0.07734375 0.1064453125
0 0.5925781250000001 0.912109375 0.04609375 0.052734375
1 0.27968750000000003 0.345703125 0.029687500000000002 0.044921875
1 0.44765625000000003 0.29150390625 0.0328125 0.0400390625
2 0.4890625 0.51416015625 0.0328125 0.0498046875
4 0.423828125 0.5361328125 0.057031250000000006 0.068359375
1 0.591796875 0.4228515625 0.032031250000000004 0.04296875
2 0.8050781250000001 0.634765625 0.03359375 0.046875
2 0.759375 0.70947265625 0.034375 0.0498046875
1 0.9007812500000001 0.67431640625 0.029687500000000002 0.0400390625
1 0.8679687500000001 0.8740234375 0.0328125 0.0390625
1 0.89375 0.53271484375 0.028125 0.0361328125
1 0.724609375 0.0458984375 0.032031250000000004 0.041015625
1 0.6078125000000001 0.09326171875 0.03125 0.0380859375
2 0.31289062500000003 0.12109375 0.03828125 0.04296875
1 0.07578125000000001 0.0615234375 0.028125 0.033203125
1 0.19062500000000002 0.40625 0.025 0.03515625
1 0.95859375 0.849609375 0.03125 0.037109375
1 0.148046875 0.58447265625 0.032031250000000004 0.0400390625
1 0.1796875 0.859375 0.028125 0.0390625
1 0.19882812500000002 0.65185546875 0.032031250000000004 0.0400390625
1 0.2859375 0.44921875 0.034375 0.046875
1 0.751953125 0.2177734375 0.032031250000000004 0.0390625
1 0.7292968750000001 0.34033203125 0.02890625 0.0400390625
0 0.517578125 0.84326171875 0.05859375 0.0712890625
3 0.31953125000000004 0.8427734375 0.07968750000000001 0.107421875
1 0.17343750000000002 0.45166015625 0.034375 0.0458984375
1 0.357421875 0.734375 0.032031250000000004 0.04296875
1 0.30234375 0.68701171875 0.0328125 0.0361328125
2 0.7152343750000001 0.93994140625 0.03515625 0.0576171875
1 0.058984375000000006 0.5947265625 0.032031250000000004 0.037109375
1 0.8660156250000001 0.9375 0.030468750000000003 0.0390625
2 0.9046875000000001 0.97314453125 0.03125 0.0380859375
1 0.6062500000000001 0.8330078125 0.028125 0.033203125
1 0.696484375 0.78125 0.025781250000000002 0.03515625
1 0.780859375 0.78271484375 0.025781250000000002 0.0322265625
1 0.6453125000000001 0.53515625 0.029687500000000002 0.0390625
1 0.9398437500000001 0.232421875 0.028125 0.033203125
1 0.6761718750000001 0.40283203125 0.02734375 0.0341796875
1 0.40390625 0.2431640625 0.029687500000000002 0.037109375