4 0.6042968750000001 0.5771484375 0.055468750000000004 0.072265625
0 0.31679687500000003 0.88427734375 0.05859375 0.0615234375
3 0.256640625 0.57666015625 0.12421875 0.1533203125
3 0.31679687500000003 0.6669921875 0.11328125 0.140625
1 0.3171875 0.3369140625 0.035937500000000004 0.0390625
1 0.333984375 0.396484375 0.03359375 0.03515625
1 0.471484375 0.41162109375 0.03359375 0.0439453125
4 0.765234375 0.4990234375 0.08359375000000001 0.095703125
1 0.8109375000000001 0.45068359375 0.028125 0.0341796875
0 0.7757812500000001 0.16796875 0.051562500000000004 0.07421875
4 0.35078125000000004 0.10009765625 0.0578125 0.0654296875
1 0.155078125 0.3486328125 0.025781250000000002 0.0390625
1 0.880859375 0.08349609375 0.02734375 0.0419921875
1 0.8464843750000001 0.20068359375 0.030468750000000003 0.0400390625
1 0.5339843750000001 0.05712890625 0.02890625 0.0380859375
1 0.8992187500000001 0.9306640625 0.035937500000000004 0.04296875
1 0.19882812500000002 0.2373046875 0.03359375 0.03515625
1 0.451171875 0.19921875 0.032031250000000004 0.04296875
1 0.33437500000000003 0.53955078125 0.029687500000000002 0.0400390625
0 0.65390625 0.16650390625 0.0578125 0.0556640625
0 0.1390625 0.6298828125 0.046875 0.0625
1 0.109375 0.73388671875 0.03125 0.0380859375
1 0.0671875 0.7802734375 0.03125 0.033203125
1 0.7250000000000001 0.04833984375 0.0328125 0.0439453125
3 0.39882812500000003 0.34130859375 0.12734375 0.1630859375
0 0.6820312500000001 0.52685546875 0.060937500000000006 0.0927734375
1 0.38203125000000004 0.43896484375 0.025 0.0361328125
4 0.15585937500000002 0.890625 0.05390625 0.068359375
1 0.041796875000000004 0.8876953125 0.02421875 0.03515625
1 0.30703125000000003 0.814453125 0.028125 0.03515625