0 0.68515625 0.7431640625 0.09062500000000001 0.115234375
0 0.37578125 0.7265625 0.084375 0.10546875
0 0.5769531250000001 0.49169921875 0.06015625 0.0712890625
0 0.733984375 0.6044921875 0.06796875000000001 0.095703125
0 0.35468750000000004 0.5302734375 0.07968750000000001 0.09375
0 0.48046875 0.22607421875 0.0671875 0.0849609375
0 0.7976562500000001 0.63330078125 0.0671875 0.1044921875
0 0.7921875 0.8671875 0.059375000000000004 0.080078125
0 0.765625 0.93310546875 0.046875 0.0712890625
0 0.42226562500000003 0.8583984375 0.055468750000000004 0.078125
0 0.508984375 0.32080078125 0.049218750000000006 0.0615234375
3 0.6785156250000001 0.28076171875 0.07578125000000001 0.0966796875
0 0.8191406250000001 0.390625 0.05234375 0.06640625
0 0.638671875 0.39599609375 0.055468750000000004 0.0634765625
0 0.46015625000000004 0.50732421875 0.0546875 0.0478515625
0 0.516796875 0.73828125 0.07265625 0.09375
0 0.540625 0.86279296875 0.053125000000000006 0.0654296875
0 0.37343750000000003 0.93115234375 0.059375000000000004 0.0732421875
0 0.569921875 0.419921875 0.05078125 0.0703125
4 0.459765625 0.43408203125 0.057031250000000006 0.0732421875
4 0.85546875 0.9326171875 0.06406250000000001 0.07421875
0 0.703125 0.3701171875 0.065625 0.080078125