0 0.135546875 0.6298828125 0.055468750000000004 0.06640625
0 0.56015625 0.04736328125 0.0734375 0.0830078125
0 0.5261718750000001 0.17724609375 0.055468750000000004 0.0654296875
0 0.667578125 0.20556640625 0.08046875 0.1064453125
0 0.584375 0.82421875 0.0703125 0.091796875
0 0.16796875 0.70849609375 0.0890625 0.1005859375
0 0.16953125000000002 0.8125 0.0671875 0.0859375
0 0.248828125 0.63623046875 0.055468750000000004 0.0712890625
0 0.17265625 0.18603515625 0.0578125 0.0712890625
0 0.09843750000000001 0.18603515625 0.065625 0.0791015625
0 0.065234375 0.28662109375 0.05234375 0.0693359375
0 0.2390625 0.21630859375 0.059375000000000004 0.0732421875
0 0.46015625000000004 0.2294921875 0.0625 0.064453125
0 0.27109375 0.92333984375 0.06406250000000001 0.0751953125
0 0.34140625 0.68212890625 0.05 0.0654296875
0 0.66796875 0.91552734375 0.046875 0.0576171875
4 0.70625 0.57861328125 0.06875 0.0869140625
0 0.69921875 0.8515625 0.046875 0.060546875
0 0.1234375 0.32080078125 0.05625 0.0654296875
0 0.3609375 0.09326171875 0.05 0.0693359375
0 0.2390625 0.705078125 0.0421875 0.05078125
0 0.22031250000000002 0.763671875 0.046875 0.05859375