0 0.166796875 0.70263671875 0.07578125000000001 0.1005859375
0 0.138671875 0.798828125 0.06328125 0.078125
0 0.22226562500000002 0.8056640625 0.06953125 0.087890625
0 0.7113281250000001 0.38037109375 0.06953125 0.0830078125
0 0.52578125 0.5888671875 0.0625 0.08203125
0 0.56640625 0.22900390625 0.060937500000000006 0.0751953125
0 0.6042968750000001 0.3212890625 0.05234375 0.064453125
0 0.0859375 0.466796875 0.065625 0.0859375
0 0.76171875 0.09619140625 0.0546875 0.0751953125
0 0.783203125 0.3671875 0.05078125 0.0625
0 0.6746093750000001 0.60888671875 0.07578125000000001 0.0947265625
0 0.956640625 0.67333984375 0.04609375 0.0595703125
0 0.8109375000000001 0.30078125 0.05625 0.06640625
0 0.6781250000000001 0.4970703125 0.045312500000000006 0.064453125
0 0.858984375 0.23974609375 0.04453125 0.0751953125
0 0.6984375 0.09619140625 0.05 0.0654296875
0 0.633984375 0.2568359375 0.04609375 0.064453125
4 0.80625 0.451171875 0.0765625 0.095703125
0 0.2890625 0.42431640625 0.0625 0.0712890625
0 0.873046875 0.0439453125 0.049218750000000006 0.0625
0 0.87421875 0.837890625 0.053125000000000006 0.06640625
0 0.19296875000000002 0.88720703125 0.059375000000000004 0.0673828125
0 0.033984375000000004 0.931640625 0.05390625 0.072265625
0 0.898046875 0.486328125 0.06171875 0.083984375
0 0.826171875 0.79541015625 0.06015625 0.0654296875
4 0.0546875 0.3359375 0.06406250000000001 0.08203125