0 0.74921875 0.4384765625 0.078125 0.09375
0 0.8460937500000001 0.50927734375 0.09375 0.1044921875
0 0.9128906250000001 0.62646484375 0.055468750000000004 0.0673828125
0 0.5921875 0.494140625 0.060937500000000006 0.080078125
0 0.816015625 0.94970703125 0.06484375 0.0830078125
0 0.33984375 0.91943359375 0.08125 0.0966796875
0 0.187890625 0.9248046875 0.05234375 0.068359375
0 0.22421875000000002 0.072265625 0.0703125 0.0859375
0 0.4140625 0.6962890625 0.065625 0.080078125
0 0.791015625 0.78857421875 0.06484375 0.0927734375
0 0.37539062500000003 0.388671875 0.06015625 0.06640625
0 0.11992187500000001 0.6953125 0.055468750000000004 0.07421875
4 0.6097656250000001 0.5830078125 0.049218750000000006 0.0625
0 0.051953125 0.53173828125 0.06328125 0.0830078125
0 0.201171875 0.15234375 0.06328125 0.0703125
0 0.044921875 0.21337890625 0.06640625 0.0732421875
0 0.3609375 0.62939453125 0.0625 0.0869140625
0 0.855078125 0.90771484375 0.05078125 0.0595703125
0 0.5125000000000001 0.8974609375 0.05 0.07421875
0 0.34453125 0.8037109375 0.0765625 0.078125
0 0.46132812500000003 0.537109375 0.05859375 0.072265625
4 0.54296875 0.04248046875 0.06875 0.0810546875
0 0.59296875 0.64501953125 0.059375000000000004 0.0673828125
4 0.689453125 0.57861328125 0.05859375 0.0751953125