0 0.470703125 0.115234375 0.06640625 0.0859375
0 0.9144531250000001 0.14111328125 0.07109375 0.0927734375
0 0.07421875 0.39306640625 0.0703125 0.0888671875
0 0.041015625 0.30126953125 0.07265625 0.0966796875
0 0.153125 0.4599609375 0.05 0.064453125
0 0.271484375 0.583984375 0.06953125 0.091796875
0 0.25859375 0.83251953125 0.045312500000000006 0.0615234375
0 0.3015625 0.857421875 0.0484375 0.064453125
0 0.448828125 0.61279296875 0.06015625 0.0771484375
0 0.5144531250000001 0.888671875 0.057031250000000006 0.08203125
0 0.80234375 0.88427734375 0.0765625 0.0908203125
0 0.684765625 0.86328125 0.05859375 0.068359375
0 0.925 0.73291015625 0.059375000000000004 0.0751953125
0 0.114453125 0.62109375 0.05078125 0.060546875
4 0.404296875 0.36572265625 0.10859375 0.1298828125
4 0.3359375 0.6953125 0.08281250000000001 0.1015625
4 0.15976562500000002 0.849609375 0.06328125 0.08984375
0 0.851171875 0.736328125 0.055468750000000004 0.06640625
0 0.9066406250000001 0.9501953125 0.06953125 0.0859375
0 0.255859375 0.68310546875 0.05859375 0.0693359375
0 0.558203125 0.81640625 0.049218750000000006 0.07421875
0 0.534375 0.15234375 0.051562500000000004 0.068359375
0 0.271484375 0.76513671875 0.05078125 0.0654296875
4 0.929296875 0.59814453125 0.06328125 0.0810546875
0 0.887890625 0.7919921875 0.039843750000000004 0.05859375
0 0.6203125 0.9248046875 0.0484375 0.0625
0 0.6746093750000001 0.6845703125 0.04609375 0.052734375
4 0.1765625 0.23681640625 0.08125 0.0986328125
4 0.6265625 0.09033203125 0.060937500000000006 0.0791015625
0 0.251953125 0.41064453125 0.05078125 0.0595703125
0 0.178125 0.576171875 0.051562500000000004 0.056640625
0 0.7464843750000001 0.93408203125 0.05390625 0.0693359375
4 0.7546875000000001 0.09765625 0.0703125 0.07421875