0 0.420703125 0.20703125 0.07578125000000001 0.1015625
0 0.5171875 0.3310546875 0.06875 0.083984375
0 0.681640625 0.265625 0.07734375 0.09375
0 0.12421875 0.48388671875 0.07968750000000001 0.0888671875
0 0.483203125 0.86376953125 0.05234375 0.0712890625
0 0.800390625 0.82373046875 0.06015625 0.0673828125
0 0.448828125 0.927734375 0.06484375 0.080078125
0 0.343359375 0.53955078125 0.06328125 0.0830078125
1 0.947265625 0.87353515625 0.030468750000000003 0.0322265625
1 0.7820312500000001 0.51171875 0.026562500000000003 0.0390625
1 0.46601562500000004 0.505859375 0.032031250000000004 0.041015625
0 0.8792968750000001 0.72900390625 0.06171875 0.0732421875
0 0.28125 0.22900390625 0.07187500000000001 0.0791015625
0 0.65390625 0.10693359375 0.0421875 0.0595703125
0 0.748046875 0.4072265625 0.06796875000000001 0.08203125
0 0.625 0.58544921875 0.053125000000000006 0.0595703125
0 0.373828125 0.33251953125 0.05859375 0.0712890625
0 0.35273437500000004 0.40478515625 0.05859375 0.0791015625
4 0.71640625 0.1083984375 0.059375000000000004 0.07421875
4 0.5390625 0.80029296875 0.053125000000000006 0.0673828125
0 0.6898437500000001 0.03564453125 0.0484375 0.0615234375
0 0.31093750000000003 0.03857421875 0.060937500000000006 0.0732421875