0 0.237109375 0.52587890625 0.057031250000000006 0.0712890625
0 0.21601562500000002 0.76318359375 0.047656250000000004 0.0673828125
0 0.290625 0.728515625 0.09062500000000001 0.10546875
0 0.7214843750000001 0.58837890625 0.05234375 0.0654296875
0 0.46406250000000004 0.2265625 0.06406250000000001 0.08203125
0 0.8500000000000001 0.26123046875 0.06406250000000001 0.0791015625
3 0.51953125 0.435546875 0.096875 0.1328125
0 0.748046875 0.70654296875 0.06640625 0.0830078125
0 0.24765625000000002 0.8623046875 0.0546875 0.060546875
0 0.39492187500000003 0.7197265625 0.07109375 0.09765625
4 0.81640625 0.673828125 0.06875 0.083984375
0 0.973828125 0.5849609375 0.05078125 0.078125
0 0.915234375 0.61181640625 0.05859375 0.0771484375
0 0.42265625 0.4384765625 0.07968750000000001 0.103515625
0 0.43593750000000003 0.31982421875 0.084375 0.1005859375
0 0.19375 0.6708984375 0.0484375 0.056640625
0 0.047656250000000004 0.73291015625 0.08281250000000001 0.0927734375
0 0.8832031250000001 0.53173828125 0.05390625 0.0732421875
0 0.562890625 0.263671875 0.06640625 0.08984375
0 0.6570312500000001 0.09423828125 0.0546875 0.0673828125
0 0.8125 0.7978515625 0.05 0.0703125
4 0.6824218750000001 0.376953125 0.06484375 0.080078125