3 0.5105468750000001 0.44189453125 0.07265625 0.0888671875
0 0.230859375 0.396484375 0.10546875 0.134765625
0 0.086328125 0.4208984375 0.055468750000000004 0.068359375
2 0.817578125 0.4169921875 0.03359375 0.044921875
0 0.8050781250000001 0.345703125 0.06015625 0.072265625
0 0.1234375 0.93408203125 0.07500000000000001 0.1064453125
0 0.39609375 0.23876953125 0.0921875 0.1142578125
4 0.458984375 0.31689453125 0.07578125000000001 0.0947265625
0 0.6921875000000001 0.55712890625 0.051562500000000004 0.0693359375
0 0.8699218750000001 0.83642578125 0.057031250000000006 0.0771484375
4 0.5242187500000001 0.9326171875 0.060937500000000006 0.076171875
0 0.464453125 0.51806640625 0.07890625000000001 0.1044921875
0 0.378515625 0.38232421875 0.049218750000000006 0.0654296875
0 0.5734375 0.630859375 0.051562500000000004 0.060546875
0 0.669140625 0.630859375 0.06171875 0.0703125
0 0.9656250000000001 0.7763671875 0.05625 0.06640625
0 0.06992187500000001 0.35009765625 0.055468750000000004 0.0576171875
0 0.054296875 0.5283203125 0.05234375 0.060546875
3 0.30390625000000004 0.28955078125 0.09843750000000001 0.1123046875
4 0.758984375 0.24853515625 0.08046875 0.0966796875
4 0.15937500000000002 0.29150390625 0.060937500000000006 0.0673828125