0 0.7503906250000001 0.7392578125 0.07265625 0.095703125
0 0.7117187500000001 0.8427734375 0.0765625 0.087890625
0 0.6804687500000001 0.94921875 0.05625 0.06640625
0 0.8519531250000001 0.33740234375 0.057031250000000006 0.0791015625
0 0.73359375 0.2578125 0.05625 0.072265625
0 0.855078125 0.09619140625 0.05859375 0.0634765625
0 0.8921875 0.251953125 0.05625 0.080078125
0 0.39570312500000004 0.6005859375 0.057031250000000006 0.078125
0 0.49375 0.44775390625 0.0671875 0.0810546875
0 0.465625 0.35986328125 0.07500000000000001 0.0947265625
0 0.38398437500000004 0.32421875 0.06953125 0.09375
0 0.463671875 0.61767578125 0.07734375 0.0927734375
0 0.7742187500000001 0.1337890625 0.07968750000000001 0.091796875
4 0.298828125 0.81640625 0.08046875 0.087890625
0 0.2734375 0.2822265625 0.053125000000000006 0.072265625
0 0.261328125 0.36865234375 0.05390625 0.0732421875
0 0.205859375 0.27001953125 0.05859375 0.0732421875
0 0.401171875 0.22265625 0.09296875 0.1171875
4 0.74609375 0.544921875 0.0703125 0.09375
0 0.550390625 0.53125 0.05859375 0.060546875
0 0.552734375 0.40576171875 0.049218750000000006 0.0634765625
0 0.326953125 0.60009765625 0.06484375 0.0830078125