0 0.32890625 0.671875 0.06875 0.07421875
0 0.169921875 0.7265625 0.06015625 0.078125
2 0.105859375 0.927734375 0.03515625 0.037109375
2 0.605078125 0.49658203125 0.030468750000000003 0.0361328125
0 0.6355468750000001 0.4423828125 0.06171875 0.0625
0 0.6960937500000001 0.45849609375 0.053125000000000006 0.0673828125
1 0.040625 0.31298828125 0.029687500000000002 0.0361328125
0 0.619140625 0.23095703125 0.11171875 0.1337890625
0 0.44843750000000004 0.27392578125 0.053125000000000006 0.0673828125
0 0.8382812500000001 0.26806640625 0.06406250000000001 0.0751953125
0 0.63046875 0.705078125 0.0578125 0.0703125
4 0.459765625 0.60791015625 0.057031250000000006 0.0673828125
0 0.42226562500000003 0.69580078125 0.05859375 0.0751953125
0 0.228515625 0.65283203125 0.07734375 0.1044921875
0 0.06328125 0.91650390625 0.053125000000000006 0.0712890625
2 0.049609375000000004 0.6064453125 0.03359375 0.044921875
0 0.14765625000000002 0.45751953125 0.109375 0.1376953125
0 0.884375 0.06884765625 0.1046875 0.1318359375
0 0.9164062500000001 0.693359375 0.0578125 0.078125
0 0.41015625 0.5283203125 0.0578125 0.076171875
0 0.335546875 0.7783203125 0.10703125000000001 0.125
0 0.9515625000000001 0.13427734375 0.0625 0.0830078125
4 0.47890625000000003 0.51220703125 0.0734375 0.0849609375
0 0.44648437500000004 0.791015625 0.05859375 0.0703125
0 0.29140625000000003 0.46337890625 0.05625 0.0654296875
0 0.558203125 0.39892578125 0.06015625 0.0673828125