0 0.56640625 0.60009765625 0.0671875 0.0869140625
0 0.8347656250000001 0.779296875 0.06953125 0.0859375
0 0.8851562500000001 0.7314453125 0.0625 0.087890625
0 0.12734375 0.69873046875 0.0890625 0.1181640625
0 0.5203125000000001 0.37255859375 0.0671875 0.0830078125
0 0.49453125000000003 0.5771484375 0.05625 0.087890625
4 0.5300781250000001 0.4677734375 0.06171875 0.080078125
0 0.45859375 0.13916015625 0.0625 0.0791015625
0 0.19492187500000002 0.16064453125 0.05859375 0.0732421875
0 0.13515625 0.38671875 0.065625 0.087890625
0 0.091015625 0.4677734375 0.07734375 0.09765625
0 0.916015625 0.63232421875 0.057031250000000006 0.0732421875
0 0.42500000000000004 0.26025390625 0.07500000000000001 0.0888671875
0 0.319921875 0.31103515625 0.06015625 0.0615234375
0 0.21992187500000002 0.5205078125 0.07578125000000001 0.078125
0 0.6109375 0.669921875 0.07500000000000001 0.099609375
0 0.209375 0.7138671875 0.059375000000000004 0.06640625
0 0.762890625 0.83056640625 0.055468750000000004 0.0693359375
0 0.484375 0.03466796875 0.053125000000000006 0.0595703125
0 0.5734375 0.7998046875 0.06875 0.08203125
0 0.298828125 0.17431640625 0.09765625 0.1142578125
0 0.31796875 0.0673828125 0.051562500000000004 0.064453125
0 0.46601562500000004 0.970703125 0.057031250000000006 0.056640625
0 0.04296875 0.7685546875 0.0671875 0.083984375
0 0.583984375 0.39794921875 0.057031250000000006 0.0810546875
0 0.516796875 0.9296875 0.06953125 0.07421875