0 0.51015625 0.2275390625 0.07968750000000001 0.10546875
0 0.41054687500000003 0.755859375 0.07734375 0.091796875
0 0.32851562500000003 0.12353515625 0.05390625 0.0634765625
0 0.12890625 0.3564453125 0.059375000000000004 0.078125
0 0.098046875 0.25439453125 0.05234375 0.0654296875
0 0.22617187500000002 0.54443359375 0.05078125 0.0712890625
4 0.28359375000000003 0.61181640625 0.040625 0.0615234375
0 0.294140625 0.52978515625 0.047656250000000004 0.0634765625
0 0.296484375 0.3349609375 0.05234375 0.068359375
0 0.74375 0.3955078125 0.051562500000000004 0.0703125
0 0.253125 0.45947265625 0.05 0.0673828125
0 0.734375 0.837890625 0.0546875 0.072265625
0 0.6726562500000001 0.45458984375 0.051562500000000004 0.0751953125
0 0.437109375 0.2802734375 0.047656250000000004 0.05859375
0 0.36875 0.45703125 0.051562500000000004 0.06640625
0 0.452734375 0.1259765625 0.047656250000000004 0.0625
0 0.7125 0.61083984375 0.05 0.0595703125
0 0.7578125 0.32763671875 0.0390625 0.0498046875
0 0.8207031250000001 0.69384765625 0.055468750000000004 0.0732421875
0 0.0765625 0.7783203125 0.043750000000000004 0.056640625
0 0.17265625 0.57861328125 0.043750000000000004 0.0634765625
0 0.1 0.6884765625 0.0484375 0.05859375
0 0.6316406250000001 0.93310546875 0.05390625 0.0615234375
0 0.693359375 0.93359375 0.05078125 0.056640625
0 0.520703125 0.3515625 0.047656250000000004 0.0546875
0 0.307421875 0.416015625 0.05390625 0.06640625
0 0.403125 0.11279296875 0.0578125 0.0673828125
0 0.291796875 0.17724609375 0.039843750000000004 0.0537109375