0 0.6765625000000001 0.65283203125 0.06406250000000001 0.0908203125
0 0.119140625 0.6171875 0.06328125 0.07421875
0 0.8679687500000001 0.75732421875 0.059375000000000004 0.0654296875
0 0.802734375 0.931640625 0.049218750000000006 0.068359375
0 0.800390625 0.330078125 0.05859375 0.0703125
0 0.915234375 0.205078125 0.049218750000000006 0.060546875
0 0.022656250000000003 0.69091796875 0.045312500000000006 0.0576171875
0 0.18085937500000002 0.5244140625 0.04453125 0.056640625
0 0.55234375 0.751953125 0.05 0.060546875
0 0.8226562500000001 0.17626953125 0.051562500000000004 0.0615234375
0 0.184375 0.72021484375 0.05625 0.0595703125
0 0.11992187500000001 0.52099609375 0.047656250000000004 0.0673828125
0 0.23164062500000002 0.50634765625 0.041406250000000006 0.0634765625
0 0.06601562500000001 0.3701171875 0.03828125 0.056640625
0 0.494921875 0.34228515625 0.06796875000000001 0.0830078125
0 0.3828125 0.3984375 0.043750000000000004 0.06640625
0 0.27734375 0.75537109375 0.0625 0.0654296875
0 0.97265625 0.45947265625 0.053125000000000006 0.0673828125
0 0.8921875 0.36865234375 0.053125000000000006 0.0595703125
0 0.7308593750000001 0.720703125 0.04609375 0.060546875
0 0.7972656250000001 0.78857421875 0.047656250000000004 0.0654296875
0 0.927734375 0.42236328125 0.04296875 0.0556640625
0 0.6550781250000001 0.92724609375 0.041406250000000006 0.0478515625
0 0.6839843750000001 0.78515625 0.04453125 0.060546875
0 0.530859375 0.6650390625 0.055468750000000004 0.056640625
4 0.5703125 0.3662109375 0.045312500000000006 0.076171875
0 0.073046875 0.4892578125 0.049218750000000006 0.056640625
0 0.087890625 0.7041015625 0.04609375 0.056640625
0 0.369921875 0.95166015625 0.05234375 0.0615234375
0 0.51015625 0.4638671875 0.053125000000000006 0.0546875