0 0.384765625 0.1318359375 0.047656250000000004 0.052734375
0 0.13398437500000002 0.755859375 0.05859375 0.0703125
0 0.113671875 0.8359375 0.05234375 0.068359375
0 0.066796875 0.83056640625 0.047656250000000004 0.0556640625
0 0.052734375 0.93505859375 0.049218750000000006 0.0615234375
0 0.733984375 0.81689453125 0.057031250000000006 0.0810546875
0 0.9066406250000001 0.94091796875 0.04453125 0.0615234375
0 0.9109375000000001 0.75341796875 0.060937500000000006 0.0771484375
0 0.7718750000000001 0.736328125 0.05 0.064453125
0 0.17304687500000002 0.21435546875 0.05234375 0.0732421875
0 0.05625 0.5947265625 0.05 0.072265625
0 0.833203125 0.71533203125 0.05234375 0.0693359375
0 0.77734375 0.31396484375 0.0625 0.0791015625
0 0.10859375 0.40966796875 0.0671875 0.0791015625
4 0.7375 0.23876953125 0.053125000000000006 0.0712890625
0 0.516796875 0.298828125 0.049218750000000006 0.064453125
4 0.508984375 0.12158203125 0.049218750000000006 0.0595703125
0 0.158203125 0.5283203125 0.04453125 0.060546875
0 0.41015625 0.51123046875 0.0484375 0.0595703125
4 0.22109375 0.236328125 0.05 0.06640625
0 0.7828125 0.904296875 0.05 0.0625
0 0.9625 0.92138671875 0.0484375 0.0537109375
0 0.34023437500000003 0.38671875 0.049218750000000006 0.068359375
0 0.41718750000000004 0.8203125 0.043750000000000004 0.05078125
0 0.11484375000000001 0.1064453125 0.06406250000000001 0.080078125
1 0.5890625 0.49755859375 0.0328125 0.0361328125
0 0.86640625 0.912109375 0.037500000000000006 0.05078125
0 0.40664062500000003 0.2802734375 0.041406250000000006 0.056640625
0 0.46406250000000004 0.28125 0.043750000000000004 0.0546875
0 0.27773437500000003 0.0478515625 0.04296875 0.060546875