0 0.26796875000000003 0.5859375 0.053125000000000006 0.06640625
0 0.722265625 0.541015625 0.049218750000000006 0.06640625
0 0.6828125 0.7578125 0.05625 0.068359375
0 0.11289062500000001 0.56396484375 0.05390625 0.0458984375
0 0.290234375 0.19677734375 0.05234375 0.0693359375
4 0.8757812500000001 0.46923828125 0.0421875 0.0517578125
0 0.500390625 0.10986328125 0.05234375 0.0810546875
0 0.096875 0.154296875 0.05 0.0625
0 0.15703125 0.3017578125 0.059375000000000004 0.08203125
0 0.743359375 0.447265625 0.04296875 0.056640625
4 0.76953125 0.54736328125 0.043750000000000004 0.0556640625
0 0.930859375 0.4697265625 0.049218750000000006 0.06640625
4 0.186328125 0.70458984375 0.04609375 0.0576171875
0 0.36445312500000004 0.1474609375 0.08515625 0.111328125
0 0.115625 0.47900390625 0.05625 0.0654296875
0 0.037109375 0.6474609375 0.04453125 0.05859375
0 0.37265625 0.84033203125 0.0421875 0.0576171875
0 0.7664062500000001 0.32861328125 0.043750000000000004 0.0498046875
0 0.525 0.03515625 0.043750000000000004 0.056640625
0 0.423828125 0.37353515625 0.04453125 0.0595703125
0 0.948828125 0.1796875 0.05078125 0.064453125
0 0.6511718750000001 0.4462890625 0.07421875 0.083984375
0 0.34921875 0.75439453125 0.05 0.0595703125