0 0.966796875 0.7041015625 0.06484375 0.08984375
0 0.27421875 0.68359375 0.06875 0.08984375
0 0.08828125 0.73486328125 0.0671875 0.0888671875
0 0.128515625 0.5791015625 0.05390625 0.07421875
0 0.0421875 0.4658203125 0.059375000000000004 0.078125
4 0.692578125 0.16015625 0.049218750000000006 0.064453125
1 0.48867187500000003 0.1982421875 0.025781250000000002 0.033203125
0 0.5925781250000001 0.36669921875 0.057031250000000006 0.0791015625
0 0.8503906250000001 0.4248046875 0.05390625 0.064453125
0 0.7578125 0.0546875 0.0578125 0.0703125
0 0.43085937500000004 0.9091796875 0.05859375 0.076171875
0 0.23828125 0.1513671875 0.053125000000000006 0.068359375
0 0.18359375 0.572265625 0.053125000000000006 0.0625
0 0.45234375000000004 0.45556640625 0.05625 0.0712890625
0 0.74765625 0.57470703125 0.05625 0.0654296875
0 0.65390625 0.70751953125 0.045312500000000006 0.0576171875
0 0.7054687500000001 0.92041015625 0.0484375 0.0576171875
0 0.59296875 0.06640625 0.051562500000000004 0.05859375
0 0.122265625 0.35498046875 0.05234375 0.0634765625