0 0.7621093750000001 0.54052734375 0.06015625 0.0712890625
0 0.5710937500000001 0.7080078125 0.065625 0.083984375
0 0.274609375 0.755859375 0.057031250000000006 0.0703125
0 0.43515625 0.54833984375 0.0578125 0.0732421875
0 0.34687500000000004 0.59912109375 0.0625 0.0810546875
0 0.393359375 0.95751953125 0.057031250000000006 0.0595703125
0 0.585546875 0.89892578125 0.05234375 0.0595703125
0 0.90546875 0.03076171875 0.045312500000000006 0.0595703125
0 0.930859375 0.45654296875 0.05078125 0.0771484375
0 0.8296875 0.3515625 0.05 0.060546875
0 0.354296875 0.7998046875 0.06015625 0.07421875
0 0.6433593750000001 0.61962890625 0.047656250000000004 0.0576171875
0 0.44921875 0.056640625 0.0671875 0.083984375
0 0.8203125 0.0732421875 0.037500000000000006 0.05078125
0 0.865234375 0.08984375 0.049218750000000006 0.06640625
0 0.8953125000000001 0.3759765625 0.040625 0.052734375
0 0.7078125000000001 0.73828125 0.0484375 0.060546875
0 0.63828125 0.7431640625 0.051562500000000004 0.0546875
0 0.537109375 0.8505859375 0.03671875 0.05078125
1 0.23984375000000002 0.88818359375 0.028125 0.0341796875
0 0.162890625 0.76806640625 0.049218750000000006 0.0634765625
2 0.1265625 0.1767578125 0.0328125 0.041015625
0 0.38398437500000004 0.48779296875 0.04609375 0.0537109375
4 0.29453125 0.63818359375 0.05 0.0615234375
0 0.500390625 0.970703125 0.04609375 0.056640625
0 0.675390625 0.40869140625 0.05234375 0.0673828125
0 0.929296875 0.29052734375 0.05859375 0.0654296875
0 0.22109375 0.43212890625 0.0546875 0.0673828125
0 0.9187500000000001 0.66650390625 0.043750000000000004 0.0615234375
0 0.806640625 0.4345703125 0.04609375 0.05859375
0 0.8367187500000001 0.16259765625 0.053125000000000006 0.0654296875
0 0.862890625 0.75927734375 0.04453125 0.0595703125
0 0.480078125 0.80078125 0.04296875 0.05078125
0 0.8265625000000001 0.67626953125 0.0484375 0.0556640625
0 0.8207031250000001 0.77294921875 0.04296875 0.0556640625
0 0.37890625 0.8681640625 0.0625 0.072265625
0 0.712890625 0.271484375 0.04453125 0.05859375
0 0.475390625 0.30615234375 0.047656250000000004 0.0576171875
0 0.59140625 0.3828125 0.045312500000000006 0.05859375
0 0.216796875 0.7255859375 0.04453125 0.052734375
0 0.70625 0.95751953125 0.053125000000000006 0.0634765625
0 0.5765625 0.09765625 0.043750000000000004 0.0625
4 0.24453125 0.939453125 0.045312500000000006 0.05859375
0 0.023828125000000002 0.83935546875 0.04609375 0.0595703125