0 0.2734375 0.30126953125 0.065625 0.0771484375
0 0.058984375000000006 0.86767578125 0.06015625 0.0771484375
0 0.48359375000000004 0.60986328125 0.060937500000000006 0.0712890625
0 0.40742187500000004 0.75732421875 0.05390625 0.0693359375
0 0.9281250000000001 0.89404296875 0.05625 0.0732421875
0 0.23945312500000002 0.4755859375 0.049218750000000006 0.06640625
0 0.464453125 0.41015625 0.06328125 0.080078125
0 0.02421875 0.18359375 0.0484375 0.0703125
0 0.094140625 0.1708984375 0.06484375 0.091796875
0 0.28554687500000003 0.03173828125 0.06015625 0.0615234375
0 0.616796875 0.17041015625 0.04296875 0.0537109375
1 0.7722656250000001 0.58740234375 0.02421875 0.0341796875
0 0.8402343750000001 0.20458984375 0.04453125 0.0595703125
0 0.683203125 0.208984375 0.041406250000000006 0.05078125
4 0.65546875 0.31494140625 0.0484375 0.0537109375
0 0.665625 0.14892578125 0.0484375 0.0537109375
0 0.10117187500000001 0.505859375 0.05078125 0.06640625
0 0.15585937500000002 0.40966796875 0.05078125 0.0693359375
0 0.076171875 0.375 0.05234375 0.05859375
0 0.6312500000000001 0.8740234375 0.053125000000000006 0.060546875
4 0.478125 0.6943359375 0.0484375 0.06640625