0 0.369921875 0.904296875 0.06015625 0.068359375
0 0.44609375 0.826171875 0.059375000000000004 0.0859375
0 0.22265625 0.8623046875 0.0546875 0.060546875
0 0.140234375 0.8466796875 0.05390625 0.064453125
0 0.11601562500000001 0.76953125 0.05390625 0.0703125
0 0.770703125 0.89697265625 0.06640625 0.0791015625
0 0.598828125 0.888671875 0.047656250000000004 0.05859375
0 0.08515625 0.57958984375 0.046875 0.0634765625
0 0.341796875 0.41455078125 0.055468750000000004 0.0673828125
0 0.34023437500000003 0.3056640625 0.06953125 0.083984375
4 0.21445312500000002 0.30126953125 0.047656250000000004 0.0615234375
0 0.744140625 0.17333984375 0.057031250000000006 0.0771484375
0 0.597265625 0.0390625 0.06015625 0.078125
0 0.765234375 0.2626953125 0.06640625 0.091796875
0 0.9343750000000001 0.2626953125 0.0484375 0.06640625
0 0.8324218750000001 0.8369140625 0.04296875 0.064453125
0 0.340625 0.77197265625 0.051562500000000004 0.0654296875
0 0.5984375000000001 0.33740234375 0.046875 0.0576171875
2 0.8609375 0.45458984375 0.035937500000000004 0.0458984375
0 0.7253906250000001 0.8212890625 0.055468750000000004 0.064453125
0 0.8011718750000001 0.07763671875 0.05078125 0.0595703125
1 0.397265625 0.17529296875 0.030468750000000003 0.0361328125
0 0.19687500000000002 0.80859375 0.05 0.0625
0 0.180078125 0.91064453125 0.05234375 0.0771484375
0 0.43515625 0.8984375 0.040625 0.0625
0 0.596875 0.83203125 0.0484375 0.0546875
0 0.5671875000000001 0.43310546875 0.043750000000000004 0.0576171875
0 0.9246093750000001 0.3759765625 0.04609375 0.0625
0 0.634375 0.1357421875 0.0484375 0.060546875
0 0.1859375 0.0341796875 0.051562500000000004 0.064453125
0 0.6628906250000001 0.89599609375 0.04296875 0.0517578125
0 0.864453125 0.5615234375 0.04609375 0.06640625
4 0.925390625 0.83056640625 0.055468750000000004 0.0732421875
4 0.55 0.13623046875 0.0390625 0.0498046875