0 0.8875000000000001 0.623046875 0.0484375 0.064453125
1 0.7054687500000001 0.703125 0.025 0.03125
0 0.448828125 0.8828125 0.05859375 0.078125
0 0.21875 0.9736328125 0.0421875 0.046875
0 0.24453125 0.9248046875 0.046875 0.068359375
1 0.36835937500000004 0.52587890625 0.025781250000000002 0.0380859375
4 0.472265625 0.45849609375 0.04609375 0.0615234375
0 0.482421875 0.21826171875 0.04453125 0.0556640625
0 0.5105468750000001 0.17041015625 0.041406250000000006 0.0556640625
1 0.176171875 0.35400390625 0.030468750000000003 0.0341796875
0 0.18359375 0.40185546875 0.045312500000000006 0.0634765625
0 0.19609375 0.46875 0.051562500000000004 0.072265625
1 0.259765625 0.44140625 0.02890625 0.03515625
4 0.93515625 0.06640625 0.0546875 0.076171875
1 0.7996093750000001 0.66796875 0.030468750000000003 0.037109375
4 0.374609375 0.3388671875 0.05859375 0.072265625
4 0.42109375000000004 0.28125 0.059375000000000004 0.072265625
3 0.9144531250000001 0.2001953125 0.057031250000000006 0.080078125