1 0.5007812500000001 0.21044921875 0.0328125 0.0439453125
1 0.25703125 0.24658203125 0.028125 0.0341796875
1 0.326171875 0.2509765625 0.02890625 0.03125
1 0.3328125 0.38037109375 0.035937500000000004 0.0380859375
1 0.30898437500000003 0.4072265625 0.041406250000000006 0.048828125
1 0.875 0.23681640625 0.029687500000000002 0.0400390625
1 0.6484375 0.4345703125 0.029687500000000002 0.037109375
1 0.083203125 0.44970703125 0.041406250000000006 0.0439453125
1 0.16523437500000002 0.26025390625 0.032031250000000004 0.0400390625
3 0.5632812500000001 0.68505859375 0.051562500000000004 0.0634765625
1 0.087109375 0.68408203125 0.030468750000000003 0.0361328125
1 0.19453125000000002 0.8212890625 0.021875000000000002 0.03515625
1 0.209765625 0.74853515625 0.030468750000000003 0.0361328125
1 0.40937500000000004 0.89599609375 0.0234375 0.0341796875
1 0.601171875 0.81640625 0.025781250000000002 0.033203125
1 0.6609375000000001 0.5654296875 0.0234375 0.037109375
1 0.8636718750000001 0.55322265625 0.02734375 0.0322265625
1 0.986328125 0.3349609375 0.025781250000000002 0.037109375
1 0.987890625 0.4287109375 0.022656250000000003 0.03515625
1 0.9546875 0.654296875 0.03125 0.03125
1 0.074609375 0.19970703125 0.02734375 0.0380859375
1 0.369140625 0.0478515625 0.032031250000000004 0.037109375
1 0.2421875 0.435546875 0.029687500000000002 0.03515625
1 0.03515625 0.75634765625 0.029687500000000002 0.0341796875
1 0.53828125 0.974609375 0.026562500000000003 0.033203125
1 0.7992187500000001 0.87060546875 0.03125 0.0361328125
1 0.8234375 0.41943359375 0.021875000000000002 0.0322265625
1 0.859375 0.42822265625 0.026562500000000003 0.0341796875
1 0.9539062500000001 0.498046875 0.026562500000000003 0.033203125
1 0.7371093750000001 0.10546875 0.02890625 0.029296875
1 0.9613281250000001 0.12744140625 0.025781250000000002 0.0302734375
1 0.023046875 0.546875 0.02890625 0.033203125
1 0.14179687500000002 0.58154296875 0.02734375 0.0322265625
1 0.119140625 0.2734375 0.030468750000000003 0.03125
1 0.48515625 0.70947265625 0.029687500000000002 0.0302734375
1 0.83125 0.65966796875 0.025 0.0322265625
1 0.60859375 0.5048828125 0.028125 0.037109375
1 0.38007812500000004 0.12353515625 0.02734375 0.0302734375
1 0.29726562500000003 0.24560546875 0.025781250000000002 0.0341796875
1 0.60546875 0.40869140625 0.026562500000000003 0.0361328125
1 0.139453125 0.3984375 0.02109375 0.03125
1 0.45351562500000003 0.865234375 0.025781250000000002 0.037109375