0 0.610546875 0.81787109375 0.057031250000000006 0.0654296875
2 0.7250000000000001 0.658203125 0.045312500000000006 0.064453125
0 0.8265625000000001 0.30419921875 0.06406250000000001 0.0830078125
0 0.7914062500000001 0.36865234375 0.040625 0.0556640625
0 0.509375 0.5341796875 0.051562500000000004 0.064453125
0 0.20078125000000002 0.32421875 0.05 0.056640625
0 0.55859375 0.4775390625 0.051562500000000004 0.064453125
2 0.9359375000000001 0.79150390625 0.0421875 0.0576171875
4 0.35195312500000003 0.6015625 0.06015625 0.064453125
4 0.38593750000000004 0.5439453125 0.0546875 0.06640625
0 0.66171875 0.41455078125 0.05625 0.0771484375