4 0.5242187500000001 0.47119140625 0.060937500000000006 0.0712890625
4 0.43476562500000004 0.5087890625 0.05234375 0.0859375
0 0.741796875 0.130859375 0.05078125 0.064453125
0 0.520703125 0.65869140625 0.05390625 0.0615234375
4 0.441015625 0.7548828125 0.05859375 0.080078125
0 0.4703125 0.685546875 0.0578125 0.072265625
0 0.49726562500000004 0.6142578125 0.047656250000000004 0.056640625
0 0.41835937500000003 0.65869140625 0.049218750000000006 0.0654296875
3 0.353125 0.74853515625 0.1296875 0.1611328125
1 0.634765625 0.95654296875 0.025781250000000002 0.0380859375
0 0.6664062500000001 0.4951171875 0.046875 0.06640625
4 0.702734375 0.18798828125 0.049218750000000006 0.0771484375
0 0.5515625000000001 0.59326171875 0.0625 0.0712890625
3 0.7972656250000001 0.10693359375 0.06328125 0.0869140625
4 0.582421875 0.47509765625 0.05859375 0.0712890625