0 0.6082031250000001 0.4716796875 0.06171875 0.076171875
0 0.5378906250000001 0.6015625 0.049218750000000006 0.0625
0 0.44648437500000004 0.59326171875 0.04453125 0.0615234375
4 0.5183593750000001 0.51318359375 0.06484375 0.0791015625
0 0.46406250000000004 0.51953125 0.05625 0.07421875
1 0.33046875000000003 0.11767578125 0.03125 0.0380859375
1 0.941015625 0.89306640625 0.025781250000000002 0.0400390625
4 0.41132812500000004 0.5458984375 0.057031250000000006 0.072265625
0 0.626171875 0.521484375 0.041406250000000006 0.0546875
4 0.114453125 0.130859375 0.04453125 0.056640625
3 0.42265625 0.46484375 0.07500000000000001 0.09765625
0 0.5886718750000001 0.55859375 0.041406250000000006 0.060546875