0 0.4453125 0.7431640625 0.05 0.064453125
0 0.49843750000000003 0.68310546875 0.05 0.0576171875
2 0.52265625 0.74072265625 0.03125 0.0419921875
0 0.3765625 0.67919921875 0.0421875 0.0556640625
4 0.544140625 0.53759765625 0.06328125 0.0751953125
2 0.8046875 0.5126953125 0.037500000000000006 0.046875
2 0.784765625 0.5986328125 0.03828125 0.046875
1 0.144140625 0.8134765625 0.030468750000000003 0.04296875
1 0.60859375 0.73486328125 0.026562500000000003 0.0380859375
0 0.49257812500000003 0.74853515625 0.04609375 0.0537109375
0 0.408984375 0.576171875 0.057031250000000006 0.072265625