4 0.362109375 0.783203125 0.08515625 0.103515625
4 0.3328125 0.67919921875 0.084375 0.1083984375
4 0.08203125 0.87353515625 0.0625 0.0791015625
4 0.5007812500000001 0.1982421875 0.059375000000000004 0.07421875
4 0.6328125 0.17822265625 0.0578125 0.0712890625
4 0.7515625 0.712890625 0.0546875 0.068359375
0 0.19062500000000002 0.68115234375 0.06406250000000001 0.0732421875
0 0.21992187500000002 0.736328125 0.047656250000000004 0.056640625
0 0.176171875 0.55517578125 0.06640625 0.0810546875
0 0.233203125 0.44482421875 0.05234375 0.0556640625
0 0.26992187500000003 0.4189453125 0.05234375 0.064453125
0 0.18125000000000002 0.39697265625 0.065625 0.0751953125
0 0.6726562500000001 0.57421875 0.0671875 0.07421875
0 0.371875 0.279296875 0.07187500000000001 0.087890625
0 0.42265625 0.287109375 0.05 0.0625
0 0.44375000000000003 0.23095703125 0.059375000000000004 0.0693359375
0 0.315234375 0.21435546875 0.049218750000000006 0.0634765625
1 0.519921875 0.73876953125 0.030468750000000003 0.0400390625
1 0.523046875 0.88623046875 0.030468750000000003 0.0458984375
4 0.5515625000000001 0.4765625 0.065625 0.091796875
0 0.594921875 0.53076171875 0.05078125 0.0517578125
0 0.79453125 0.4609375 0.051562500000000004 0.068359375
0 0.32656250000000003 0.1201171875 0.045312500000000006 0.05078125
0 0.661328125 0.11572265625 0.05234375 0.0576171875
0 0.03671875 0.8271484375 0.034375 0.048828125
0 0.69296875 0.2626953125 0.043750000000000004 0.052734375
0 0.7347656250000001 0.234375 0.04296875 0.046875
0 0.7210937500000001 0.13623046875 0.051562500000000004 0.0751953125
2 0.10390625 0.71826171875 0.040625 0.0537109375
4 0.7097656250000001 0.45068359375 0.07109375 0.0712890625
0 0.3046875 0.51953125 0.0578125 0.0625
0 0.73984375 0.3017578125 0.0578125 0.06640625
4 0.404296875 0.86669921875 0.06953125 0.0947265625
4 0.225390625 0.1455078125 0.06640625 0.06640625
4 0.607421875 0.4638671875 0.055468750000000004 0.068359375