0 0.555859375 0.56689453125 0.04453125 0.0556640625
4 0.40625 0.27734375 0.05 0.0546875
4 0.466796875 0.30859375 0.04609375 0.05859375
4 0.37421875000000004 0.3427734375 0.053125000000000006 0.06640625
4 0.40546875000000004 0.38818359375 0.05 0.0673828125
0 0.5 0.365234375 0.046875 0.052734375
0 0.500390625 0.4765625 0.047656250000000004 0.0546875
0 0.328125 0.47265625 0.0421875 0.048828125
1 0.41523437500000004 0.48681640625 0.022656250000000003 0.0322265625
1 0.2015625 0.29638671875 0.021875000000000002 0.0322265625
0 0.2671875 0.05078125 0.0703125 0.078125
4 0.47695312500000003 0.22314453125 0.05859375 0.0693359375
4 0.6175781250000001 0.59765625 0.07421875 0.091796875
4 0.504296875 0.5341796875 0.06015625 0.072265625
4 0.521484375 0.26513671875 0.06015625 0.0751953125