0 0.3375 0.79150390625 0.053125000000000006 0.0654296875
0 0.42695312500000004 0.91064453125 0.039843750000000004 0.0478515625
1 0.14921875 0.93212890625 0.026562500000000003 0.0341796875
4 0.08828125 0.6416015625 0.05 0.068359375
0 0.146875 0.56103515625 0.0546875 0.0712890625
0 0.246875 0.61572265625 0.0484375 0.0595703125
0 0.0484375 0.40380859375 0.051562500000000004 0.0595703125
1 0.673828125 0.56201171875 0.02734375 0.0341796875
0 0.6746093750000001 0.607421875 0.04609375 0.05859375
0 0.462890625 0.86181640625 0.06640625 0.0830078125
0 0.872265625 0.09130859375 0.04453125 0.0634765625
0 0.22421875000000002 0.298828125 0.051562500000000004 0.064453125
0 0.111328125 0.3134765625 0.039843750000000004 0.064453125
0 0.169921875 0.26220703125 0.039843750000000004 0.0537109375
4 0.3015625 0.1796875 0.045312500000000006 0.0625
1 0.573828125 0.03369140625 0.032031250000000004 0.0419921875
0 0.039843750000000004 0.0927734375 0.0546875 0.0703125
0 0.47304687500000003 0.60546875 0.039843750000000004 0.048828125
4 0.4609375 0.1611328125 0.0625 0.068359375
4 0.865234375 0.7607421875 0.07109375 0.095703125
0 0.509375 0.15087890625 0.0484375 0.0654296875
4 0.6312500000000001 0.2490234375 0.0703125 0.080078125