0 0.6824218750000001 0.93603515625 0.047656250000000004 0.0634765625
0 0.73046875 0.947265625 0.05 0.0625
0 0.815625 0.88037109375 0.040625 0.0595703125
0 0.810546875 0.8232421875 0.055468750000000004 0.056640625
0 0.703125 0.88037109375 0.05 0.0634765625
0 0.7230468750000001 0.78515625 0.049218750000000006 0.0625
0 0.6824218750000001 0.7421875 0.04453125 0.05859375
0 0.874609375 0.564453125 0.04296875 0.056640625
4 0.618359375 0.54833984375 0.049218750000000006 0.0732421875
0 0.6429687500000001 0.734375 0.034375 0.0546875
1 0.315234375 0.337890625 0.025781250000000002 0.03125
0 0.303515625 0.2373046875 0.041406250000000006 0.05078125
0 0.265625 0.14697265625 0.0390625 0.0537109375
0 0.207421875 0.0869140625 0.05859375 0.083984375
0 0.16171875000000002 0.11376953125 0.0484375 0.0556640625
0 0.244140625 0.0361328125 0.05078125 0.072265625
1 0.05390625 0.5732421875 0.026562500000000003 0.033203125
4 0.13203125000000002 0.19091796875 0.053125000000000006 0.0712890625
2 0.44843750000000004 0.80517578125 0.03125 0.0400390625
4 0.34609375000000003 0.8515625 0.0546875 0.076171875
0 0.69296875 0.654296875 0.040625 0.056640625
0 0.047656250000000004 0.8076171875 0.051562500000000004 0.08203125
4 0.3515625 0.265625 0.065625 0.083984375
4 0.56171875 0.83740234375 0.053125000000000006 0.0634765625
0 0.763671875 0.66357421875 0.05078125 0.0712890625
0 0.431640625 0.67822265625 0.055468750000000004 0.0654296875
3 0.1015625 0.26416015625 0.08281250000000001 0.1005859375
4 0.45078125 0.43310546875 0.059375000000000004 0.0732421875
4 0.666015625 0.5869140625 0.07109375 0.078125
0 0.734375 0.83935546875 0.0484375 0.0537109375