0 0.30234375 0.95263671875 0.046875 0.0576171875
0 0.3484375 0.92138671875 0.05625 0.0869140625
0 0.38710937500000003 0.87451171875 0.047656250000000004 0.0712890625
0 0.30625 0.88623046875 0.043750000000000004 0.0498046875
4 0.50546875 0.791015625 0.051562500000000004 0.068359375
4 0.55859375 0.80517578125 0.06406250000000001 0.0869140625
0 0.3515625 0.8505859375 0.037500000000000006 0.0546875
0 0.69140625 0.736328125 0.046875 0.056640625
0 0.719921875 0.65380859375 0.04453125 0.0576171875
4 0.8359375 0.734375 0.05 0.068359375
0 0.8246093750000001 0.62158203125 0.05078125 0.0634765625
0 0.9402343750000001 0.451171875 0.05078125 0.05859375
0 0.65 0.17333984375 0.0484375 0.0693359375
0 0.6625000000000001 0.0673828125 0.0546875 0.072265625
4 0.610546875 0.08056640625 0.04453125 0.0576171875
0 0.11953125 0.1162109375 0.05 0.05859375
4 0.17500000000000002 0.11376953125 0.053125000000000006 0.0654296875
0 0.03125 0.07275390625 0.037500000000000006 0.0517578125
1 0.16953125000000002 0.57666015625 0.026562500000000003 0.0380859375
4 0.471484375 0.7080078125 0.055468750000000004 0.0703125
0 0.3984375 0.72412109375 0.0625 0.0693359375
4 0.26601562500000003 0.19091796875 0.05390625 0.0693359375