0 0.18476562500000002 0.24365234375 0.06640625 0.0712890625
0 0.203515625 0.3017578125 0.05390625 0.072265625
0 0.278125 0.60205078125 0.053125000000000006 0.0673828125
4 0.2265625 0.65576171875 0.0625 0.0771484375
3 0.24921875000000002 0.86083984375 0.0765625 0.1044921875
4 0.32851562500000003 0.83349609375 0.06796875000000001 0.0810546875
0 0.37929687500000003 0.78076171875 0.06328125 0.0830078125
0 0.7601562500000001 0.70166015625 0.0484375 0.0654296875
0 0.6722656250000001 0.66748046875 0.05078125 0.0654296875
0 0.638671875 0.41748046875 0.05078125 0.0732421875
4 0.87265625 0.2744140625 0.045312500000000006 0.056640625
0 0.931640625 0.27587890625 0.047656250000000004 0.0576171875
0 0.44570312500000003 0.3447265625 0.05078125 0.06640625
0 0.252734375 0.7734375 0.047656250000000004 0.068359375
0 0.436328125 0.77490234375 0.05234375 0.0673828125
4 0.8050781250000001 0.37548828125 0.05859375 0.0771484375
0 0.54140625 0.2744140625 0.051562500000000004 0.064453125
0 0.2609375 0.71435546875 0.0484375 0.0556640625
4 0.6257812500000001 0.34765625 0.0578125 0.076171875
4 0.413671875 0.287109375 0.049218750000000006 0.06640625