0 0.078125 0.52880859375 0.053125000000000006 0.0732421875
0 0.0546875 0.58984375 0.053125000000000006 0.0625
0 0.098828125 0.68896484375 0.05078125 0.0595703125
3 0.11640625 0.58544921875 0.0671875 0.0927734375
0 0.17148437500000002 0.5966796875 0.04453125 0.05859375
0 0.45546875000000003 0.73291015625 0.0484375 0.0634765625
0 0.52890625 0.7216796875 0.0484375 0.060546875
0 0.58515625 0.70703125 0.045312500000000006 0.068359375
4 0.6488281250000001 0.6015625 0.05234375 0.05859375
0 0.88203125 0.62109375 0.0578125 0.05859375
0 0.9593750000000001 0.5625 0.043750000000000004 0.05078125
4 0.8386718750000001 0.556640625 0.06484375 0.0859375
4 0.4609375 0.66796875 0.0578125 0.06640625
4 0.634375 0.53662109375 0.065625 0.0830078125
4 0.7937500000000001 0.6962890625 0.0578125 0.076171875