0 0.14140625 0.64306640625 0.051562500000000004 0.0693359375
0 0.22968750000000002 0.61279296875 0.060937500000000006 0.0771484375
0 0.27968750000000003 0.58349609375 0.046875 0.0576171875
0 0.32265625000000003 0.5693359375 0.043750000000000004 0.0546875
0 0.24921875000000002 0.55029296875 0.0390625 0.0458984375
3 0.524609375 0.46337890625 0.06953125 0.1005859375
0 0.6488281250000001 0.42724609375 0.05078125 0.0712890625
0 0.60546875 0.4013671875 0.035937500000000004 0.052734375
0 0.51484375 0.38525390625 0.0484375 0.0556640625
0 0.6000000000000001 0.31005859375 0.045312500000000006 0.0615234375
0 0.6125 0.2548828125 0.045312500000000006 0.0546875
0 0.7289062500000001 0.3544921875 0.046875 0.060546875
0 0.69453125 0.40087890625 0.053125000000000006 0.0595703125
0 0.7296875 0.2998046875 0.053125000000000006 0.05859375