0 0.34921875 0.19921875 0.07500000000000001 0.0859375
0 0.170703125 0.52978515625 0.06171875 0.0810546875
4 0.0671875 0.8408203125 0.05 0.060546875
2 0.574609375 0.57470703125 0.03671875 0.0537109375
2 0.57421875 0.66943359375 0.028125 0.0361328125
0 0.42500000000000004 0.41064453125 0.060937500000000006 0.0751953125
0 0.515234375 0.470703125 0.039843750000000004 0.04296875
0 0.343359375 0.34716796875 0.04453125 0.0654296875
1 0.37539062500000003 0.3173828125 0.02421875 0.03125
0 0.48203125 0.2978515625 0.059375000000000004 0.078125
1 0.6664062500000001 0.25048828125 0.021875000000000002 0.0341796875
1 0.7734375 0.64306640625 0.028125 0.0380859375
4 0.6195312500000001 0.92236328125 0.0625 0.0693359375