0 0.960546875 0.28076171875 0.041406250000000006 0.0556640625
0 0.901953125 0.46923828125 0.05078125 0.0771484375
0 0.74375 0.3759765625 0.0546875 0.06640625
0 0.6203125 0.60791015625 0.034375 0.0458984375
0 0.55234375 0.30615234375 0.0625 0.0830078125
0 0.491796875 0.33984375 0.05078125 0.064453125
0 0.658203125 0.4501953125 0.05078125 0.0625
0 0.845703125 0.5712890625 0.05390625 0.0859375
0 0.134765625 0.69140625 0.05078125 0.068359375
0 0.094140625 0.75537109375 0.057031250000000006 0.0712890625
1 0.22382812500000002 0.765625 0.02734375 0.03125
0 0.23398437500000002 0.39892578125 0.055468750000000004 0.0693359375
4 0.122265625 0.60595703125 0.047656250000000004 0.0556640625
0 0.6726562500000001 0.50927734375 0.045312500000000006 0.0673828125
1 0.416796875 0.3798828125 0.02734375 0.0390625
0 0.6253906250000001 0.294921875 0.03828125 0.052734375
0 0.562109375 0.369140625 0.03515625 0.05078125
0 0.07382812500000001 0.603515625 0.04453125 0.0625
0 0.8171875000000001 0.08740234375 0.051562500000000004 0.0712890625
1 0.726171875 0.896484375 0.02109375 0.029296875
0 0.551171875 0.95849609375 0.05390625 0.0771484375
1 0.51484375 0.95166015625 0.025 0.0341796875
0 0.76953125 0.9765625 0.0390625 0.044921875
1 0.8347656250000001 0.75439453125 0.025781250000000002 0.0341796875
0 0.583984375 0.6337890625 0.05078125 0.068359375
0 0.33359375 0.3447265625 0.045312500000000006 0.052734375
2 0.152734375 0.2646484375 0.03671875 0.04296875
0 0.8703125 0.34423828125 0.05625 0.0830078125
0 0.51171875 0.5166015625 0.0484375 0.064453125
0 0.625 0.5009765625 0.059375000000000004 0.06640625
0 0.80078125 0.24853515625 0.046875 0.0537109375
4 0.6566406250000001 0.91796875 0.07109375 0.087890625
0 0.916015625 0.95361328125 0.06171875 0.0751953125