0 0.107421875 0.72705078125 0.06328125 0.0791015625
0 0.6421875 0.90234375 0.07187500000000001 0.09765625
3 0.5554687500000001 0.8251953125 0.1296875 0.185546875
4 0.476171875 0.9267578125 0.05078125 0.05859375
3 0.581640625 0.525390625 0.13984375000000002 0.181640625
0 0.36640625000000004 0.70947265625 0.053125000000000006 0.0673828125
0 0.9300781250000001 0.48486328125 0.057031250000000006 0.0595703125
0 0.81953125 0.232421875 0.051562500000000004 0.07421875
4 0.47578125000000004 0.26611328125 0.0546875 0.0634765625
4 0.39960937500000004 0.41064453125 0.05234375 0.0654296875
0 0.20859375000000002 0.75 0.045312500000000006 0.0546875
0 0.47421875 0.9794921875 0.0390625 0.0390625
4 0.61328125 0.27099609375 0.060937500000000006 0.0791015625
0 0.899609375 0.43603515625 0.039843750000000004 0.0576171875
0 0.31328125 0.40625 0.06406250000000001 0.0703125
4 0.5421875 0.2216796875 0.059375000000000004 0.080078125
0 0.546875 0.64599609375 0.06875 0.0771484375