0 0.19375 0.43017578125 0.0703125 0.0849609375
0 0.41718750000000004 0.453125 0.0546875 0.068359375
0 0.55234375 0.54296875 0.053125000000000006 0.068359375
0 0.59140625 0.58740234375 0.0578125 0.0712890625
0 0.58828125 0.50341796875 0.0546875 0.0693359375
0 0.6253906250000001 0.541015625 0.049218750000000006 0.05859375
0 0.7523437500000001 0.41552734375 0.059375000000000004 0.0791015625
4 0.6828125 0.5087890625 0.060937500000000006 0.05859375
0 0.547265625 0.3623046875 0.04453125 0.048828125
1 0.547265625 0.4013671875 0.022656250000000003 0.033203125
4 0.8046875 0.4501953125 0.06875 0.0859375
0 0.748046875 0.5439453125 0.08515625 0.09375