4 0.7875000000000001 0.04296875 0.051562500000000004 0.064453125
0 0.3515625 0.2255859375 0.045312500000000006 0.064453125
0 0.397265625 0.22119140625 0.04609375 0.0595703125
0 0.6000000000000001 0.4091796875 0.046875 0.064453125
0 0.528515625 0.1513671875 0.04609375 0.060546875
0 0.8343750000000001 0.11181640625 0.046875 0.0615234375
4 0.794921875 0.29541015625 0.06171875 0.0751953125
3 0.47890625000000003 0.541015625 0.0734375 0.09375
0 0.4734375 0.6796875 0.040625 0.056640625
4 0.543359375 0.93798828125 0.06171875 0.0771484375
0 0.6000000000000001 0.84521484375 0.05 0.0654296875
1 0.48984375 0.79150390625 0.025 0.0322265625
4 0.50703125 0.74951171875 0.051562500000000004 0.0673828125