0 0.630078125 0.24072265625 0.05078125 0.0556640625
0 0.6550781250000001 0.3291015625 0.049218750000000006 0.068359375
0 0.606640625 0.39794921875 0.05234375 0.0673828125
1 0.555078125 0.43603515625 0.025781250000000002 0.0341796875
0 0.8675781250000001 0.52294921875 0.041406250000000006 0.0517578125
0 0.923046875 0.50634765625 0.04296875 0.0595703125
4 0.739453125 0.4736328125 0.06171875 0.07421875
0 0.56640625 0.58544921875 0.0484375 0.0537109375
0 0.630078125 0.49951171875 0.041406250000000006 0.0439453125
0 0.17148437500000002 0.27685546875 0.05078125 0.0595703125
4 0.18281250000000002 0.76416015625 0.0546875 0.0732421875
4 0.24609375 0.55126953125 0.0546875 0.0654296875
0 0.3609375 0.583984375 0.0484375 0.060546875
1 0.09765625 0.92333984375 0.025 0.0322265625
4 0.680859375 0.47607421875 0.06328125 0.0732421875
4 0.22031250000000002 0.7099609375 0.0546875 0.076171875