4 0.5398437500000001 0.10498046875 0.051562500000000004 0.0634765625
4 0.484375 0.14208984375 0.0578125 0.0654296875
1 0.45820312500000004 0.0830078125 0.02109375 0.029296875
4 0.53125 0.17333984375 0.0546875 0.0673828125
0 0.566015625 0.81298828125 0.055468750000000004 0.0693359375
4 0.466796875 0.6806640625 0.05390625 0.068359375
4 0.4453125 0.76806640625 0.065625 0.0869140625
2 0.23359375000000002 0.91357421875 0.0390625 0.0537109375
3 0.6390625000000001 0.14697265625 0.1015625 0.1240234375
4 0.48085937500000003 0.20068359375 0.05390625 0.0615234375
0 0.5027343750000001 0.78857421875 0.055468750000000004 0.0576171875
4 0.580078125 0.27001953125 0.04453125 0.0595703125