0 0.36250000000000004 0.7841796875 0.0484375 0.05859375
0 0.41875 0.798828125 0.045312500000000006 0.052734375
1 0.4265625 0.849609375 0.021875000000000002 0.03125
0 0.36367187500000003 0.720703125 0.049218750000000006 0.064453125
4 0.566015625 0.662109375 0.07265625 0.091796875
0 0.45429687500000004 0.63134765625 0.047656250000000004 0.0556640625
4 0.456640625 0.57958984375 0.04296875 0.0595703125
0 0.41640625000000003 0.59033203125 0.0484375 0.0615234375
2 0.6277343750000001 0.5439453125 0.03515625 0.044921875
4 0.702734375 0.39013671875 0.05234375 0.0673828125
0 0.501171875 0.6484375 0.04609375 0.056640625
0 0.41875 0.47216796875 0.05 0.0576171875
1 0.14960937500000002 0.52099609375 0.025781250000000002 0.0341796875
1 0.37890625 0.41015625 0.0234375 0.033203125
4 0.369140625 0.44677734375 0.055468750000000004 0.0693359375
4 0.571484375 0.83642578125 0.06796875000000001 0.0888671875
0 0.020703125000000003 0.24462890625 0.041406250000000006 0.0615234375
4 0.591796875 0.5810546875 0.05859375 0.078125