3 0.28984375 0.0986328125 0.1078125 0.142578125
1 0.029296875 0.134765625 0.03359375 0.046875
3 0.51796875 0.21533203125 0.0625 0.0712890625
3 0.8171875000000001 0.53271484375 0.08281250000000001 0.1181640625
1 0.590234375 0.384765625 0.032031250000000004 0.046875
1 0.759765625 0.16552734375 0.030468750000000003 0.0439453125
3 0.2890625 0.85791015625 0.1203125 0.1591796875
3 0.36054687500000004 0.75244140625 0.08046875 0.1044921875
1 0.701171875 0.28515625 0.03359375 0.0390625
3 0.8113281250000001 0.40185546875 0.12421875 0.1259765625
4 0.16484375 0.4111328125 0.06406250000000001 0.087890625
1 0.189453125 0.85009765625 0.03671875 0.0419921875