4 0.712109375 0.93505859375 0.06953125 0.0986328125
4 0.8703125 0.076171875 0.0703125 0.08203125
2 0.6863281250000001 0.73046875 0.02890625 0.037109375
1 0.887890625 0.9140625 0.025781250000000002 0.033203125
3 0.7117187500000001 0.6298828125 0.0890625 0.1015625
0 0.38789062500000004 0.5009765625 0.06015625 0.076171875
3 0.353125 0.68115234375 0.08281250000000001 0.1298828125
4 0.45156250000000003 0.4853515625 0.0765625 0.09765625
1 0.251171875 0.48876953125 0.02734375 0.0380859375
1 0.14609375 0.748046875 0.028125 0.03515625
3 0.386328125 0.431640625 0.06171875 0.072265625
0 0.2484375 0.10107421875 0.0421875 0.0595703125
0 0.22226562500000002 0.20654296875 0.057031250000000006 0.0693359375
3 0.40234375 0.2041015625 0.0765625 0.115234375
1 0.46406250000000004 0.19921875 0.025 0.0390625
0 0.28828125 0.12353515625 0.051562500000000004 0.0830078125
1 0.6335937500000001 0.72021484375 0.03125 0.0400390625
2 0.776953125 0.2080078125 0.03671875 0.04296875
4 0.76171875 0.6904296875 0.0671875 0.078125
1 0.9789062500000001 0.5322265625 0.034375 0.044921875
0 0.470703125 0.36474609375 0.11015625000000001 0.1435546875
1 0.19375 0.9541015625 0.034375 0.04296875
4 0.762890625 0.908203125 0.06015625 0.080078125