1 0.15195312500000002 0.1435546875 0.03359375 0.04296875
1 0.4375 0.30810546875 0.025 0.0400390625
1 0.033984375000000004 0.40478515625 0.02890625 0.0400390625
1 0.16875 0.4423828125 0.034375 0.03515625
1 0.13828125 0.69482421875 0.0328125 0.0439453125
0 0.6984375 0.45166015625 0.115625 0.1396484375
1 0.464453125 0.55712890625 0.032031250000000004 0.0380859375
1 0.8597656250000001 0.52294921875 0.03359375 0.0478515625
1 0.970703125 0.75390625 0.03515625 0.04296875
2 0.41054687500000003 0.9111328125 0.04296875 0.04296875
1 0.21015625000000002 0.78564453125 0.03125 0.0380859375
0 0.36640625000000004 0.49560546875 0.07187500000000001 0.0849609375