3 0.144140625 0.24853515625 0.08203125 0.1103515625
1 0.060546875 0.1640625 0.02890625 0.0390625
1 0.09843750000000001 0.0302734375 0.0328125 0.046875
1 0.278125 0.107421875 0.028125 0.041015625
1 0.32343750000000004 0.306640625 0.0328125 0.046875
3 0.38359375 0.43701171875 0.10625000000000001 0.1357421875
3 0.30625 0.537109375 0.09843750000000001 0.134765625
1 0.22187500000000002 0.71435546875 0.0328125 0.0380859375
1 0.15937500000000002 0.84716796875 0.0328125 0.0458984375
1 0.040234375 0.90576171875 0.02734375 0.0439453125
1 0.15703125 0.68798828125 0.029687500000000002 0.0400390625
1 0.1375 0.9267578125 0.029687500000000002 0.03515625
1 0.096875 0.5361328125 0.03125 0.03515625
1 0.45429687500000004 0.63916015625 0.03671875 0.0380859375
1 0.597265625 0.73779296875 0.032031250000000004 0.0400390625
2 0.712109375 0.71240234375 0.02734375 0.0400390625
0 0.837109375 0.7099609375 0.05859375 0.0625
3 0.9105468750000001 0.57861328125 0.12109375 0.1923828125
3 0.890625 0.35107421875 0.09375 0.1455078125
1 0.794921875 0.47119140625 0.02734375 0.0341796875
1 0.749609375 0.205078125 0.032031250000000004 0.05078125
1 0.7742187500000001 0.08349609375 0.029687500000000002 0.0458984375