0 0.286328125 0.46142578125 0.09921875000000001 0.1181640625
0 0.31757812500000004 0.373046875 0.06015625 0.08203125
0 0.369140625 0.4423828125 0.07265625 0.09375
1 0.373828125 0.5400390625 0.030468750000000003 0.041015625
1 0.17578125 0.51806640625 0.0328125 0.0419921875
1 0.045312500000000006 0.06640625 0.03125 0.044921875
1 0.173828125 0.63134765625 0.03515625 0.0380859375
0 0.57578125 0.822265625 0.05 0.0703125
0 0.762890625 0.9150390625 0.05078125 0.060546875
1 0.8597656250000001 0.55517578125 0.02734375 0.0439453125
3 0.7132812500000001 0.77197265625 0.1046875 0.1337890625
3 0.8140625 0.30224609375 0.0734375 0.0986328125
3 0.6101562500000001 0.431640625 0.084375 0.091796875
1 0.884765625 0.27197265625 0.030468750000000003 0.0400390625
1 0.91015625 0.92822265625 0.029687500000000002 0.0341796875
3 0.39453125 0.25732421875 0.109375 0.1435546875
3 0.8425781250000001 0.79443359375 0.10703125000000001 0.0986328125
3 0.6828125 0.45947265625 0.078125 0.1025390625
3 0.43085937500000004 0.36083984375 0.09296875 0.1064453125
3 0.9089843750000001 0.57470703125 0.07578125000000001 0.0927734375
1 0.40351562500000004 0.9814453125 0.03515625 0.03515625
1 0.591015625 0.5107421875 0.032031250000000004 0.044921875