0 0.7609375 0.5068359375 0.09531250000000001 0.130859375
1 0.91328125 0.33447265625 0.037500000000000006 0.0478515625
1 0.888671875 0.2265625 0.032031250000000004 0.048828125
1 0.783203125 0.17578125 0.03671875 0.04296875
1 0.676953125 0.11962890625 0.03359375 0.0419921875
1 0.416796875 0.26904296875 0.03359375 0.0478515625
1 0.224609375 0.38623046875 0.03828125 0.0458984375
1 0.54453125 0.48046875 0.034375 0.04296875
1 0.8171875000000001 0.6533203125 0.03125 0.04296875
1 0.8269531250000001 0.81787109375 0.03671875 0.0458984375
1 0.861328125 0.92626953125 0.03671875 0.0419921875
0 0.265625 0.7939453125 0.07500000000000001 0.095703125
0 0.19140625 0.767578125 0.078125 0.08984375
1 0.6062500000000001 0.76806640625 0.034375 0.0478515625
1 0.377734375 0.52099609375 0.039843750000000004 0.0458984375
1 0.3875 0.76220703125 0.0328125 0.0400390625