0 0.8601562500000001 0.2978515625 0.0734375 0.103515625
0 0.5710937500000001 0.51904296875 0.06875 0.0888671875
3 0.765625 0.50927734375 0.0890625 0.0908203125
0 0.586328125 0.68408203125 0.06328125 0.0791015625
2 0.146484375 0.60009765625 0.04296875 0.0654296875
1 0.127734375 0.662109375 0.032031250000000004 0.04296875
1 0.039453125000000006 0.5625 0.03671875 0.04296875
1 0.130859375 0.5458984375 0.03515625 0.044921875
1 0.151171875 0.494140625 0.030468750000000003 0.05078125
1 0.89375 0.72412109375 0.040625 0.0439453125
2 0.618359375 0.921875 0.041406250000000006 0.05078125
1 0.703125 0.8896484375 0.035937500000000004 0.044921875
1 0.95078125 0.484375 0.0328125 0.046875
1 0.47773437500000004 0.32080078125 0.03515625 0.0361328125
1 0.653515625 0.146484375 0.032031250000000004 0.0390625
1 0.9675781250000001 0.5927734375 0.032031250000000004 0.044921875