0 0.307421875 0.39794921875 0.14921875 0.1689453125
1 0.5765625 0.12451171875 0.037500000000000006 0.0458984375
1 0.5789062500000001 0.38427734375 0.034375 0.0439453125
1 0.47382812500000004 0.3115234375 0.032031250000000004 0.041015625
1 0.396484375 0.08740234375 0.03515625 0.0400390625
2 0.07734375 0.27001953125 0.0421875 0.0478515625
1 0.132421875 0.525390625 0.030468750000000003 0.04296875
1 0.16914062500000002 0.4091796875 0.03671875 0.04296875
1 0.7386718750000001 0.3427734375 0.03359375 0.044921875
0 0.7425781250000001 0.54296875 0.09140625000000001 0.109375
1 0.6101562500000001 0.55517578125 0.029687500000000002 0.0380859375
2 0.943359375 0.4609375 0.039843750000000004 0.05078125
1 0.5890625 0.7080078125 0.03125 0.041015625
4 0.7781250000000001 0.89794921875 0.06875 0.0888671875
1 0.30078125 0.5517578125 0.029687500000000002 0.0390625
1 0.53515625 0.33251953125 0.029687500000000002 0.0478515625