3 0.755078125 0.8740234375 0.06171875 0.076171875
3 0.78515625 0.94921875 0.0890625 0.091796875
3 0.84296875 0.759765625 0.109375 0.1171875
3 0.098046875 0.36474609375 0.12890625 0.1513671875
0 0.11640625 0.25244140625 0.0625 0.0751953125
4 0.48671875000000003 0.52099609375 0.09062500000000001 0.1220703125
3 0.89609375 0.40576171875 0.084375 0.1162109375
3 0.6273437500000001 0.95751953125 0.0734375 0.0830078125
1 0.524609375 0.77685546875 0.03359375 0.0400390625
1 0.287109375 0.6123046875 0.032031250000000004 0.044921875
0 0.12890625 0.75390625 0.09375 0.107421875
1 0.1921875 0.857421875 0.026562500000000003 0.041015625
1 0.056640625 0.77685546875 0.030468750000000003 0.0458984375
1 0.068359375 0.708984375 0.02890625 0.0390625
1 0.21875 0.697265625 0.025 0.03515625
1 0.13203125000000002 0.5087890625 0.026562500000000003 0.041015625
1 0.106640625 0.62841796875 0.02890625 0.0361328125
1 0.706640625 0.32666015625 0.032031250000000004 0.0439453125
0 0.94453125 0.15625 0.0703125 0.078125
1 0.5765625 0.34423828125 0.03125 0.0361328125
1 0.628515625 0.359375 0.025781250000000002 0.0390625
4 0.5765625 0.15966796875 0.1046875 0.1337890625
3 0.609375 0.4482421875 0.065625 0.12109375