0 0.31093750000000003 0.0361328125 0.065625 0.072265625
4 0.607421875 0.21826171875 0.06640625 0.0927734375
3 0.463671875 0.32568359375 0.10859375 0.1123046875
3 0.8226562500000001 0.28515625 0.0859375 0.103515625
1 0.9496093750000001 0.10986328125 0.030468750000000003 0.0419921875
2 0.7644531250000001 0.20703125 0.03359375 0.048828125
1 0.1125 0.802734375 0.029687500000000002 0.0390625
1 0.118359375 0.50146484375 0.032031250000000004 0.0341796875
1 0.37929687500000003 0.52783203125 0.022656250000000003 0.0361328125
1 0.3140625 0.72216796875 0.026562500000000003 0.0322265625
3 0.5769531250000001 0.78857421875 0.06484375 0.0849609375
3 0.606640625 0.43359375 0.09453125000000001 0.12109375
3 0.45937500000000003 0.44287109375 0.09843750000000001 0.1357421875
1 0.28750000000000003 0.1357421875 0.029687500000000002 0.037109375
1 0.890234375 0.72900390625 0.032031250000000004 0.0341796875
1 0.7359375 0.3505859375 0.029687500000000002 0.03515625
4 0.892578125 0.2802734375 0.06171875 0.107421875