4 0.322265625 0.86865234375 0.12421875 0.1572265625
0 0.7605468750000001 0.09033203125 0.08359375000000001 0.1142578125
0 0.70625 0.1884765625 0.1171875 0.12890625
2 0.13984375000000002 0.1669921875 0.03125 0.037109375
2 0.08867187500000001 0.080078125 0.03359375 0.0390625
1 0.266796875 0.109375 0.025781250000000002 0.029296875
1 0.0703125 0.6376953125 0.034375 0.0390625
1 0.265625 0.65380859375 0.03125 0.0361328125
1 0.039453125000000006 0.5185546875 0.02890625 0.033203125
1 0.9593750000000001 0.72119140625 0.03125 0.0458984375
1 0.8792968750000001 0.86279296875 0.03515625 0.0478515625