3 0.07109375 0.4609375 0.1078125 0.1328125
4 0.22382812500000002 0.37353515625 0.07421875 0.0732421875
0 0.17539062500000002 0.4248046875 0.06328125 0.08203125
0 0.303515625 0.06787109375 0.06171875 0.0732421875
0 0.37148437500000003 0.58935546875 0.057031250000000006 0.0693359375
0 0.42812500000000003 0.57666015625 0.060937500000000006 0.0673828125
0 0.4265625 0.64404296875 0.043750000000000004 0.0634765625
4 0.2078125 0.3095703125 0.059375000000000004 0.076171875
0 0.3953125 0.4052734375 0.046875 0.068359375
3 0.7359375 0.533203125 0.08281250000000001 0.119140625
3 0.9046875000000001 0.59423828125 0.11093750000000001 0.1318359375
0 0.521484375 0.40087890625 0.05390625 0.0693359375
0 0.5730468750000001 0.38427734375 0.05390625 0.0673828125
0 0.6843750000000001 0.71484375 0.059375000000000004 0.068359375
0 0.77734375 0.6298828125 0.0546875 0.0703125
0 0.71796875 0.66015625 0.05625 0.078125
4 0.6796875 0.6044921875 0.05 0.064453125
0 0.607421875 0.62255859375 0.06640625 0.0791015625
0 0.8406250000000001 0.185546875 0.07187500000000001 0.07421875
3 0.534375 0.69140625 0.1046875 0.12109375
4 0.369921875 0.33056640625 0.07421875 0.0947265625
4 0.466796875 0.7607421875 0.07109375 0.091796875
0 0.486328125 0.44384765625 0.041406250000000006 0.0576171875
0 0.9011718750000001 0.9228515625 0.06015625 0.06640625
0 0.21601562500000002 0.1728515625 0.06796875000000001 0.0859375
0 0.1765625 0.2470703125 0.05625 0.07421875
1 0.8402343750000001 0.8662109375 0.03515625 0.041015625
1 0.941015625 0.7646484375 0.032031250000000004 0.041015625
0 0.7828125 0.2236328125 0.0765625 0.08984375
0 0.46640625 0.3837890625 0.045312500000000006 0.06640625
3 0.9597656250000001 0.69482421875 0.07890625000000001 0.1142578125
0 0.5375 0.91259765625 0.053125000000000006 0.0693359375
0 0.56953125 0.86572265625 0.0546875 0.0634765625
0 0.529296875 0.4716796875 0.06796875000000001 0.08984375