3 0.878125 0.412109375 0.1 0.12890625
3 0.83359375 0.50390625 0.09375 0.125
3 0.7765625 0.404296875 0.1078125 0.130859375
3 0.6960937500000001 0.798828125 0.115625 0.142578125
1 0.6394531250000001 0.8818359375 0.055468750000000004 0.076171875
3 0.568359375 0.826171875 0.09296875 0.107421875
0 0.55234375 0.52392578125 0.0625 0.0732421875
0 0.583203125 0.46923828125 0.057031250000000006 0.0751953125
0 0.6488281250000001 0.439453125 0.05078125 0.0703125
4 0.5496093750000001 0.4130859375 0.05390625 0.068359375
0 0.23984375000000002 0.39697265625 0.059375000000000004 0.0810546875
0 0.29335937500000003 0.38623046875 0.06328125 0.0712890625
0 0.2625 0.21435546875 0.045312500000000006 0.0673828125
0 0.35390625000000003 0.2509765625 0.040625 0.05859375
3 0.6023437500000001 0.34228515625 0.07968750000000001 0.1201171875
4 0.087890625 0.1806640625 0.06640625 0.076171875
4 0.07421875 0.11474609375 0.06406250000000001 0.0751953125
0 0.041015625 0.05615234375 0.055468750000000004 0.0810546875
3 0.40390625 0.50146484375 0.09843750000000001 0.1259765625
0 0.7136718750000001 0.29833984375 0.08515625 0.1240234375
4 0.23750000000000002 0.14111328125 0.078125 0.0927734375
0 0.042578125 0.2275390625 0.06328125 0.09375
0 0.334765625 0.193359375 0.04609375 0.05859375
0 0.7664062500000001 0.73193359375 0.0578125 0.0634765625