0 0.32265625000000003 0.60595703125 0.05625 0.0712890625
0 0.42304687500000004 0.5400390625 0.05859375 0.072265625
0 0.36640625000000004 0.56884765625 0.0421875 0.0615234375
0 0.7921875 0.72509765625 0.0625 0.0693359375
0 0.84765625 0.7158203125 0.0546875 0.0703125
4 0.6449218750000001 0.5146484375 0.06171875 0.078125
3 0.49843750000000003 0.60009765625 0.1015625 0.1298828125
0 0.7273437500000001 0.20654296875 0.0546875 0.0673828125
0 0.81640625 0.54833984375 0.0484375 0.0654296875
0 0.9105468750000001 0.58447265625 0.047656250000000004 0.0634765625
0 0.88671875 0.52099609375 0.046875 0.0615234375
4 0.794140625 0.470703125 0.07421875 0.09765625
4 0.630078125 0.451171875 0.05859375 0.068359375