0 0.950390625 0.4169921875 0.06953125 0.083984375
0 0.9734375000000001 0.5029296875 0.051562500000000004 0.068359375
0 0.81640625 0.7275390625 0.06406250000000001 0.080078125
0 0.8453125 0.6484375 0.0671875 0.087890625
0 0.679296875 0.537109375 0.057031250000000006 0.08203125
1 0.22226562500000002 0.41357421875 0.03515625 0.0458984375
1 0.18125000000000002 0.337890625 0.035937500000000004 0.05078125
1 0.60859375 0.29150390625 0.035937500000000004 0.0458984375
4 0.516015625 0.71533203125 0.057031250000000006 0.0673828125
4 0.498046875 0.65185546875 0.05859375 0.0732421875
4 0.44960937500000003 0.7822265625 0.06640625 0.087890625
3 0.704296875 0.626953125 0.12890625 0.1640625
3 0.1875 0.16845703125 0.09531250000000001 0.1123046875
0 0.384375 0.720703125 0.051562500000000004 0.080078125
4 0.687109375 0.36328125 0.07734375 0.09375