3 0.21484375 0.15283203125 0.109375 0.1396484375
0 0.09765625 0.25732421875 0.051562500000000004 0.0810546875
0 0.0703125 0.34033203125 0.059375000000000004 0.0791015625
0 0.146484375 0.26611328125 0.05078125 0.0693359375
1 0.46718750000000003 0.29833984375 0.034375 0.0478515625
0 0.14296875 0.73095703125 0.06875 0.0908203125
0 0.203515625 0.69091796875 0.06953125 0.0986328125
0 0.63671875 0.3896484375 0.08281250000000001 0.103515625
0 0.6765625000000001 0.48046875 0.078125 0.103515625
0 0.8894531250000001 0.51513671875 0.06015625 0.0810546875
1 0.8515625 0.56884765625 0.037500000000000006 0.0439453125
1 0.9457031250000001 0.814453125 0.03671875 0.0546875
1 0.24570312500000002 0.599609375 0.032031250000000004 0.046875
0 0.276953125 0.23046875 0.06953125 0.0859375
0 0.9515625000000001 0.525390625 0.0578125 0.083984375