0 0.6160156250000001 0.63818359375 0.06328125 0.0732421875
0 0.659765625 0.57373046875 0.06953125 0.0927734375
0 0.6000000000000001 0.57470703125 0.06406250000000001 0.0751953125
0 0.628515625 0.48291015625 0.06171875 0.0849609375
0 0.53828125 0.42919921875 0.0625 0.0751953125
3 0.44140625 0.6279296875 0.09062500000000001 0.134765625
0 0.7359375 0.2802734375 0.0625 0.080078125
0 0.7171875000000001 0.37841796875 0.05625 0.0732421875
0 0.7515625 0.419921875 0.0546875 0.08203125
0 0.242578125 0.49169921875 0.06015625 0.0712890625
3 0.29531250000000003 0.513671875 0.078125 0.134765625
4 0.069140625 0.501953125 0.05390625 0.07421875
0 0.20703125 0.3349609375 0.0578125 0.076171875
2 0.805859375 0.37109375 0.03359375 0.04296875
4 0.14765625000000002 0.4755859375 0.06406250000000001 0.087890625
0 0.971875 0.73828125 0.0546875 0.08203125
4 0.38125000000000003 0.4072265625 0.0546875 0.064453125
0 0.3328125 0.64501953125 0.125 0.1650390625