0 0.32460937500000003 0.115234375 0.06171875 0.07421875
0 0.343359375 0.19140625 0.06328125 0.080078125
0 0.400390625 0.19873046875 0.049218750000000006 0.0673828125
0 0.384765625 0.25 0.04453125 0.05859375
0 0.341796875 0.27294921875 0.05234375 0.0615234375
0 0.28945312500000003 0.2568359375 0.057031250000000006 0.07421875
0 0.270703125 0.18115234375 0.07890625000000001 0.0869140625
0 0.21250000000000002 0.14306640625 0.053125000000000006 0.0693359375
0 0.182421875 0.21484375 0.06171875 0.0703125
0 0.181640625 0.28369140625 0.057031250000000006 0.0732421875
0 0.2265625 0.3251953125 0.059375000000000004 0.076171875
0 0.233203125 0.251953125 0.05234375 0.06640625
0 0.275 0.458984375 0.0625 0.078125
4 0.09726562500000001 0.40380859375 0.05390625 0.0615234375
3 0.16953125000000002 0.46435546875 0.084375 0.0869140625
0 0.7308593750000001 0.24169921875 0.057031250000000006 0.0634765625
0 0.753125 0.2939453125 0.0578125 0.05859375
0 0.675 0.38232421875 0.0625 0.0869140625
0 0.719921875 0.4287109375 0.05390625 0.05859375
0 0.7097656250000001 0.32470703125 0.05390625 0.0556640625
3 0.5078125 0.45849609375 0.0921875 0.1259765625
3 0.342578125 0.77587890625 0.10078125 0.1220703125
0 0.5242187500000001 0.775390625 0.06406250000000001 0.0703125
0 0.486328125 0.93212890625 0.055468750000000004 0.0673828125
0 0.5328125 0.87255859375 0.0625 0.0771484375
0 0.253125 0.80078125 0.0734375 0.08984375
3 0.20468750000000002 0.69384765625 0.08750000000000001 0.0986328125
4 0.342578125 0.57373046875 0.05078125 0.0654296875
2 0.6453125000000001 0.669921875 0.0328125 0.046875
1 0.83125 0.52734375 0.03125 0.037109375