0 0.6421875 0.27294921875 0.0703125 0.0888671875
0 0.6277343750000001 0.45263671875 0.06796875000000001 0.0927734375
0 0.556640625 0.46728515625 0.07734375 0.1005859375
0 0.7585937500000001 0.65185546875 0.07968750000000001 0.1201171875
4 0.8660156250000001 0.6640625 0.07109375 0.080078125
4 0.91796875 0.802734375 0.0703125 0.09375
4 0.8734375000000001 0.8642578125 0.0765625 0.080078125
0 0.523828125 0.09423828125 0.06484375 0.0751953125
0 0.53515625 0.15576171875 0.059375000000000004 0.0732421875
0 0.460546875 0.16552734375 0.07421875 0.0986328125
3 0.393359375 0.23095703125 0.06171875 0.0751953125
3 0.23671875 0.5810546875 0.06875 0.1015625
3 0.20468750000000002 0.3212890625 0.09062500000000001 0.12109375
2 0.17500000000000002 0.57470703125 0.034375 0.0576171875
1 0.7890625 0.2734375 0.03125 0.046875
0 0.072265625 0.75927734375 0.07734375 0.1025390625
0 0.11093750000000001 0.8154296875 0.046875 0.060546875
0 0.12890625 0.353515625 0.059375000000000004 0.09375