0 0.51796875 0.90625 0.0703125 0.09765625
0 0.558984375 0.82421875 0.07265625 0.09375
0 0.6015625 0.767578125 0.05625 0.076171875
0 0.640234375 0.73779296875 0.05078125 0.0771484375
4 0.6117187500000001 0.6630859375 0.078125 0.107421875
3 0.140234375 0.25 0.07109375 0.103515625
1 0.0734375 0.6982421875 0.0328125 0.046875
3 0.554296875 0.65185546875 0.05859375 0.0869140625
0 0.476171875 0.64404296875 0.05078125 0.0751953125
3 0.34101562500000004 0.3515625 0.07265625 0.09765625
4 0.480078125 0.732421875 0.07109375 0.08984375
0 0.6875 0.6455078125 0.08125 0.107421875