3 0.41484375 0.86669921875 0.0859375 0.1240234375
0 0.58984375 0.8818359375 0.0625 0.07421875
0 0.6332031250000001 0.82177734375 0.06484375 0.0869140625
0 0.5730468750000001 0.81396484375 0.06015625 0.0751953125
0 0.6015625 0.72900390625 0.0546875 0.0810546875
0 0.5105468750000001 0.6728515625 0.057031250000000006 0.072265625
0 0.6921875000000001 0.62255859375 0.0578125 0.0751953125
0 0.7234375000000001 0.666015625 0.0578125 0.07421875
2 0.7761718750000001 0.61572265625 0.032031250000000004 0.0380859375
0 0.70625 0.51904296875 0.060937500000000006 0.0693359375
0 0.794140625 0.4345703125 0.06328125 0.064453125
0 0.73046875 0.1240234375 0.0734375 0.095703125
3 0.806640625 0.103515625 0.09921875000000001 0.12890625
0 0.17890625000000002 0.57470703125 0.0625 0.0791015625
0 0.216796875 0.73583984375 0.05390625 0.0771484375
3 0.2671875 0.755859375 0.078125 0.125
4 0.042578125 0.74267578125 0.057031250000000006 0.0712890625
1 0.960546875 0.67626953125 0.03359375 0.0419921875
1 0.8812500000000001 0.15625 0.034375 0.044921875
0 0.308203125 0.88330078125 0.11953125 0.1611328125