0 0.576171875 0.55859375 0.07109375 0.09765625
0 0.644140625 0.544921875 0.07109375 0.0859375
0 0.663671875 0.3642578125 0.06953125 0.0859375
1 0.81171875 0.365234375 0.029687500000000002 0.0390625
1 0.6785156250000001 0.8701171875 0.039843750000000004 0.052734375
4 0.895703125 0.95361328125 0.06953125 0.0810546875
4 0.8832031250000001 0.751953125 0.06796875000000001 0.076171875
3 0.25625000000000003 0.66845703125 0.0734375 0.0986328125
2 0.1953125 0.66845703125 0.034375 0.0478515625
1 0.219140625 0.626953125 0.030468750000000003 0.0390625
0 0.12734375 0.90625 0.046875 0.0625
0 0.14960937500000002 0.4453125 0.05390625 0.083984375
0 0.48359375000000004 0.2607421875 0.0671875 0.087890625
0 0.5417968750000001 0.1845703125 0.055468750000000004 0.0703125
0 0.5546875 0.24951171875 0.05625 0.0673828125
3 0.41523437500000004 0.32275390625 0.05390625 0.0712890625
3 0.225 0.419921875 0.09062500000000001 0.1171875
4 0.09140625000000001 0.84716796875 0.078125 0.0966796875
4 0.9402343750000001 0.8994140625 0.06484375 0.095703125
0 0.7699218750000001 0.748046875 0.07265625 0.099609375