0 0.884375 0.8779296875 0.059375000000000004 0.078125
0 0.874609375 0.4765625 0.06953125 0.08203125
0 0.786328125 0.42333984375 0.06484375 0.0849609375
0 0.84765625 0.40087890625 0.065625 0.0908203125
0 0.8425781250000001 0.31103515625 0.07109375 0.0849609375
1 0.880078125 0.27734375 0.02890625 0.037109375
0 0.853515625 0.20947265625 0.07734375 0.0908203125
0 0.463671875 0.14892578125 0.06328125 0.0771484375
0 0.43828125 0.2451171875 0.05625 0.078125
0 0.50546875 0.19091796875 0.059375000000000004 0.0537109375
0 0.49726562500000004 0.25390625 0.06015625 0.078125
0 0.55390625 0.19482421875 0.051562500000000004 0.0634765625
0 0.5613281250000001 0.29736328125 0.06484375 0.0751953125
0 0.49140625000000004 0.40478515625 0.0546875 0.0673828125
0 0.431640625 0.41162109375 0.05390625 0.0693359375
0 0.5750000000000001 0.53515625 0.096875 0.12109375
0 0.5546875 0.69140625 0.051562500000000004 0.0703125
0 0.6042968750000001 0.67724609375 0.055468750000000004 0.0673828125
0 0.6156250000000001 0.61572265625 0.053125000000000006 0.0615234375
0 0.6589843750000001 0.65380859375 0.05390625 0.0634765625
0 0.598046875 0.75244140625 0.049218750000000006 0.0673828125
0 0.6484375 0.7236328125 0.045312500000000006 0.0703125
0 0.6878906250000001 0.7119140625 0.04609375 0.072265625
0 0.810546875 0.74365234375 0.06484375 0.0751953125
0 0.7839843750000001 0.89794921875 0.05234375 0.0654296875
0 0.853515625 0.80859375 0.047656250000000004 0.060546875
2 0.576171875 0.9775390625 0.032031250000000004 0.03515625
1 0.377734375 0.85498046875 0.032031250000000004 0.0419921875
0 0.42304687500000004 0.67724609375 0.039843750000000004 0.0517578125
1 0.467578125 0.5625 0.032031250000000004 0.0390625
1 0.45390625 0.62841796875 0.03125 0.0439453125
0 0.19375 0.94189453125 0.0578125 0.0751953125
1 0.296484375 0.63916015625 0.032031250000000004 0.0419921875
1 0.1609375 0.5498046875 0.029687500000000002 0.041015625
1 0.10507812500000001 0.49560546875 0.032031250000000004 0.0458984375
1 0.180078125 0.47314453125 0.025781250000000002 0.0380859375
4 0.39375000000000004 0.54541015625 0.06875 0.0869140625
0 0.064453125 0.3857421875 0.06015625 0.076171875
1 0.223046875 0.36572265625 0.02890625 0.0439453125
0 0.029296875 0.14697265625 0.05078125 0.0634765625
2 0.20039062500000002 0.06884765625 0.03671875 0.0478515625
1 0.158203125 0.10791015625 0.02890625 0.0380859375
1 0.055468750000000004 0.77294921875 0.037500000000000006 0.0537109375
4 0.35078125000000004 0.14013671875 0.07187500000000001 0.0947265625
4 0.2546875 0.28173828125 0.09843750000000001 0.1220703125