0 0.680859375 0.0302734375 0.057031250000000006 0.060546875
0 0.6101562500000001 0.03515625 0.053125000000000006 0.068359375
1 0.6421875 0.09130859375 0.0328125 0.0458984375
0 0.7214843750000001 0.17138671875 0.06328125 0.0810546875
0 0.7484375000000001 0.22705078125 0.05 0.0751953125
0 0.69921875 0.26513671875 0.065625 0.0830078125
3 0.755078125 0.31298828125 0.09140625000000001 0.1181640625
0 0.63828125 0.45166015625 0.059375000000000004 0.0751953125
0 0.6921875000000001 0.45458984375 0.051562500000000004 0.0810546875
1 0.833203125 0.28076171875 0.03359375 0.0478515625
3 0.8324218750000001 0.53076171875 0.06640625 0.0927734375
0 0.712109375 0.5830078125 0.07734375 0.09765625
0 0.6796875 0.67138671875 0.0703125 0.0947265625
3 0.821484375 0.705078125 0.08515625 0.126953125
0 0.62109375 0.7353515625 0.0734375 0.0859375
3 0.558203125 0.84423828125 0.06640625 0.0966796875
0 0.97578125 0.71240234375 0.046875 0.0634765625
1 0.9105468750000001 0.728515625 0.030468750000000003 0.04296875
0 0.480078125 0.69873046875 0.07109375 0.0810546875
0 0.431640625 0.63818359375 0.06640625 0.0810546875
0 0.36757812500000003 0.7666015625 0.055468750000000004 0.076171875
0 0.508984375 0.177734375 0.05234375 0.05859375
0 0.353515625 0.34423828125 0.06328125 0.0771484375
0 0.40625 0.41845703125 0.0546875 0.0712890625
0 0.341796875 0.44189453125 0.07890625000000001 0.1044921875
1 0.59375 0.2724609375 0.034375 0.04296875
0 0.28203125 0.70849609375 0.053125000000000006 0.0634765625
0 0.26171875 0.9013671875 0.046875 0.06640625
0 0.18203125 0.87939453125 0.0703125 0.0869140625
0 0.15781250000000002 0.52197265625 0.060937500000000006 0.0927734375
1 0.221484375 0.48486328125 0.041406250000000006 0.0478515625
1 0.114453125 0.57080078125 0.032031250000000004 0.0439453125
1 0.22890625 0.79248046875 0.03125 0.0419921875
1 0.409765625 0.7919921875 0.032031250000000004 0.041015625
1 0.8933593750000001 0.3984375 0.02734375 0.04296875
4 0.6140625000000001 0.6357421875 0.0671875 0.083984375
4 0.140625 0.669921875 0.07187500000000001 0.09375
4 0.71015625 0.09033203125 0.078125 0.0849609375
0 0.47734375 0.25048828125 0.0734375 0.0849609375
3 0.6589843750000001 0.1875 0.08828125 0.125
0 0.082421875 0.82861328125 0.07421875 0.0986328125
1 0.978515625 0.662109375 0.03828125 0.041015625
2 0.5437500000000001 0.109375 0.035937500000000004 0.044921875
1 0.788671875 0.42431640625 0.032031250000000004 0.0400390625