2 0.28984375 0.9150390625 0.043750000000000004 0.056640625
0 0.8796875000000001 0.765625 0.060937500000000006 0.076171875
0 0.9671875000000001 0.80078125 0.06406250000000001 0.091796875
0 0.6898437500000001 0.7607421875 0.07187500000000001 0.091796875
1 0.7765625 0.89697265625 0.035937500000000004 0.0498046875
1 0.5906250000000001 0.77685546875 0.0390625 0.0498046875
0 0.7273437500000001 0.546875 0.0703125 0.09765625
0 0.8011718750000001 0.45947265625 0.06796875000000001 0.0849609375
1 0.79453125 0.564453125 0.0328125 0.0390625
0 0.9656250000000001 0.39111328125 0.0671875 0.1005859375
0 0.8359375 0.09326171875 0.06875 0.0908203125
0 0.8390625 0.21484375 0.045312500000000006 0.060546875
1 0.6421875 0.3056640625 0.03125 0.04296875
0 0.45546875000000003 0.0927734375 0.0703125 0.083984375
0 0.487109375 0.2666015625 0.08828125 0.107421875
0 0.3953125 0.34228515625 0.0625 0.0771484375
0 0.409765625 0.16455078125 0.07265625 0.0908203125
0 0.34101562500000004 0.21875 0.07578125000000001 0.115234375
2 0.31640625 0.07373046875 0.034375 0.0400390625
1 0.237109375 0.30908203125 0.030468750000000003 0.0439453125
0 0.2671875 0.61181640625 0.07500000000000001 0.0927734375
0 0.374609375 0.60498046875 0.05234375 0.0751953125
2 0.723828125 0.3525390625 0.03359375 0.04296875
0 0.646484375 0.60546875 0.04296875 0.052734375
1 0.1453125 0.525390625 0.034375 0.048828125
1 0.109765625 0.736328125 0.04296875 0.046875
1 0.037109375 0.09521484375 0.03671875 0.0458984375
1 0.05234375 0.30224609375 0.037500000000000006 0.0458984375
1 0.5476562500000001 0.05322265625 0.035937500000000004 0.0478515625
1 0.397265625 0.78076171875 0.030468750000000003 0.0400390625
1 0.140234375 0.095703125 0.03671875 0.046875
0 0.408984375 0.2568359375 0.05859375 0.083984375
1 0.52890625 0.97265625 0.0421875 0.05078125
4 0.52734375 0.86083984375 0.08281250000000001 0.1005859375