0 0.9304687500000001 0.671875 0.0921875 0.12109375
0 0.9750000000000001 0.80908203125 0.046875 0.0556640625
0 0.822265625 0.7578125 0.06015625 0.078125
0 0.761328125 0.79443359375 0.049218750000000006 0.0673828125
2 0.87421875 0.896484375 0.035937500000000004 0.046875
0 0.7859375000000001 0.40869140625 0.07500000000000001 0.0869140625
3 0.6195312500000001 0.384765625 0.09843750000000001 0.12109375
4 0.554296875 0.5595703125 0.07109375 0.0859375
2 0.45546875000000003 0.7412109375 0.029687500000000002 0.041015625
0 0.540234375 0.8486328125 0.06953125 0.087890625
0 0.5496093750000001 0.77001953125 0.047656250000000004 0.0615234375
1 0.5750000000000001 0.693359375 0.029687500000000002 0.037109375
0 0.37617187500000004 0.70361328125 0.07890625000000001 0.1025390625
2 0.294140625 0.68359375 0.03828125 0.046875
0 0.42617187500000003 0.54296875 0.05078125 0.072265625
0 0.37343750000000003 0.4609375 0.084375 0.103515625
0 0.102734375 0.59033203125 0.07890625000000001 0.1005859375
0 0.158984375 0.84619140625 0.07265625 0.0830078125
0 0.1125 0.92236328125 0.07500000000000001 0.0888671875
1 0.251953125 0.814453125 0.032031250000000004 0.04296875
2 0.023046875 0.8291015625 0.03515625 0.041015625
1 0.03671875 0.75537109375 0.028125 0.0341796875
0 0.544140625 0.96630859375 0.05078125 0.0615234375
4 0.30312500000000003 0.4267578125 0.06875 0.08984375
4 0.6980468750000001 0.9609375 0.06796875000000001 0.076171875
4 0.17265625 0.19970703125 0.07968750000000001 0.0966796875
0 0.33320312500000004 0.10791015625 0.057031250000000006 0.0712890625
1 0.19921875 0.04931640625 0.034375 0.0419921875
1 0.1078125 0.32080078125 0.0390625 0.0478515625