0 0.7679687500000001 0.7568359375 0.0671875 0.0859375
0 0.7464843750000001 0.8232421875 0.06171875 0.083984375
0 0.7000000000000001 0.86083984375 0.07500000000000001 0.0869140625
0 0.534375 0.8330078125 0.07500000000000001 0.095703125
0 0.470703125 0.94091796875 0.06484375 0.0830078125
0 0.47695312500000003 0.71240234375 0.06796875000000001 0.0888671875
0 0.404296875 0.6943359375 0.06328125 0.083984375
1 0.15156250000000002 0.666015625 0.037500000000000006 0.048828125
0 0.2734375 0.56201171875 0.059375000000000004 0.0673828125
0 0.5640625 0.3671875 0.065625 0.08203125
0 0.59921875 0.42724609375 0.05625 0.0732421875
4 0.345703125 0.505859375 0.06484375 0.0859375
2 0.19687500000000002 0.271484375 0.035937500000000004 0.046875
2 0.11171875 0.4833984375 0.0390625 0.044921875
1 0.215234375 0.736328125 0.03359375 0.04296875
1 0.34296875000000004 0.7978515625 0.029687500000000002 0.0390625
3 0.55234375 0.0478515625 0.09375 0.095703125
1 0.8953125000000001 0.75048828125 0.0328125 0.0419921875
1 0.144921875 0.546875 0.03359375 0.046875