0 0.7269531250000001 0.06591796875 0.06953125 0.0986328125
0 0.495703125 0.30615234375 0.06953125 0.0849609375
0 0.425390625 0.322265625 0.08046875 0.10546875
4 0.467578125 0.38525390625 0.06328125 0.0849609375
0 0.5296875 0.3798828125 0.05625 0.078125
3 0.6160156250000001 0.54833984375 0.08828125 0.1240234375
0 0.6316406250000001 0.88037109375 0.06953125 0.0830078125
0 0.669140625 0.94091796875 0.06015625 0.0712890625
3 0.27968750000000003 0.6572265625 0.065625 0.076171875
4 0.366015625 0.89892578125 0.06328125 0.0830078125
0 0.22187500000000002 0.28076171875 0.053125000000000006 0.0732421875
1 0.381640625 0.298828125 0.025781250000000002 0.037109375
3 0.2 0.61962890625 0.10312500000000001 0.1240234375
0 0.415625 0.0478515625 0.06875 0.095703125