3 0.18828125 0.67236328125 0.125 0.1337890625
3 0.240234375 0.796875 0.14765625000000002 0.181640625
3 0.36484375 0.71826171875 0.1296875 0.1728515625
0 0.55859375 0.59765625 0.0546875 0.06640625
0 0.586328125 0.52587890625 0.06484375 0.0849609375
0 0.6746093750000001 0.54541015625 0.06328125 0.0810546875
0 0.6628906250000001 0.45703125 0.07109375 0.1015625
0 0.743359375 0.455078125 0.05859375 0.080078125
0 0.796875 0.48388671875 0.059375000000000004 0.0810546875
0 0.865234375 0.412109375 0.07109375 0.083984375
0 0.8542968750000001 0.32470703125 0.06796875000000001 0.0869140625
0 0.91015625 0.1669921875 0.0734375 0.087890625
0 0.895703125 0.24169921875 0.06015625 0.0732421875
4 0.032421875 0.2958984375 0.06484375 0.087890625
4 0.06992187500000001 0.251953125 0.057031250000000006 0.076171875
1 0.2421875 0.17431640625 0.034375 0.0439453125
0 0.59609375 0.41455078125 0.0734375 0.0947265625
4 0.9632812500000001 0.244140625 0.06875 0.09765625
1 0.790234375 0.421875 0.02421875 0.03515625
1 0.8148437500000001 0.42578125 0.026562500000000003 0.03515625