0 0.55 0.505859375 0.08125 0.10546875
0 0.677734375 0.6162109375 0.07890625000000001 0.107421875
0 0.7738281250000001 0.587890625 0.07421875 0.08984375
0 0.81953125 0.52685546875 0.078125 0.0986328125
4 0.5953125 0.33154296875 0.0578125 0.0751953125
0 0.6355468750000001 0.2958984375 0.047656250000000004 0.06640625
0 0.256640625 0.115234375 0.07265625 0.080078125
0 0.244921875 0.193359375 0.06015625 0.0703125
0 0.205859375 0.27685546875 0.07265625 0.0849609375
0 0.21445312500000002 0.359375 0.07265625 0.0859375
0 0.090234375 0.4033203125 0.06171875 0.080078125
0 0.144140625 0.43408203125 0.06484375 0.0830078125
0 0.027734375000000002 0.4970703125 0.05390625 0.08203125
1 0.16523437500000002 0.37890625 0.02421875 0.037109375
4 0.31289062500000003 0.19677734375 0.07421875 0.0908203125