0 0.327734375 0.45849609375 0.047656250000000004 0.0615234375
0 0.36250000000000004 0.4912109375 0.045312500000000006 0.060546875
0 0.409765625 0.54443359375 0.04296875 0.0615234375
0 0.3125 0.75439453125 0.05 0.0576171875
0 0.21250000000000002 0.94677734375 0.05 0.0654296875
0 0.02421875 0.5087890625 0.040625 0.056640625
0 0.38710937500000003 0.41259765625 0.049218750000000006 0.0712890625
0 0.425390625 0.45947265625 0.04609375 0.0576171875
0 0.526953125 0.44921875 0.06328125 0.0625
0 0.708984375 0.390625 0.057031250000000006 0.0625
0 0.628515625 0.44970703125 0.04296875 0.0517578125
0 0.616796875 0.33154296875 0.039843750000000004 0.0478515625
0 0.7625000000000001 0.35595703125 0.0390625 0.0498046875
0 0.9125000000000001 0.1923828125 0.037500000000000006 0.048828125
0 0.954296875 0.20947265625 0.03671875 0.0498046875
0 0.88828125 0.48681640625 0.045312500000000006 0.0673828125
0 0.9363281250000001 0.45947265625 0.04296875 0.0576171875
0 0.5808593750000001 0.39501953125 0.05234375 0.0576171875
0 0.479296875 0.36328125 0.03828125 0.046875
0 0.47578125000000004 0.515625 0.0546875 0.0625
0 0.6484375 0.39306640625 0.040625 0.0498046875
0 0.6734375 0.447265625 0.0421875 0.048828125
0 0.91328125 0.12060546875 0.045312500000000006 0.0576171875
0 0.923828125 0.259765625 0.04296875 0.05859375
0 0.275 0.1240234375 0.043750000000000004 0.056640625
0 0.2109375 0.162109375 0.040625 0.0546875
0 0.103515625 0.30517578125 0.05234375 0.0615234375
0 0.40156250000000004 0.9521484375 0.05 0.064453125
1 0.6902343750000001 0.28173828125 0.02421875 0.0283203125
1 0.9300781250000001 0.53857421875 0.02109375 0.0302734375
1 0.6171875 0.04931640625 0.0234375 0.0283203125
0 0.5921875 0.02294921875 0.046875 0.0458984375
0 0.852734375 0.134765625 0.04453125 0.060546875
0 0.978125 0.36767578125 0.0421875 0.0732421875
1 0.38359375 0.67822265625 0.0234375 0.0283203125
0 0.27187500000000003 0.53857421875 0.034375 0.0458984375