0 0.567578125 0.48095703125 0.08203125 0.0888671875
0 0.057421875000000004 0.923828125 0.057031250000000006 0.0625
0 0.032421875 0.861328125 0.041406250000000006 0.0546875
0 0.25039062500000003 0.87744140625 0.04609375 0.0556640625
0 0.128515625 0.8017578125 0.041406250000000006 0.052734375
0 0.084375 0.77490234375 0.0390625 0.0498046875
0 0.055859375 0.81201171875 0.03359375 0.0478515625
0 0.20273437500000002 0.78759765625 0.039843750000000004 0.0556640625
0 0.18046875 0.732421875 0.034375 0.04296875
0 0.20078125000000002 0.654296875 0.0484375 0.068359375
0 0.226953125 0.71875 0.032031250000000004 0.048828125
0 0.28750000000000003 0.68798828125 0.05625 0.0654296875
0 0.16718750000000002 0.51904296875 0.045312500000000006 0.0517578125
0 0.26875 0.47802734375 0.037500000000000006 0.0419921875
0 0.14921875 0.45166015625 0.037500000000000006 0.0439453125
0 0.40937500000000004 0.47021484375 0.037500000000000006 0.0517578125
0 0.34218750000000003 0.55810546875 0.0390625 0.0478515625
0 0.3921875 0.64453125 0.0390625 0.052734375
2 0.415625 0.8427734375 0.03125 0.041015625
0 0.14453125 0.27490234375 0.051562500000000004 0.0693359375
0 0.234375 0.32763671875 0.053125000000000006 0.0634765625
0 0.308203125 0.44873046875 0.03515625 0.0439453125
0 0.162109375 0.41357421875 0.03671875 0.0478515625
0 0.224609375 0.4931640625 0.03828125 0.048828125
0 0.31757812500000004 0.498046875 0.03671875 0.048828125
0 0.43867187500000004 0.34033203125 0.041406250000000006 0.0615234375
0 0.36171875000000003 0.189453125 0.05625 0.064453125
0 0.393359375 0.2490234375 0.039843750000000004 0.044921875
0 0.4296875 0.13232421875 0.05 0.0615234375
0 0.4390625 0.205078125 0.046875 0.064453125
2 0.7386718750000001 0.2255859375 0.03828125 0.04296875
0 0.626171875 0.7470703125 0.04296875 0.05078125
0 0.6531250000000001 0.63671875 0.040625 0.05078125
0 0.513671875 0.63623046875 0.041406250000000006 0.0537109375
0 0.5398437500000001 0.5791015625 0.040625 0.048828125
0 0.810546875 0.95947265625 0.055468750000000004 0.0712890625
0 0.628125 0.912109375 0.034375 0.046875
0 0.64609375 0.87646484375 0.040625 0.0498046875
0 0.158984375 0.88330078125 0.041406250000000006 0.0458984375
0 0.8347656250000001 0.12255859375 0.06640625 0.0732421875
0 0.908203125 0.12548828125 0.05390625 0.0732421875
0 0.439453125 0.27734375 0.047656250000000004 0.05859375