0 0.7761718750000001 0.697265625 0.07109375 0.091796875
0 0.36796875 0.52197265625 0.053125000000000006 0.0712890625
0 0.384375 0.5810546875 0.0578125 0.06640625
0 0.35000000000000003 0.64697265625 0.05625 0.0693359375
0 0.2625 0.6787109375 0.0578125 0.07421875
0 0.17734375000000002 0.77734375 0.0484375 0.060546875
0 0.27109375 0.9052734375 0.0484375 0.05859375
0 0.05625 0.9287109375 0.046875 0.052734375
0 0.0578125 0.73876953125 0.043750000000000004 0.0654296875
0 0.030859375 0.833984375 0.047656250000000004 0.0546875
0 0.11015625000000001 0.9033203125 0.045312500000000006 0.05859375
0 0.23750000000000002 0.47705078125 0.043750000000000004 0.0615234375
0 0.248046875 0.42431640625 0.039843750000000004 0.0517578125
0 0.28554687500000003 0.4443359375 0.04296875 0.06640625
0 0.31796875 0.49951171875 0.0484375 0.0576171875
0 0.37109375 0.4287109375 0.045312500000000006 0.0625
0 0.41718750000000004 0.41162109375 0.0421875 0.0576171875
0 0.8359375 0.4443359375 0.051562500000000004 0.06640625
0 0.8714843750000001 0.40380859375 0.05078125 0.0634765625
0 0.925 0.40087890625 0.045312500000000006 0.0595703125
0 0.67109375 0.240234375 0.0421875 0.0625
0 0.6785156250000001 0.36669921875 0.05859375 0.0693359375
0 0.9695312500000001 0.09033203125 0.0484375 0.0615234375
0 0.7312500000000001 0.80029296875 0.0484375 0.0654296875
0 0.714453125 0.85986328125 0.04296875 0.0576171875
0 0.83359375 0.75 0.043750000000000004 0.06640625
2 0.39609375 0.2119140625 0.03125 0.048828125
0 0.01953125 0.68017578125 0.0390625 0.0693359375
1 0.66953125 0.4365234375 0.026562500000000003 0.037109375
0 0.053515625000000004 0.46435546875 0.049218750000000006 0.0673828125
0 0.69296875 0.91357421875 0.05 0.0654296875
0 0.630859375 0.21337890625 0.039843750000000004 0.0771484375