0 0.303515625 0.24169921875 0.05234375 0.0732421875
0 0.038671875 0.7763671875 0.05078125 0.0703125
0 0.091796875 0.7412109375 0.04296875 0.060546875
0 0.255859375 0.6796875 0.06171875 0.07421875
0 0.240625 0.595703125 0.05 0.0546875
0 0.21250000000000002 0.5400390625 0.0546875 0.0625
0 0.10898437500000001 0.55322265625 0.04609375 0.0537109375
0 0.12109375 0.490234375 0.0484375 0.064453125
0 0.35078125000000004 0.6787109375 0.0484375 0.064453125
0 0.298828125 0.72998046875 0.041406250000000006 0.0595703125
0 0.76484375 0.84765625 0.053125000000000006 0.076171875
0 0.4765625 0.5390625 0.05 0.068359375
0 0.14140625 0.3544921875 0.043750000000000004 0.048828125
0 0.18359375 0.3388671875 0.043750000000000004 0.056640625
0 0.27421875 0.38720703125 0.045312500000000006 0.0615234375
0 0.44921875 0.697265625 0.046875 0.06640625
0 0.9578125000000001 0.74169921875 0.0578125 0.0810546875
0 0.85078125 0.43701171875 0.0625 0.0654296875
0 0.9476562500000001 0.4365234375 0.0484375 0.0625
0 0.9398437500000001 0.3642578125 0.046875 0.060546875
0 0.648046875 0.42236328125 0.03828125 0.0537109375
0 0.640234375 0.50048828125 0.06640625 0.0849609375
0 0.73984375 0.40478515625 0.0484375 0.0673828125
0 0.6375000000000001 0.26416015625 0.045312500000000006 0.0556640625
0 0.67734375 0.19970703125 0.045312500000000006 0.0595703125
0 0.72265625 0.18212890625 0.0484375 0.0615234375
0 0.831640625 0.0263671875 0.05078125 0.052734375
0 0.6527343750000001 0.07275390625 0.05078125 0.0634765625
0 0.5007812500000001 0.19775390625 0.043750000000000004 0.0615234375
1 0.496875 0.41748046875 0.026562500000000003 0.0380859375
1 0.597265625 0.7841796875 0.02890625 0.033203125
2 0.6828125 0.56982421875 0.0328125 0.0439453125
0 0.378515625 0.4912109375 0.04453125 0.0546875
1 0.907421875 0.95751953125 0.02421875 0.0361328125
0 0.9007812500000001 0.7255859375 0.040625 0.060546875
0 0.9320312500000001 0.505859375 0.045312500000000006 0.0546875
0 0.9734375000000001 0.53759765625 0.051562500000000004 0.0693359375
0 0.9593750000000001 0.22802734375 0.045312500000000006 0.0556640625
0 0.825390625 0.3349609375 0.04609375 0.052734375
0 0.78671875 0.0966796875 0.043750000000000004 0.056640625
0 0.39375000000000004 0.14404296875 0.05 0.0654296875
0 0.24726562500000002 0.90283203125 0.04453125 0.0673828125
0 0.34492187500000004 0.73681640625 0.04609375 0.0595703125
0 0.7742187500000001 0.6083984375 0.060937500000000006 0.06640625
0 0.650390625 0.65283203125 0.03359375 0.0419921875
0 0.5613281250000001 0.66748046875 0.04609375 0.0478515625
0 0.8445312500000001 0.6201171875 0.0484375 0.0546875
0 0.7796875000000001 0.4599609375 0.040625 0.046875
0 0.9730468750000001 0.0302734375 0.04453125 0.052734375
0 0.22617187500000002 0.380859375 0.04296875 0.052734375
0 0.27187500000000003 0.541015625 0.051562500000000004 0.072265625