0 0.7375 0.4921875 0.06875 0.083984375
0 0.79609375 0.66455078125 0.053125000000000006 0.0673828125
0 0.8480468750000001 0.7138671875 0.049218750000000006 0.06640625
0 0.907421875 0.74169921875 0.05234375 0.0576171875
0 0.9515625000000001 0.728515625 0.046875 0.060546875
0 0.8480468750000001 0.78466796875 0.049218750000000006 0.0634765625
0 0.723828125 0.68115234375 0.05234375 0.0751953125
0 0.474609375 0.85546875 0.05390625 0.068359375
0 0.24960937500000002 0.78076171875 0.06171875 0.0810546875
0 0.16718750000000002 0.90625 0.0625 0.08203125
0 0.06484375 0.81201171875 0.0578125 0.0634765625
0 0.064453125 0.35986328125 0.047656250000000004 0.0634765625
0 0.109765625 0.13916015625 0.05078125 0.0634765625
0 0.42109375000000004 0.11376953125 0.060937500000000006 0.0693359375
0 0.5375 0.13818359375 0.053125000000000006 0.0654296875
0 0.759765625 0.22900390625 0.057031250000000006 0.0732421875
2 0.7117187500000001 0.3427734375 0.029687500000000002 0.046875
0 0.5925781250000001 0.26611328125 0.04453125 0.0654296875
1 0.8609375 0.84521484375 0.026562500000000003 0.0302734375
1 0.246875 0.498046875 0.021875000000000002 0.02734375
0 0.396484375 0.451171875 0.047656250000000004 0.046875
0 0.30625 0.60302734375 0.05 0.0556640625
0 0.966015625 0.07470703125 0.04296875 0.0576171875
0 0.8921875 0.232421875 0.0421875 0.0625
0 0.7359375 0.40234375 0.0546875 0.072265625
0 0.680859375 0.37841796875 0.04453125 0.0556640625
0 0.96015625 0.6591796875 0.0421875 0.0546875
2 0.7171875000000001 0.5947265625 0.029687500000000002 0.03515625
0 0.34375 0.26220703125 0.05 0.0615234375
0 0.508984375 0.1875 0.04609375 0.05859375
0 0.6414062500000001 0.1591796875 0.06875 0.080078125
0 0.22031250000000002 0.91455078125 0.043750000000000004 0.0634765625
0 0.17890625000000002 0.724609375 0.037500000000000006 0.0546875
0 0.199609375 0.8076171875 0.04296875 0.048828125
0 0.251953125 0.67822265625 0.047656250000000004 0.0595703125
0 0.39140625 0.1708984375 0.043750000000000004 0.052734375
0 0.432421875 0.18896484375 0.04453125 0.0595703125
0 0.464453125 0.234375 0.039843750000000004 0.046875
0 0.8500000000000001 0.181640625 0.043750000000000004 0.064453125
0 0.427734375 0.37353515625 0.041406250000000006 0.0576171875