0 0.296875 0.29541015625 0.0546875 0.0810546875
0 0.33828125000000003 0.2001953125 0.053125000000000006 0.060546875
0 0.0578125 0.1611328125 0.0484375 0.060546875
0 0.821875 0.73876953125 0.08125 0.1005859375
0 0.653515625 0.79052734375 0.05078125 0.0615234375
0 0.508203125 0.76513671875 0.05234375 0.0693359375
0 0.431640625 0.6611328125 0.05234375 0.064453125
0 0.41171875 0.5947265625 0.05 0.060546875
0 0.40156250000000004 0.4775390625 0.05 0.05859375
0 0.355078125 0.49609375 0.04609375 0.0625
0 0.64375 0.5625 0.065625 0.076171875
0 0.6648437500000001 0.494140625 0.043750000000000004 0.0546875
0 0.708984375 0.51416015625 0.04609375 0.0576171875
0 0.46992187500000004 0.58056640625 0.055468750000000004 0.0732421875
3 0.577734375 0.443359375 0.06328125 0.078125
0 0.494140625 0.29638671875 0.049218750000000006 0.0595703125
0 0.45937500000000003 0.4267578125 0.035937500000000004 0.044921875
0 0.575390625 0.3486328125 0.04609375 0.05078125
0 0.64609375 0.4375 0.0421875 0.05078125
0 0.802734375 0.27294921875 0.04609375 0.0556640625
1 0.8441406250000001 0.36962890625 0.022656250000000003 0.0322265625
1 0.69453125 0.36083984375 0.0203125 0.0263671875
1 0.5859375 0.67578125 0.025 0.029296875
0 0.708984375 0.70361328125 0.04296875 0.0576171875
0 0.570703125 0.20166015625 0.057031250000000006 0.0693359375
0 0.18203125 0.55859375 0.0390625 0.0546875
0 0.23554687500000002 0.57568359375 0.04296875 0.0556640625
0 0.20234375000000002 0.51416015625 0.0421875 0.0556640625
0 0.2078125 0.09765625 0.0390625 0.0546875
0 0.54296875 0.14208984375 0.0484375 0.0673828125
0 0.66015625 0.15869140625 0.0484375 0.0615234375
0 0.8296875 0.17333984375 0.05 0.0595703125
1 0.37109375 0.80078125 0.026562500000000003 0.03125
1 0.30781250000000004 0.97412109375 0.026562500000000003 0.0302734375
0 0.6742187500000001 0.8603515625 0.0390625 0.05078125
0 0.712109375 0.84423828125 0.03359375 0.0478515625
0 0.067578125 0.66357421875 0.04453125 0.0576171875
0 0.106640625 0.70654296875 0.03828125 0.0576171875
0 0.6046875 0.3095703125 0.040625 0.046875
0 0.4453125 0.26025390625 0.040625 0.0537109375
0 0.5183593750000001 0.2392578125 0.05078125 0.056640625
0 0.353125 0.6337890625 0.037500000000000006 0.052734375
0 0.606640625 0.607421875 0.03828125 0.048828125
0 0.74375 0.4091796875 0.0484375 0.056640625