0 0.7582031250000001 0.2646484375 0.05078125 0.0625
0 0.735546875 0.685546875 0.05859375 0.07421875
0 0.82578125 0.7177734375 0.051562500000000004 0.06640625
4 0.323828125 0.765625 0.049218750000000006 0.064453125
0 0.37890625 0.76220703125 0.045312500000000006 0.0595703125
0 0.4390625 0.6474609375 0.051562500000000004 0.07421875
0 0.164453125 0.40087890625 0.049218750000000006 0.0673828125
0 0.24179687500000002 0.31494140625 0.049218750000000006 0.0615234375
0 0.32070312500000003 0.23876953125 0.047656250000000004 0.0673828125
0 0.3484375 0.298828125 0.051562500000000004 0.064453125
0 0.275 0.18603515625 0.053125000000000006 0.0712890625
0 0.31289062500000003 0.5048828125 0.057031250000000006 0.0625
0 0.687109375 0.2607421875 0.055468750000000004 0.07421875
0 0.587109375 0.19140625 0.05078125 0.0625
0 0.08945312500000001 0.646484375 0.04296875 0.0546875
0 0.26601562500000003 0.6201171875 0.041406250000000006 0.0625
0 0.366796875 0.46142578125 0.04296875 0.0576171875
0 0.390234375 0.39111328125 0.05078125 0.0615234375
0 0.6117187500000001 0.0673828125 0.046875 0.060546875
0 0.734375 0.8349609375 0.046875 0.05078125
0 0.76484375 0.767578125 0.05 0.0625
0 0.49335937500000004 0.9599609375 0.047656250000000004 0.05078125
0 0.10898437500000001 0.9404296875 0.04453125 0.05859375
0 0.347265625 0.5712890625 0.04609375 0.0546875
0 0.4859375 0.623046875 0.0421875 0.048828125
4 0.384765625 0.673828125 0.041406250000000006 0.060546875
3 0.515625 0.234375 0.040625 0.0546875
1 0.45156250000000003 0.357421875 0.025 0.02734375
1 0.853125 0.52392578125 0.025 0.0341796875
0 0.5234375 0.5888671875 0.043750000000000004 0.052734375