0 0.42031250000000003 0.896484375 0.05625 0.0703125
0 0.48046875 0.93212890625 0.053125000000000006 0.0771484375
0 0.501953125 0.857421875 0.04453125 0.05859375
0 0.361328125 0.81982421875 0.057031250000000006 0.0693359375
0 0.408203125 0.77685546875 0.04296875 0.0615234375
0 0.216796875 0.92431640625 0.05078125 0.0615234375
0 0.59296875 0.73095703125 0.0578125 0.0693359375
0 0.62890625 0.66748046875 0.040625 0.0595703125
0 0.63828125 0.84521484375 0.051562500000000004 0.0732421875
0 0.7429687500000001 0.8369140625 0.0578125 0.0703125
0 0.75 0.75048828125 0.053125000000000006 0.0673828125
0 0.6265625 0.49609375 0.0546875 0.0703125
0 0.6921875000000001 0.49658203125 0.053125000000000006 0.0693359375
0 0.8167968750000001 0.53466796875 0.04609375 0.0576171875
0 0.29453125 0.54345703125 0.046875 0.0576171875
0 0.19687500000000002 0.70947265625 0.05 0.0751953125
0 0.40859375000000003 0.53076171875 0.0390625 0.0537109375
0 0.88828125 0.40673828125 0.046875 0.0537109375
0 0.9089843750000001 0.2197265625 0.04609375 0.06640625
0 0.48945312500000004 0.14599609375 0.04609375 0.0517578125
0 0.33515625000000004 0.22705078125 0.0421875 0.0595703125
0 0.544921875 0.0576171875 0.055468750000000004 0.068359375
0 0.6218750000000001 0.9052734375 0.05 0.052734375
0 0.8757812500000001 0.34375 0.043750000000000004 0.048828125
0 0.696484375 0.244140625 0.041406250000000006 0.052734375
0 0.61328125 0.2373046875 0.0421875 0.044921875
3 0.7644531250000001 0.0966796875 0.07421875 0.0859375
3 0.658203125 0.05810546875 0.05859375 0.0732421875
0 0.59765625 0.0361328125 0.040625 0.052734375
0 0.40625 0.1416015625 0.040625 0.052734375
1 0.5085937500000001 0.25732421875 0.025 0.0322265625
2 0.45390625 0.07373046875 0.028125 0.0361328125
0 0.35585937500000003 0.16455078125 0.041406250000000006 0.0537109375
0 0.39609375 0.26416015625 0.043750000000000004 0.0537109375
0 0.042578125 0.0947265625 0.04609375 0.048828125
0 0.35781250000000003 0.0986328125 0.046875 0.052734375
0 0.28671875 0.25244140625 0.043750000000000004 0.0576171875
1 0.6648437500000001 0.95068359375 0.0203125 0.0283203125
1 0.6171875 0.955078125 0.0234375 0.029296875
0 0.586328125 0.63427734375 0.04609375 0.0537109375
0 0.892578125 0.69384765625 0.04453125 0.0517578125
0 0.8851562500000001 0.76611328125 0.0421875 0.0537109375
0 0.017578125 0.6279296875 0.03515625 0.0703125
0 0.3609375 0.54541015625 0.043750000000000004 0.0517578125
0 0.382421875 0.58740234375 0.04609375 0.0537109375
0 0.122265625 0.88525390625 0.03671875 0.0517578125
0 0.018750000000000003 0.96044921875 0.037500000000000006 0.0576171875
1 0.07187500000000001 0.87548828125 0.0234375 0.0283203125
0 0.019140625 0.1923828125 0.03828125 0.056640625
0 0.16523437500000002 0.28759765625 0.04453125 0.0517578125
0 0.32851562500000003 0.02294921875 0.04296875 0.0458984375
0 0.33125000000000004 0.29248046875 0.05 0.0517578125
0 0.5378906250000001 0.5009765625 0.04296875 0.052734375
0 0.6429687500000001 0.5859375 0.037500000000000006 0.046875
0 0.594140625 0.55126953125 0.03671875 0.0498046875
0 0.853125 0.83837890625 0.0421875 0.0458984375
1 0.9558593750000001 0.62841796875 0.025781250000000002 0.0263671875
0 0.9378906250000001 0.376953125 0.049218750000000006 0.060546875
3 0.721875 0.0400390625 0.06406250000000001 0.078125
0 0.29296875 0.7861328125 0.0484375 0.068359375