0 0.582421875 0.732421875 0.06484375 0.0859375
0 0.6175781250000001 0.5107421875 0.06484375 0.08203125
0 0.6863281250000001 0.5478515625 0.047656250000000004 0.05859375
0 0.6195312500000001 0.646484375 0.06406250000000001 0.07421875
2 0.185546875 0.48828125 0.05234375 0.056640625
0 0.5484375 0.53662109375 0.059375000000000004 0.0849609375
0 0.5109375 0.6005859375 0.059375000000000004 0.06640625
0 0.47187500000000004 0.54345703125 0.060937500000000006 0.0693359375
0 0.56484375 0.43115234375 0.05 0.0537109375
0 0.6800781250000001 0.63525390625 0.05234375 0.0576171875
0 0.6468750000000001 0.71044921875 0.05625 0.0791015625