0 0.5515625000000001 0.3779296875 0.0734375 0.09765625
0 0.970703125 0.0966796875 0.049218750000000006 0.06640625
0 0.7699218750000001 0.06298828125 0.047656250000000004 0.0615234375
0 0.748046875 0.1708984375 0.041406250000000006 0.060546875
0 0.804296875 0.1943359375 0.05859375 0.076171875
0 0.9281250000000001 0.2783203125 0.037500000000000006 0.05078125
0 0.9375 0.33203125 0.035937500000000004 0.052734375
0 0.95703125 0.48388671875 0.0390625 0.0595703125
0 0.91953125 0.52734375 0.0390625 0.05078125
2 0.9359375000000001 0.578125 0.029687500000000002 0.0390625
2 0.9085937500000001 0.587890625 0.018750000000000003 0.029296875
0 0.940625 0.73681640625 0.0421875 0.0537109375
0 0.94296875 0.91943359375 0.040625 0.0537109375
0 0.8828125 0.841796875 0.045312500000000006 0.05859375
0 0.831640625 0.80322265625 0.041406250000000006 0.0556640625
0 0.7507812500000001 0.7080078125 0.0484375 0.060546875
0 0.7125 0.65283203125 0.046875 0.0634765625
0 0.8617187500000001 0.439453125 0.045312500000000006 0.056640625
0 0.883984375 0.31689453125 0.03671875 0.0517578125
0 0.64609375 0.34326171875 0.0421875 0.0615234375
0 0.494921875 0.6806640625 0.04609375 0.060546875
0 0.551171875 0.666015625 0.04453125 0.064453125
0 0.423828125 0.25732421875 0.055468750000000004 0.0732421875
0 0.3359375 0.61279296875 0.046875 0.0576171875
0 0.30976562500000004 0.2763671875 0.05078125 0.0703125
0 0.2265625 0.35205078125 0.051562500000000004 0.0634765625
0 0.18867187500000002 0.27490234375 0.05078125 0.0576171875
0 0.29765625 0.34423828125 0.0578125 0.0693359375
0 0.34687500000000004 0.38037109375 0.0421875 0.0537109375
0 0.7390625000000001 0.599609375 0.040625 0.0625
0 0.7585937500000001 0.49267578125 0.0484375 0.0595703125
0 0.4375 0.669921875 0.0578125 0.068359375
0 0.392578125 0.59521484375 0.039843750000000004 0.0556640625
0 0.44609375 0.611328125 0.043750000000000004 0.056640625
0 0.5750000000000001 0.5673828125 0.0421875 0.056640625
0 0.5925781250000001 0.62353515625 0.041406250000000006 0.0556640625
0 0.123046875 0.62646484375 0.05390625 0.0712890625
0 0.119140625 0.75927734375 0.055468750000000004 0.0654296875
0 0.36835937500000004 0.20361328125 0.039843750000000004 0.0498046875
0 0.03828125 0.85205078125 0.046875 0.0615234375
2 0.566015625 0.88427734375 0.02734375 0.0380859375
1 0.616796875 0.77294921875 0.02109375 0.0283203125
0 0.661328125 0.416015625 0.04609375 0.05859375
0 0.5390625 0.26708984375 0.0421875 0.0517578125
0 0.767578125 0.38916015625 0.04453125 0.0732421875
0 0.7859375000000001 0.75927734375 0.043750000000000004 0.0556640625
3 0.8515625 0.89111328125 0.045312500000000006 0.0634765625
0 0.062890625 0.90625 0.04609375 0.052734375
0 0.23554687500000002 0.56005859375 0.041406250000000006 0.0556640625
0 0.190234375 0.5986328125 0.04453125 0.05078125
0 0.22578125000000002 0.49072265625 0.05625 0.0576171875
0 0.370703125 0.55712890625 0.039843750000000004 0.0498046875
0 0.41132812500000004 0.5458984375 0.03828125 0.056640625
0 0.39453125 0.41064453125 0.035937500000000004 0.0458984375
0 0.80859375 0.2666015625 0.0421875 0.0546875
0 0.8609375 0.64794921875 0.043750000000000004 0.0537109375
0 0.895703125 0.70361328125 0.03828125 0.0439453125
0 0.723828125 0.42822265625 0.04296875 0.0458984375
0 0.573828125 0.9609375 0.03828125 0.048828125
0 0.521484375 0.74072265625 0.03828125 0.0556640625
1 0.911328125 0.9658203125 0.02734375 0.03125
0 0.944921875 0.84912109375 0.04453125 0.0615234375