0 0.9714843750000001 0.8232421875 0.05390625 0.0703125
0 0.416015625 0.81396484375 0.05859375 0.0712890625
0 0.33437500000000003 0.80615234375 0.060937500000000006 0.0791015625
0 0.675390625 0.84228515625 0.049218750000000006 0.0673828125
0 0.6277343750000001 0.87646484375 0.06171875 0.0791015625
0 0.5691406250000001 0.8212890625 0.06796875000000001 0.0859375
2 0.15585937500000002 0.96337890625 0.03515625 0.0400390625
0 0.271484375 0.8173828125 0.04453125 0.052734375
0 0.191796875 0.7421875 0.047656250000000004 0.06640625
0 0.42265625 0.7109375 0.051562500000000004 0.068359375
0 0.273046875 0.70263671875 0.04296875 0.0595703125
0 0.35390625000000003 0.61962890625 0.0484375 0.0654296875
0 0.15546875000000002 0.5830078125 0.045312500000000006 0.060546875
0 0.27578125000000003 0.552734375 0.051562500000000004 0.068359375
0 0.33632812500000003 0.53857421875 0.05390625 0.0615234375
0 0.233203125 0.5 0.041406250000000006 0.060546875
0 0.20664062500000002 0.412109375 0.055468750000000004 0.060546875
0 0.16562500000000002 0.443359375 0.0390625 0.046875
0 0.13203125000000002 0.37060546875 0.053125000000000006 0.0595703125
0 0.39609375 0.44580078125 0.045312500000000006 0.0576171875
0 0.37890625 0.326171875 0.051562500000000004 0.072265625
0 0.491796875 0.36572265625 0.05078125 0.0732421875
0 0.33906250000000004 0.18505859375 0.0546875 0.0693359375
0 0.353515625 0.2548828125 0.05234375 0.0625
0 0.5359375000000001 0.0751953125 0.053125000000000006 0.056640625
0 0.597265625 0.23388671875 0.04296875 0.0615234375
0 0.6703125000000001 0.0537109375 0.05 0.0703125
0 0.923828125 0.5439453125 0.06640625 0.072265625
0 0.8578125000000001 0.19970703125 0.05 0.0576171875
0 0.8046875 0.22998046875 0.043750000000000004 0.0595703125
0 0.776953125 0.89306640625 0.047656250000000004 0.0576171875
0 0.533203125 0.75146484375 0.055468750000000004 0.0634765625
0 0.745703125 0.744140625 0.06015625 0.080078125
0 0.4625 0.767578125 0.043750000000000004 0.060546875
0 0.583984375 0.68701171875 0.05078125 0.0634765625
0 0.6277343750000001 0.36962890625 0.05234375 0.0595703125
0 0.283984375 0.4833984375 0.05390625 0.064453125
0 0.9183593750000001 0.65576171875 0.047656250000000004 0.0556640625
0 0.844921875 0.7421875 0.039843750000000004 0.0546875
0 0.584375 0.4296875 0.0484375 0.0546875
0 0.64453125 0.4443359375 0.060937500000000006 0.064453125
0 0.7332031250000001 0.35400390625 0.039843750000000004 0.0498046875
4 0.70703125 0.91162109375 0.0625 0.0693359375
0 0.7984375 0.771484375 0.040625 0.064453125
0 0.6019531250000001 0.56884765625 0.049218750000000006 0.0693359375
0 0.8617187500000001 0.40087890625 0.045312500000000006 0.0537109375
0 0.78515625 0.1005859375 0.0484375 0.05859375
0 0.29296875 0.05419921875 0.035937500000000004 0.0556640625
0 0.13203125000000002 0.06787109375 0.0421875 0.0595703125
4 0.55703125 0.18994140625 0.045312500000000006 0.0537109375
0 0.172265625 0.2041015625 0.05078125 0.05859375
0 0.021484375 0.22900390625 0.039843750000000004 0.0576171875
0 0.761328125 0.28466796875 0.047656250000000004 0.0654296875
0 0.429296875 0.55419921875 0.04609375 0.0693359375
0 0.833203125 0.4521484375 0.04453125 0.056640625
0 0.83359375 0.51953125 0.045312500000000006 0.052734375
0 0.9789062500000001 0.701171875 0.040625 0.05859375
0 0.185546875 0.072265625 0.04609375 0.056640625