0 0.63984375 0.9599609375 0.0578125 0.076171875
0 0.786328125 0.951171875 0.05859375 0.0703125
0 0.556640625 0.6728515625 0.05859375 0.07421875
0 0.6937500000000001 0.685546875 0.05 0.078125
2 0.6585937500000001 0.7314453125 0.03125 0.0390625
0 0.44296875 0.79443359375 0.059375000000000004 0.0673828125
1 0.31367187500000004 0.77978515625 0.02109375 0.0322265625
0 0.570703125 0.89990234375 0.04609375 0.0537109375
0 0.641796875 0.3916015625 0.05234375 0.064453125
1 0.956640625 0.21044921875 0.02421875 0.0322265625
0 0.39921875 0.125 0.053125000000000006 0.0625
0 0.312109375 0.18310546875 0.047656250000000004 0.0556640625
2 0.063671875 0.52734375 0.02890625 0.041015625
0 0.095703125 0.31884765625 0.04296875 0.0595703125
2 0.094921875 0.44140625 0.030468750000000003 0.0390625
1 0.033984375000000004 0.37646484375 0.02421875 0.0322265625
0 0.37578125 0.1904296875 0.037500000000000006 0.0546875
0 0.42226562500000003 0.17626953125 0.041406250000000006 0.0517578125
0 0.51953125 0.19384765625 0.046875 0.0654296875
1 0.57578125 0.09326171875 0.026562500000000003 0.0322265625
0 0.46406250000000004 0.39453125 0.0484375 0.056640625
0 0.823828125 0.1171875 0.049218750000000006 0.064453125
0 0.494921875 0.466796875 0.039843750000000004 0.05078125
0 0.5164062500000001 0.35986328125 0.0421875 0.0517578125
0 0.1265625 0.19970703125 0.051562500000000004 0.0576171875
1 0.12109375 0.81298828125 0.029687500000000002 0.0380859375
1 0.027734375000000002 0.70849609375 0.025781250000000002 0.0380859375
1 0.962109375 0.712890625 0.025781250000000002 0.03515625
1 0.8539062500000001 0.4052734375 0.021875000000000002 0.029296875
2 0.925 0.84814453125 0.028125 0.0361328125
0 0.06953125 0.07470703125 0.045312500000000006 0.0595703125
0 0.160546875 0.0380859375 0.047656250000000004 0.060546875
0 0.40351562500000004 0.2509765625 0.06015625 0.0703125
0 0.323828125 0.3828125 0.047656250000000004 0.05859375
0 0.38125000000000003 0.3466796875 0.043750000000000004 0.05859375
0 0.401171875 0.404296875 0.05390625 0.0625
0 0.6976562500000001 0.53515625 0.053125000000000006 0.060546875
0 0.309375 0.56298828125 0.0484375 0.0595703125
0 0.22031250000000002 0.37353515625 0.051562500000000004 0.0498046875
0 0.25859375 0.28515625 0.040625 0.052734375
0 0.564453125 0.29443359375 0.04453125 0.0537109375
0 0.769140625 0.642578125 0.04453125 0.052734375
0 0.158984375 0.3349609375 0.04609375 0.064453125
0 0.078515625 0.185546875 0.041406250000000006 0.0546875
0 0.0890625 0.25048828125 0.046875 0.0576171875
0 0.358203125 0.5810546875 0.04453125 0.05078125
0 0.58125 0.47998046875 0.0421875 0.0556640625
2 0.2578125 0.84765625 0.035937500000000004 0.04296875
0 0.849609375 0.0302734375 0.05390625 0.060546875
0 0.616796875 0.5380859375 0.04296875 0.05078125
0 0.26484375 0.609375 0.051562500000000004 0.060546875
0 0.401171875 0.90478515625 0.04453125 0.0654296875
0 0.44921875 0.91650390625 0.05 0.0654296875
0 0.4234375 0.97021484375 0.0546875 0.0576171875
0 0.5417968750000001 0.0390625 0.05859375 0.078125
0 0.34609375000000003 0.64404296875 0.0421875 0.0556640625