1 0.355078125 0.23193359375 0.03671875 0.0458984375
4 0.618359375 0.2470703125 0.06328125 0.078125
1 0.50234375 0.59228515625 0.0328125 0.0380859375
1 0.440234375 0.46142578125 0.03359375 0.0361328125
1 0.37539062500000003 0.4921875 0.02890625 0.041015625
1 0.21875 0.47314453125 0.040625 0.0380859375
1 0.619140625 0.75244140625 0.039843750000000004 0.0458984375
1 0.498046875 0.71533203125 0.03828125 0.0439453125
1 0.9875 0.66015625 0.0234375 0.037109375
1 0.72421875 0.619140625 0.0328125 0.03515625
1 0.8851562500000001 0.59228515625 0.025 0.0361328125
1 0.83515625 0.84228515625 0.028125 0.0361328125
1 0.49296875 0.923828125 0.03125 0.0390625
1 0.39765625000000004 0.7109375 0.026562500000000003 0.03125
1 0.225390625 0.97705078125 0.03359375 0.0380859375
1 0.28828125 0.904296875 0.029687500000000002 0.033203125
1 0.7097656250000001 0.91552734375 0.030468750000000003 0.0322265625
1 0.7757812500000001 0.81494140625 0.028125 0.0341796875
1 0.177734375 0.8515625 0.02734375 0.03125
1 0.013671875 0.78173828125 0.02734375 0.0361328125
1 0.08359375000000001 0.72705078125 0.028125 0.0341796875
1 0.38906250000000003 0.5537109375 0.03125 0.033203125
1 0.16132812500000002 0.10205078125 0.030468750000000003 0.0400390625
1 0.494921875 0.10888671875 0.02734375 0.0322265625
1 0.7156250000000001 0.7578125 0.029687500000000002 0.033203125
1 0.031640625 0.056640625 0.02890625 0.037109375
1 0.353125 0.9580078125 0.03125 0.03125
1 0.7699218750000001 0.17041015625 0.02890625 0.0302734375
1 0.691015625 0.8134765625 0.030468750000000003 0.033203125
1 0.48554687500000004 0.55615234375 0.032031250000000004 0.0322265625
1 0.5613281250000001 0.27001953125 0.02734375 0.0341796875
1 0.598046875 0.30810546875 0.02734375 0.0400390625
1 0.51796875 0.14501953125 0.026562500000000003 0.0341796875
1 0.390625 0.0166015625 0.029687500000000002 0.033203125