3 0.5925781250000001 0.2900390625 0.07890625000000001 0.095703125
0 0.6742187500000001 0.6240234375 0.0671875 0.083984375
0 0.27968750000000003 0.6806640625 0.0546875 0.07421875
0 0.5457031250000001 0.93994140625 0.06171875 0.0732421875
0 0.44296875 0.9130859375 0.060937500000000006 0.087890625
0 0.1171875 0.677734375 0.053125000000000006 0.072265625
0 0.34140625 0.65966796875 0.05 0.0595703125
0 0.40742187500000004 0.56884765625 0.04609375 0.0673828125
1 0.599609375 0.431640625 0.032031250000000004 0.0390625
0 0.851171875 0.9541015625 0.05234375 0.068359375
0 0.02421875 0.44873046875 0.0484375 0.0693359375
0 0.9140625 0.2587890625 0.053125000000000006 0.064453125
2 0.543359375 0.6083984375 0.030468750000000003 0.033203125
0 0.43593750000000003 0.65087890625 0.043750000000000004 0.0595703125
0 0.35625 0.51953125 0.045312500000000006 0.056640625
0 0.036328125 0.9609375 0.047656250000000004 0.05859375
0 0.118359375 0.072265625 0.05390625 0.07421875
1 0.7546875000000001 0.62890625 0.021875000000000002 0.033203125
0 0.9617187500000001 0.107421875 0.0484375 0.0625
0 0.911328125 0.31982421875 0.041406250000000006 0.0615234375
0 0.050390625 0.67138671875 0.05859375 0.0693359375
0 0.030078125 0.7607421875 0.055468750000000004 0.064453125
0 0.33125000000000004 0.58642578125 0.0578125 0.0673828125
0 0.79453125 0.814453125 0.05 0.06640625
0 0.8636718750000001 0.1142578125 0.04453125 0.052734375
0 0.805859375 0.18212890625 0.047656250000000004 0.0537109375
0 0.1125 0.158203125 0.059375000000000004 0.068359375
0 0.09140625000000001 0.48095703125 0.053125000000000006 0.0634765625
0 0.039453125000000006 0.59326171875 0.05078125 0.0595703125
0 0.080078125 0.7265625 0.049218750000000006 0.0546875
0 0.41484375 0.8330078125 0.046875 0.052734375
0 0.809765625 0.8828125 0.041406250000000006 0.056640625
0 0.751171875 0.8828125 0.04296875 0.0546875
0 0.962890625 0.2607421875 0.05078125 0.05859375