0 0.23515625 0.60400390625 0.060937500000000006 0.0732421875
0 0.325 0.60595703125 0.060937500000000006 0.0771484375
0 0.10625000000000001 0.2763671875 0.0578125 0.072265625
0 0.24179687500000002 0.1357421875 0.05859375 0.068359375
2 0.308203125 0.3720703125 0.030468750000000003 0.037109375
0 0.7296875 0.3984375 0.060937500000000006 0.076171875
0 0.9398437500000001 0.47509765625 0.0734375 0.0927734375
0 0.6671875 0.64697265625 0.060937500000000006 0.0634765625
0 0.84375 0.47314453125 0.05625 0.0673828125
0 0.94140625 0.88232421875 0.0546875 0.0693359375
0 0.62421875 0.4482421875 0.045312500000000006 0.05859375
0 0.6449218750000001 0.56591796875 0.06328125 0.0810546875
0 0.054296875 0.6826171875 0.05390625 0.056640625
0 0.075390625 0.4580078125 0.05078125 0.064453125
0 0.585546875 0.6318359375 0.04453125 0.0625
0 0.11093750000000001 0.62451171875 0.0421875 0.0615234375