0 0.54296875 0.59326171875 0.0625 0.0849609375
0 0.315234375 0.802734375 0.05390625 0.06640625
0 0.3015625 0.73583984375 0.053125000000000006 0.0654296875
0 0.68125 0.5830078125 0.051562500000000004 0.068359375
0 0.5574218750000001 0.36279296875 0.06015625 0.0771484375
0 0.8812500000000001 0.314453125 0.05625 0.068359375
0 0.6394531250000001 0.14599609375 0.05390625 0.0751953125
0 0.224609375 0.3427734375 0.06015625 0.08203125
0 0.908203125 0.21484375 0.05234375 0.068359375
0 0.648046875 0.3544921875 0.049218750000000006 0.0703125
0 0.703125 0.52294921875 0.051562500000000004 0.0732421875
0 0.49609375 0.69091796875 0.0484375 0.0576171875
0 0.22109375 0.68212890625 0.053125000000000006 0.0673828125
0 0.50234375 0.3544921875 0.0484375 0.0625
1 0.35703125 0.2275390625 0.021875000000000002 0.033203125
0 0.025781250000000002 0.0986328125 0.0484375 0.0703125
0 0.1375 0.42578125 0.0484375 0.060546875
0 0.25625000000000003 0.4150390625 0.046875 0.0625
0 0.76953125 0.24951171875 0.0546875 0.0634765625
0 0.8191406250000001 0.228515625 0.05078125 0.05859375
0 0.85703125 0.17919921875 0.051562500000000004 0.0654296875
0 0.18046875 0.220703125 0.059375000000000004 0.078125
0 0.37812500000000004 0.43212890625 0.06406250000000001 0.0751953125
0 0.696484375 0.14697265625 0.057031250000000006 0.0673828125
0 0.9625 0.30078125 0.045312500000000006 0.064453125
0 0.35976562500000003 0.6982421875 0.07265625 0.07421875
0 0.66328125 0.47900390625 0.05 0.0615234375
0 0.75703125 0.302734375 0.046875 0.0546875
0 0.3921875 0.62548828125 0.045312500000000006 0.0537109375
0 0.21210937500000002 0.4140625 0.04609375 0.0546875