0 0.8054687500000001 0.2734375 0.06406250000000001 0.07421875
0 0.34140625 0.71923828125 0.045312500000000006 0.0576171875
0 0.2328125 0.97314453125 0.0421875 0.0517578125
0 0.511328125 0.8720703125 0.047656250000000004 0.056640625
0 0.5613281250000001 0.81201171875 0.049218750000000006 0.0595703125
0 0.26992187500000003 0.80810546875 0.039843750000000004 0.0576171875
0 0.068359375 0.39990234375 0.05234375 0.0634765625
1 0.21992187500000002 0.6611328125 0.022656250000000003 0.03125
0 0.38046875 0.5908203125 0.046875 0.05859375
0 0.455859375 0.57470703125 0.047656250000000004 0.0615234375
0 0.3328125 0.4375 0.045312500000000006 0.064453125
0 0.32890625 0.50146484375 0.040625 0.0517578125
0 0.537109375 0.5439453125 0.041406250000000006 0.052734375
0 0.13359375 0.21875 0.045312500000000006 0.0546875
0 0.644140625 0.03271484375 0.05234375 0.0634765625
0 0.6687500000000001 0.103515625 0.046875 0.060546875
0 0.5261718750000001 0.2666015625 0.055468750000000004 0.064453125
0 0.7703125000000001 0.08837890625 0.0421875 0.0556640625
0 0.125 0.34619140625 0.0421875 0.0576171875
0 0.154296875 0.0302734375 0.041406250000000006 0.052734375
0 0.343359375 0.28857421875 0.041406250000000006 0.0498046875
0 0.350390625 0.345703125 0.039843750000000004 0.052734375
0 0.3328125 0.875 0.043750000000000004 0.0546875
0 0.9359375000000001 0.59521484375 0.0390625 0.0537109375
0 0.39687500000000003 0.69775390625 0.043750000000000004 0.0556640625
0 0.19257812500000002 0.3759765625 0.03671875 0.044921875
0 0.23046875 0.40380859375 0.0390625 0.0498046875
0 0.1203125 0.10107421875 0.043750000000000004 0.0615234375
0 0.172265625 0.1005859375 0.039843750000000004 0.048828125
0 0.48085937500000003 0.81298828125 0.03828125 0.0478515625
1 0.525 0.76953125 0.021875000000000002 0.0234375
2 0.65625 0.84130859375 0.0390625 0.0458984375
4 0.0484375 0.83203125 0.060937500000000006 0.07421875
0 0.03125 0.2236328125 0.05 0.064453125
0 0.17695312500000002 0.8427734375 0.049218750000000006 0.0625
0 0.435546875 0.40087890625 0.041406250000000006 0.0498046875
0 0.259765625 0.35986328125 0.05234375 0.0537109375
0 0.8714843750000001 0.15234375 0.04609375 0.048828125
0 0.37890625 0.77490234375 0.0484375 0.0634765625