0 0.79609375 0.77978515625 0.0484375 0.0576171875
0 0.94296875 0.8984375 0.0484375 0.0625
0 0.8714843750000001 0.77978515625 0.05390625 0.0654296875
0 0.618359375 0.80322265625 0.03828125 0.0537109375
0 0.78046875 0.498046875 0.045312500000000006 0.0625
0 0.8015625000000001 0.43310546875 0.053125000000000006 0.0615234375
0 0.93671875 0.279296875 0.0390625 0.052734375
0 0.8390625 0.29833984375 0.0484375 0.0673828125
0 0.5300781250000001 0.28515625 0.05234375 0.05859375
2 0.54921875 0.43359375 0.03125 0.0390625
0 0.380859375 0.29248046875 0.04296875 0.0517578125
0 0.40859375000000003 0.337890625 0.045312500000000006 0.052734375
0 0.44062500000000004 0.2255859375 0.040625 0.05078125
0 0.9222656250000001 0.15087890625 0.047656250000000004 0.0595703125
0 0.916015625 0.09228515625 0.04453125 0.0634765625
0 0.9625 0.10693359375 0.045312500000000006 0.0654296875
0 0.194140625 0.69287109375 0.049218750000000006 0.0576171875
0 0.13125 0.87744140625 0.046875 0.0556640625
0 0.5578125 0.77734375 0.059375000000000004 0.0703125
0 0.6390625000000001 0.734375 0.043750000000000004 0.0625
1 0.9085937500000001 0.5107421875 0.0203125 0.025390625
0 0.2 0.54345703125 0.040625 0.0478515625
0 0.1125 0.92919921875 0.034375 0.0478515625
0 0.401953125 0.73193359375 0.049218750000000006 0.0634765625
0 0.451171875 0.6796875 0.05234375 0.060546875
1 0.491015625 0.80712890625 0.02890625 0.0341796875
0 0.508984375 0.2236328125 0.05859375 0.072265625
0 0.6101562500000001 0.59033203125 0.051562500000000004 0.0712890625
0 0.216796875 0.61669921875 0.047656250000000004 0.0615234375
0 0.229296875 0.90087890625 0.04609375 0.0595703125
0 0.051562500000000004 0.6630859375 0.043750000000000004 0.052734375
0 0.7562500000000001 0.81591796875 0.0421875 0.0556640625