0 0.23554687500000002 0.6552734375 0.049218750000000006 0.0703125
0 0.3125 0.8935546875 0.0578125 0.05859375
0 0.148046875 0.9619140625 0.04453125 0.05078125
0 0.462890625 0.84130859375 0.055468750000000004 0.0634765625
0 0.394140625 0.7421875 0.055468750000000004 0.0703125
0 0.32929687500000004 0.642578125 0.049218750000000006 0.0625
0 0.491015625 0.64208984375 0.05078125 0.0615234375
0 0.7464843750000001 0.7880859375 0.047656250000000004 0.060546875
0 0.78671875 0.552734375 0.0546875 0.06640625
0 0.487109375 0.40576171875 0.04609375 0.0537109375
0 0.9625 0.4423828125 0.046875 0.064453125
2 0.7191406250000001 0.11181640625 0.02890625 0.0400390625
0 0.5496093750000001 0.115234375 0.05078125 0.05859375
0 0.439453125 0.26416015625 0.03828125 0.0517578125
1 0.43476562500000004 0.95751953125 0.022656250000000003 0.0302734375
1 0.5515625000000001 0.896484375 0.0203125 0.029296875
0 0.9675781250000001 0.82421875 0.041406250000000006 0.056640625
0 0.28945312500000003 0.123046875 0.04453125 0.05859375
0 0.362890625 0.39306640625 0.05390625 0.0654296875
0 0.36015625 0.029296875 0.0703125 0.05859375
0 0.6359375 0.1142578125 0.0484375 0.068359375
0 0.43359375 0.78271484375 0.045312500000000006 0.0576171875
0 0.47773437500000004 0.57080078125 0.05078125 0.0693359375
0 0.8816406250000001 0.4443359375 0.06015625 0.0859375
0 0.53515625 0.17236328125 0.037500000000000006 0.0498046875
0 0.580078125 0.2109375 0.041406250000000006 0.048828125
0 0.6214843750000001 0.21240234375 0.03828125 0.0576171875
0 0.38007812500000004 0.13037109375 0.04296875 0.0595703125
0 0.2078125 0.10693359375 0.0546875 0.0654296875
0 0.7289062500000001 0.5693359375 0.043750000000000004 0.064453125
0 0.7125 0.849609375 0.05625 0.064453125
0 0.8851562500000001 0.58642578125 0.043750000000000004 0.0595703125
0 0.141015625 0.0849609375 0.04609375 0.052734375
0 0.7894531250000001 0.87744140625 0.04296875 0.0537109375
0 0.47890625000000003 0.35498046875 0.0484375 0.0556640625