0 0.954296875 0.81103515625 0.041406250000000006 0.0517578125
0 0.9597656250000001 0.87109375 0.039843750000000004 0.05859375
0 0.9460937500000001 0.95751953125 0.045312500000000006 0.0615234375
0 0.8695312500000001 0.8837890625 0.051562500000000004 0.0546875
0 0.6800781250000001 0.92333984375 0.05078125 0.0673828125
0 0.7351562500000001 0.86962890625 0.0421875 0.0556640625
0 0.744140625 0.74365234375 0.04609375 0.0615234375
0 0.6062500000000001 0.802734375 0.051562500000000004 0.068359375
0 0.73203125 0.623046875 0.043750000000000004 0.060546875
0 0.78125 0.62451171875 0.0421875 0.0556640625
0 0.78828125 0.494140625 0.051562500000000004 0.064453125
0 0.839453125 0.4462890625 0.05234375 0.07421875
0 0.8363281250000001 0.29638671875 0.05234375 0.0673828125
0 0.8675781250000001 0.22314453125 0.05078125 0.0693359375
0 0.8921875 0.1396484375 0.045312500000000006 0.05859375
0 0.6976562500000001 0.13525390625 0.043750000000000004 0.0615234375
0 0.6515625 0.1201171875 0.045312500000000006 0.060546875
0 0.65625 0.1806640625 0.046875 0.0625
1 0.6453125000000001 0.5380859375 0.0203125 0.03125
0 0.532421875 0.8046875 0.04453125 0.060546875
0 0.13828125 0.7568359375 0.053125000000000006 0.064453125
0 0.1609375 0.9599609375 0.043750000000000004 0.056640625
0 0.37343750000000003 0.75830078125 0.043750000000000004 0.0595703125
0 0.14570312500000002 0.36572265625 0.04453125 0.0537109375
2 0.284375 0.45654296875 0.029687500000000002 0.0361328125
0 0.26601562500000003 0.3115234375 0.05078125 0.0625
0 0.24453125 0.248046875 0.0546875 0.0703125
0 0.574609375 0.3232421875 0.05078125 0.06640625
0 0.36562500000000003 0.0341796875 0.0484375 0.0625
0 0.7152343750000001 0.19677734375 0.04296875 0.0576171875
0 0.7671875 0.55810546875 0.040625 0.0556640625
0 0.178515625 0.2529296875 0.03828125 0.0546875
0 0.15976562500000002 0.18994140625 0.039843750000000004 0.0537109375
0 0.183984375 0.703125 0.05859375 0.06640625
0 0.29335937500000003 0.806640625 0.06015625 0.06640625
0 0.53828125 0.45849609375 0.05625 0.0673828125
0 0.11601562500000001 0.31787109375 0.05078125 0.0556640625
0 0.7890625 0.4228515625 0.0546875 0.068359375
0 0.346484375 0.61279296875 0.05234375 0.0654296875
0 0.4609375 0.03466796875 0.046875 0.0595703125
0 0.640234375 0.86474609375 0.04296875 0.0615234375
1 0.226953125 0.83447265625 0.02734375 0.0361328125
1 0.684765625 0.9677734375 0.022656250000000003 0.029296875
0 0.229296875 0.76318359375 0.05859375 0.0654296875
0 0.49140625000000004 0.8427734375 0.0484375 0.05859375
0 0.7367187500000001 0.07861328125 0.040625 0.0576171875
0 0.76875 0.05029296875 0.045312500000000006 0.0517578125
0 0.35546875 0.82666015625 0.0421875 0.0517578125