0 0.45937500000000003 0.52734375 0.05625 0.0703125
0 0.132421875 0.35791015625 0.05078125 0.0654296875
0 0.80859375 0.810546875 0.0421875 0.060546875
0 0.8441406250000001 0.83251953125 0.03828125 0.0458984375
0 0.41484375 0.4267578125 0.040625 0.052734375
0 0.486328125 0.2861328125 0.041406250000000006 0.0546875
0 0.6804687500000001 0.318359375 0.05 0.060546875
0 0.702734375 0.2197265625 0.041406250000000006 0.05859375
1 0.586328125 0.12841796875 0.02421875 0.0302734375
0 0.6335937500000001 0.16796875 0.043750000000000004 0.060546875
0 0.10546875 0.251953125 0.05 0.06640625
0 0.138671875 0.21337890625 0.047656250000000004 0.0634765625
0 0.03671875 0.24365234375 0.045312500000000006 0.0576171875
0 0.08515625 0.47265625 0.0390625 0.048828125
0 0.6394531250000001 0.033203125 0.047656250000000004 0.05859375
0 0.21796875000000002 0.63134765625 0.040625 0.0537109375
1 0.139453125 0.6572265625 0.02421875 0.03515625
0 0.47382812500000004 0.06640625 0.047656250000000004 0.056640625
0 0.6734375 0.10205078125 0.046875 0.0654296875
1 0.408203125 0.826171875 0.030468750000000003 0.041015625