0 0.47500000000000003 0.83154296875 0.060937500000000006 0.0732421875
0 0.8890625000000001 0.60986328125 0.046875 0.0576171875
0 0.845703125 0.5947265625 0.04296875 0.0546875
0 0.761328125 0.666015625 0.05078125 0.048828125
0 0.749609375 0.71875 0.04453125 0.056640625
0 0.698828125 0.75341796875 0.04453125 0.0498046875
0 0.9398437500000001 0.31298828125 0.045312500000000006 0.0576171875
0 0.874609375 0.70166015625 0.04296875 0.0498046875
0 0.776953125 0.83544921875 0.039843750000000004 0.0498046875
0 0.7578125 0.49658203125 0.035937500000000004 0.0458984375
1 0.814453125 0.65283203125 0.02421875 0.0322265625
0 0.550390625 0.47021484375 0.047656250000000004 0.0634765625
0 0.6671875 0.55517578125 0.046875 0.0498046875
0 0.6058593750000001 0.576171875 0.03828125 0.05078125
0 0.704296875 0.619140625 0.04453125 0.056640625
0 0.63984375 0.17626953125 0.043750000000000004 0.0537109375
0 0.31875000000000003 0.2236328125 0.043750000000000004 0.0546875
0 0.298828125 0.15966796875 0.04453125 0.0556640625
0 0.2546875 0.16259765625 0.043750000000000004 0.0537109375
0 0.28046875 0.20703125 0.037500000000000006 0.048828125
0 0.2484375 0.3056640625 0.037500000000000006 0.048828125
0 0.6257812500000001 0.240234375 0.05625 0.0625
0 0.5398437500000001 0.34521484375 0.040625 0.0576171875
0 0.72421875 0.42333984375 0.037500000000000006 0.0517578125
0 0.71640625 0.26953125 0.040625 0.048828125
0 0.5734375 0.3720703125 0.035937500000000004 0.046875
0 0.42226562500000003 0.525390625 0.041406250000000006 0.046875
0 0.40234375 0.6171875 0.0390625 0.05078125
0 0.48125 0.55517578125 0.045312500000000006 0.0615234375
0 0.599609375 0.8232421875 0.04609375 0.05859375
0 0.67109375 0.462890625 0.0390625 0.052734375
0 0.6140625000000001 0.41259765625 0.0421875 0.0576171875
0 0.098046875 0.48583984375 0.06796875000000001 0.0888671875
0 0.369921875 0.6591796875 0.057031250000000006 0.0703125
0 0.40859375000000003 0.08642578125 0.0546875 0.0654296875
0 0.6937500000000001 0.79931640625 0.051562500000000004 0.0537109375
0 0.6734375 0.89013671875 0.043750000000000004 0.0517578125
0 0.7957031250000001 0.70361328125 0.04609375 0.0595703125
0 0.75390625 0.61962890625 0.043750000000000004 0.0498046875
0 0.5609375 0.732421875 0.051562500000000004 0.0625
0 0.555078125 0.85302734375 0.05234375 0.0673828125