0 0.37421875000000004 0.39306640625 0.06406250000000001 0.0751953125
0 0.40664062500000003 0.44921875 0.05390625 0.06640625
0 0.43671875000000004 0.4189453125 0.0484375 0.06640625
0 0.626171875 0.54345703125 0.05859375 0.0791015625
0 0.6707031250000001 0.498046875 0.041406250000000006 0.0546875
0 0.73203125 0.80224609375 0.053125000000000006 0.0634765625
1 0.77890625 0.81103515625 0.026562500000000003 0.0322265625
0 0.964453125 0.7021484375 0.041406250000000006 0.0546875
2 0.98359375 0.81982421875 0.029687500000000002 0.0380859375
0 0.19062500000000002 0.505859375 0.040625 0.05078125
0 0.171875 0.55322265625 0.0484375 0.0634765625
0 0.21953125 0.54638671875 0.040625 0.0498046875
0 0.087890625 0.56982421875 0.04296875 0.0537109375
0 0.35976562500000003 0.8466796875 0.039843750000000004 0.048828125
1 0.30117187500000003 0.96826171875 0.02421875 0.0361328125
0 0.528515625 0.51708984375 0.03515625 0.0458984375
0 0.62109375 0.46337890625 0.037500000000000006 0.0478515625
0 0.76484375 0.3671875 0.0390625 0.05078125
2 0.57734375 0.375 0.029687500000000002 0.0390625