0 0.634375 0.96875 0.05 0.060546875
0 0.876953125 0.74609375 0.05078125 0.060546875
1 0.92109375 0.6962890625 0.021875000000000002 0.03125
1 0.888671875 0.68603515625 0.02421875 0.0322265625
1 0.8328125000000001 0.7255859375 0.025 0.03125
0 0.9496093750000001 0.58349609375 0.04453125 0.0556640625
0 0.5984375000000001 0.78271484375 0.053125000000000006 0.0634765625
0 0.7566406250000001 0.2822265625 0.04609375 0.05859375
0 0.92578125 0.255859375 0.0390625 0.05078125
0 0.696875 0.25244140625 0.0484375 0.0693359375
1 0.802734375 0.19384765625 0.01953125 0.0302734375
0 0.474609375 0.0576171875 0.039843750000000004 0.052734375
0 0.5007812500000001 0.21240234375 0.0484375 0.0556640625
0 0.6707031250000001 0.31640625 0.039843750000000004 0.0546875
0 0.50625 0.27001953125 0.0390625 0.0478515625
0 0.39140625 0.41650390625 0.05 0.0634765625
0 0.4921875 0.33056640625 0.045312500000000006 0.0595703125
1 0.552734375 0.33984375 0.022656250000000003 0.03125
0 0.56640625 0.2392578125 0.035937500000000004 0.046875
0 0.6046875 0.248046875 0.034375 0.052734375
0 0.500390625 0.55712890625 0.04296875 0.0556640625
0 0.5640625 0.56396484375 0.0390625 0.0517578125
0 0.496875 0.6572265625 0.0421875 0.056640625
0 0.08828125 0.46435546875 0.053125000000000006 0.0654296875
0 0.134375 0.51025390625 0.043750000000000004 0.0576171875
1 0.033984375000000004 0.7958984375 0.030468750000000003 0.03515625
0 0.244140625 0.04931640625 0.05234375 0.0673828125
1 0.3140625 0.0732421875 0.026562500000000003 0.029296875
1 0.444921875 0.20361328125 0.022656250000000003 0.0283203125
0 0.6109375 0.40576171875 0.037500000000000006 0.0458984375
1 0.48984375 0.49560546875 0.021875000000000002 0.0283203125
1 0.069140625 0.2880859375 0.02421875 0.033203125
0 0.77265625 0.20556640625 0.046875 0.0654296875
1 0.681640625 0.89697265625 0.02890625 0.0283203125
0 0.6468750000000001 0.37939453125 0.037500000000000006 0.0517578125