0 0.394140625 0.18798828125 0.05234375 0.0595703125
0 0.654296875 0.1875 0.049218750000000006 0.0625
0 0.73359375 0.3056640625 0.05 0.064453125
0 0.63203125 0.34228515625 0.05625 0.0751953125
1 0.6511718750000001 0.45751953125 0.02734375 0.0341796875
0 0.609375 0.65478515625 0.05625 0.0771484375
0 0.6839843750000001 0.67724609375 0.04296875 0.0576171875
1 0.585546875 0.71142578125 0.02421875 0.0302734375
1 0.6726562500000001 0.8515625 0.0234375 0.03125
1 0.90625 0.9033203125 0.025 0.029296875
1 0.8484375000000001 0.97412109375 0.0234375 0.0322265625
0 0.144140625 0.119140625 0.05390625 0.06640625
1 0.08281250000000001 0.19384765625 0.0203125 0.0302734375
1 0.1171875 0.314453125 0.025 0.03125
0 0.215625 0.556640625 0.040625 0.05859375
0 0.11679687500000001 0.64892578125 0.05078125 0.0595703125
1 0.111328125 0.70751953125 0.022656250000000003 0.0263671875
0 0.0328125 0.77587890625 0.040625 0.0517578125
0 0.034765625 0.8388671875 0.03828125 0.048828125
0 0.9246093750000001 0.6533203125 0.06015625 0.076171875
4 0.448046875 0.1484375 0.049218750000000006 0.060546875