0 0.7503906250000001 0.63525390625 0.04609375 0.0537109375
0 0.7609375 0.5888671875 0.040625 0.05078125
0 0.325 0.927734375 0.043750000000000004 0.052734375
0 0.21601562500000002 0.92724609375 0.04453125 0.0517578125
0 0.1015625 0.86767578125 0.0390625 0.0556640625
0 0.353125 0.74072265625 0.037500000000000006 0.0517578125
0 0.380859375 0.77685546875 0.03515625 0.0458984375
0 0.31328125 0.76171875 0.043750000000000004 0.056640625
0 0.236328125 0.79443359375 0.03359375 0.0458984375
0 0.176171875 0.7880859375 0.06328125 0.078125
0 0.14921875 0.72119140625 0.045312500000000006 0.0517578125
0 0.09453125000000001 0.74951171875 0.045312500000000006 0.0654296875
1 0.5140625 0.9462890625 0.0234375 0.029296875
0 0.32148437500000004 0.62939453125 0.041406250000000006 0.0537109375
0 0.32265625000000003 0.3583984375 0.035937500000000004 0.048828125
0 0.505078125 0.107421875 0.057031250000000006 0.0703125
0 0.555859375 0.19384765625 0.041406250000000006 0.0498046875
0 0.41796875 0.31787109375 0.040625 0.0498046875
0 0.31289062500000003 0.4140625 0.05078125 0.0625
0 0.265234375 0.544921875 0.055468750000000004 0.076171875
1 0.5171875 0.255859375 0.026562500000000003 0.029296875
0 0.530859375 0.8515625 0.047656250000000004 0.0625
0 0.37343750000000003 0.34521484375 0.046875 0.0576171875
1 0.05 0.97705078125 0.028125 0.0361328125