0 0.970703125 0.22607421875 0.055468750000000004 0.0673828125
0 0.88671875 0.2998046875 0.0421875 0.05859375
0 0.9187500000000001 0.3564453125 0.0546875 0.0625
0 0.5417968750000001 0.13623046875 0.04296875 0.0537109375
0 0.44062500000000004 0.19921875 0.0421875 0.064453125
0 0.40546875000000004 0.11865234375 0.040625 0.0576171875
0 0.283984375 0.53662109375 0.047656250000000004 0.0654296875
0 0.32929687500000004 0.568359375 0.049218750000000006 0.0625
0 0.51796875 0.47314453125 0.046875 0.0537109375
0 0.634375 0.3681640625 0.040625 0.05078125
0 0.564453125 0.48388671875 0.04453125 0.0615234375
0 0.6117187500000001 0.5947265625 0.045312500000000006 0.0546875
0 0.55390625 0.60595703125 0.043750000000000004 0.0576171875
0 0.6410156250000001 0.75830078125 0.047656250000000004 0.0595703125
0 0.67578125 0.796875 0.043750000000000004 0.0546875
0 0.6578125 0.94873046875 0.0390625 0.0576171875
0 0.553125 0.8798828125 0.046875 0.05859375
1 0.479296875 0.734375 0.022656250000000003 0.03125
0 0.244921875 0.85595703125 0.041406250000000006 0.0537109375
1 0.25859375 0.9404296875 0.025 0.03515625
0 0.28671875 0.78125 0.037500000000000006 0.041015625
0 0.739453125 0.88818359375 0.039843750000000004 0.0478515625
0 0.20468750000000002 0.279296875 0.0484375 0.05859375
1 0.03125 0.443359375 0.0234375 0.037109375
0 0.14609375 0.1220703125 0.046875 0.068359375
0 0.17890625000000002 0.8330078125 0.051562500000000004 0.0546875
0 0.8011718750000001 0.89990234375 0.04609375 0.0576171875
1 0.46914062500000003 0.97705078125 0.03359375 0.0400390625
0 0.6589843750000001 0.861328125 0.04609375 0.072265625