0 0.97421875 0.48583984375 0.046875 0.0595703125
0 0.915234375 0.69580078125 0.04609375 0.0615234375
1 0.9441406250000001 0.84521484375 0.02421875 0.0302734375
0 0.8656250000000001 0.376953125 0.037500000000000006 0.05078125
0 0.869140625 0.4892578125 0.041406250000000006 0.052734375
0 0.775390625 0.60302734375 0.041406250000000006 0.0517578125
4 0.7800781250000001 0.75341796875 0.041406250000000006 0.0498046875
0 0.7734375 0.462890625 0.046875 0.0625
0 0.809765625 0.27294921875 0.06015625 0.0673828125
0 0.800390625 0.33984375 0.03828125 0.048828125
0 0.8250000000000001 0.37939453125 0.034375 0.0498046875
0 0.784765625 0.39306640625 0.04453125 0.0576171875
0 0.46406250000000004 0.65087890625 0.045312500000000006 0.0576171875
0 0.505078125 0.63427734375 0.039843750000000004 0.0537109375
0 0.5046875000000001 0.7041015625 0.0484375 0.0703125
0 0.6890625 0.79248046875 0.037500000000000006 0.0498046875
0 0.483984375 0.75830078125 0.04609375 0.0595703125
1 0.603125 0.5947265625 0.0234375 0.033203125
0 0.228515625 0.58203125 0.05234375 0.064453125
0 0.236328125 0.92236328125 0.05078125 0.0634765625
0 0.035937500000000004 0.8359375 0.043750000000000004 0.0546875
0 0.09609375 0.68359375 0.0484375 0.0546875
1 0.28750000000000003 0.4384765625 0.021875000000000002 0.02734375
0 0.2 0.32763671875 0.043750000000000004 0.0576171875
0 0.170703125 0.20751953125 0.049218750000000006 0.0654296875
0 0.1390625 0.26123046875 0.034375 0.0439453125
0 0.125390625 0.306640625 0.039843750000000004 0.052734375
0 0.160546875 0.29541015625 0.03359375 0.0458984375
0 0.080078125 0.322265625 0.047656250000000004 0.052734375
0 0.094140625 0.455078125 0.04453125 0.056640625
0 0.753515625 0.53759765625 0.05234375 0.0654296875