0 0.9339843750000001 0.8291015625 0.05234375 0.064453125
1 0.91328125 0.87255859375 0.0234375 0.0322265625
1 0.884375 0.93212890625 0.026562500000000003 0.0283203125
0 0.7484375000000001 0.919921875 0.046875 0.0625
0 0.8812500000000001 0.53125 0.0546875 0.072265625
0 0.814453125 0.615234375 0.05390625 0.06640625
0 0.8226562500000001 0.361328125 0.0390625 0.052734375
0 0.765625 0.7158203125 0.045312500000000006 0.052734375
0 0.718359375 0.77392578125 0.04296875 0.0556640625
0 0.578125 0.86328125 0.05 0.068359375
0 0.476171875 0.94873046875 0.047656250000000004 0.0634765625
0 0.432421875 0.90478515625 0.04609375 0.0595703125
0 0.622265625 0.82275390625 0.04453125 0.0556640625
0 0.610546875 0.76416015625 0.039843750000000004 0.0556640625
0 0.65390625 0.7158203125 0.0578125 0.080078125
0 0.55 0.74755859375 0.0546875 0.0712890625
0 0.7585937500000001 0.53857421875 0.0390625 0.0478515625
0 0.7371093750000001 0.61962890625 0.039843750000000004 0.0537109375
0 0.5906250000000001 0.494140625 0.053125000000000006 0.056640625
0 0.638671875 0.548828125 0.041406250000000006 0.060546875
0 0.5710937500000001 0.619140625 0.043750000000000004 0.0546875
0 0.6882812500000001 0.5947265625 0.043750000000000004 0.05078125
0 0.7453125 0.48681640625 0.0390625 0.0517578125
0 0.31562500000000004 0.43359375 0.053125000000000006 0.0703125
0 0.345703125 0.49853515625 0.04296875 0.0517578125
0 0.47382812500000004 0.724609375 0.049218750000000006 0.060546875
0 0.5328125 0.82080078125 0.0421875 0.0498046875
0 0.5222656250000001 0.92041015625 0.04609375 0.0595703125
0 0.41718750000000004 0.68896484375 0.043750000000000004 0.0673828125
0 0.451171875 0.82421875 0.03515625 0.048828125
0 0.487890625 0.78759765625 0.03671875 0.0498046875
0 0.330859375 0.74365234375 0.047656250000000004 0.0576171875
0 0.27109375 0.775390625 0.037500000000000006 0.048828125
0 0.280078125 0.6083984375 0.05234375 0.064453125
0 0.29765625 0.51953125 0.045312500000000006 0.05859375
0 0.26171875 0.45556640625 0.0421875 0.0537109375
0 0.21015625000000002 0.46728515625 0.043750000000000004 0.0556640625
0 0.181640625 0.4033203125 0.039843750000000004 0.0546875
0 0.13046875 0.4248046875 0.043750000000000004 0.048828125
0 0.06640625 0.3583984375 0.0484375 0.064453125
0 0.06796875000000001 0.51025390625 0.0484375 0.0556640625
0 0.090234375 0.57958984375 0.049218750000000006 0.0634765625
0 0.236328125 0.65966796875 0.05078125 0.0732421875
0 0.13046875 0.66845703125 0.045312500000000006 0.0576171875
0 0.5359375000000001 0.498046875 0.060937500000000006 0.076171875
0 0.5808593750000001 0.556640625 0.03828125 0.048828125
0 0.6761718750000001 0.783203125 0.039843750000000004 0.052734375
0 0.31953125000000004 0.099609375 0.05625 0.068359375
0 0.593359375 0.1142578125 0.047656250000000004 0.05859375
0 0.642578125 0.15625 0.041406250000000006 0.05859375
4 0.393359375 0.54443359375 0.05234375 0.0732421875
0 0.37148437500000003 0.79296875 0.049218750000000006 0.05859375
1 0.9339843750000001 0.0224609375 0.032031250000000004 0.037109375
0 0.07109375 0.65087890625 0.045312500000000006 0.0576171875
0 0.1328125 0.3544921875 0.053125000000000006 0.068359375
0 0.6121093750000001 0.66015625 0.05234375 0.052734375
0 0.2234375 0.23828125 0.0484375 0.0546875
0 0.373828125 0.451171875 0.04609375 0.060546875
0 0.242578125 0.52587890625 0.04453125 0.0615234375
0 0.026171875 0.421875 0.05234375 0.0859375
0 0.420703125 0.7685546875 0.049218750000000006 0.064453125
0 0.69453125 0.83984375 0.053125000000000006 0.068359375
0 0.7117187500000001 0.6982421875 0.043750000000000004 0.0625
0 0.105859375 0.4833984375 0.04609375 0.0625
0 0.139453125 0.61474609375 0.05234375 0.0576171875
0 0.219140625 0.591796875 0.04609375 0.0625