0 0.9593750000000001 0.3974609375 0.060937500000000006 0.07421875
0 0.9066406250000001 0.60888671875 0.05390625 0.0810546875
0 0.8562500000000001 0.1943359375 0.0578125 0.078125
0 0.626953125 0.63623046875 0.05234375 0.0673828125
0 0.6527343750000001 0.56494140625 0.06328125 0.0732421875
0 0.637890625 0.34619140625 0.05234375 0.0693359375
0 0.523046875 0.44140625 0.055468750000000004 0.0703125
1 0.5847656250000001 0.74560546875 0.02421875 0.0361328125
0 0.758984375 0.3955078125 0.04609375 0.05859375
0 0.248046875 0.40966796875 0.05078125 0.0634765625
0 0.26210937500000003 0.47998046875 0.049218750000000006 0.0634765625
0 0.19921875 0.49658203125 0.046875 0.0654296875
0 0.241015625 0.548828125 0.039843750000000004 0.056640625
0 0.21406250000000002 0.615234375 0.046875 0.060546875
0 0.40546875000000004 0.49755859375 0.043750000000000004 0.0537109375
0 0.109375 0.81201171875 0.040625 0.0498046875
0 0.12187500000000001 0.85302734375 0.040625 0.0478515625
0 0.057421875000000004 0.91552734375 0.041406250000000006 0.0517578125
1 0.884765625 0.4560546875 0.022656250000000003 0.029296875
0 0.645703125 0.40283203125 0.03359375 0.0458984375