0 0.75390625 0.27001953125 0.046875 0.0654296875
0 0.7679687500000001 0.34375 0.053125000000000006 0.068359375
0 0.7488281250000001 0.412109375 0.04609375 0.060546875
0 0.722265625 0.4775390625 0.04296875 0.060546875
0 0.6171875 0.6748046875 0.045312500000000006 0.044921875
0 0.6296875000000001 0.7177734375 0.040625 0.052734375
0 0.91328125 0.36083984375 0.043750000000000004 0.0517578125
0 0.705078125 0.3603515625 0.04453125 0.068359375
0 0.393359375 0.28515625 0.05390625 0.068359375
0 0.39921875 0.36669921875 0.0421875 0.0634765625
0 0.371875 0.12646484375 0.0578125 0.0693359375
1 0.460546875 0.06982421875 0.02734375 0.0341796875
0 0.307421875 0.078125 0.05234375 0.064453125
0 0.26406250000000003 0.24853515625 0.0484375 0.0615234375
0 0.327734375 0.2744140625 0.04609375 0.064453125
0 0.33125000000000004 0.3388671875 0.0421875 0.046875
0 0.34882812500000004 0.3974609375 0.039843750000000004 0.05078125
0 0.36015625 0.4599609375 0.040625 0.052734375
0 0.403125 0.4921875 0.0484375 0.05859375
0 0.28359375000000003 0.32177734375 0.043750000000000004 0.0537109375
0 0.1265625 0.359375 0.046875 0.060546875
0 0.26640625 0.69189453125 0.051562500000000004 0.0673828125
0 0.30234375 0.599609375 0.046875 0.052734375
0 0.30859375 0.65185546875 0.045312500000000006 0.0537109375
0 0.24570312500000002 0.7744140625 0.05859375 0.076171875
0 0.34921875 0.80859375 0.051562500000000004 0.06640625
0 0.564453125 0.916015625 0.04609375 0.060546875
0 0.512890625 0.84765625 0.04609375 0.056640625
0 0.736328125 0.93505859375 0.049218750000000006 0.0654296875
0 0.5886718750000001 0.853515625 0.04609375 0.056640625
0 0.784375 0.93408203125 0.046875 0.0537109375
0 0.8859375 0.9716796875 0.0578125 0.0546875
1 0.456640625 0.33447265625 0.02421875 0.0263671875
0 0.837890625 0.95703125 0.041406250000000006 0.0546875
0 0.626953125 0.92431640625 0.055468750000000004 0.0771484375
0 0.7765625 0.8740234375 0.053125000000000006 0.0625
0 0.147265625 0.03076171875 0.05859375 0.0556640625