0 0.7421875 0.66845703125 0.0578125 0.0791015625
0 0.8015625000000001 0.65185546875 0.045312500000000006 0.0712890625
1 0.9500000000000001 0.697265625 0.025 0.03125
0 0.86484375 0.5888671875 0.046875 0.0625
0 0.8046875 0.4912109375 0.045312500000000006 0.056640625
0 0.9730468750000001 0.4267578125 0.05234375 0.072265625
0 0.9203125000000001 0.45068359375 0.0421875 0.0576171875
0 0.8656250000000001 0.45947265625 0.051562500000000004 0.0693359375
0 0.85859375 0.39013671875 0.046875 0.0595703125
1 0.67890625 0.72119140625 0.026562500000000003 0.0341796875
2 0.59140625 0.62890625 0.03125 0.041015625
0 0.837109375 0.2255859375 0.047656250000000004 0.064453125
0 0.8203125 0.056640625 0.0484375 0.064453125
1 0.6218750000000001 0.244140625 0.029687500000000002 0.037109375
1 0.374609375 0.02880859375 0.02890625 0.0322265625
1 0.536328125 0.4736328125 0.032031250000000004 0.037109375
0 0.5164062500000001 0.580078125 0.0484375 0.06640625
0 0.41718750000000004 0.64501953125 0.05 0.0615234375
0 0.246875 0.60791015625 0.0421875 0.0595703125
0 0.138671875 0.36328125 0.047656250000000004 0.076171875
0 0.08359375000000001 0.404296875 0.051562500000000004 0.072265625
1 0.109375 0.6337890625 0.0234375 0.03515625
0 0.155078125 0.6611328125 0.055468750000000004 0.0703125
1 0.031640625 0.25244140625 0.025781250000000002 0.0341796875
0 0.534765625 0.9150390625 0.05078125 0.0703125
0 0.31015625 0.3095703125 0.046875 0.072265625
1 0.06171875 0.97265625 0.029687500000000002 0.048828125
0 0.07578125000000001 0.63525390625 0.0484375 0.0615234375
0 0.043359375000000006 0.447265625 0.047656250000000004 0.060546875
1 0.36484375 0.29052734375 0.029687500000000002 0.0380859375
0 0.544140625 0.6416015625 0.05078125 0.0625