0 0.044140625 0.115234375 0.04453125 0.056640625
2 0.071484375 0.3056640625 0.03359375 0.0390625
0 0.041796875000000004 0.50341796875 0.04296875 0.0556640625
0 0.040625 0.56103515625 0.045312500000000006 0.0556640625
0 0.11796875000000001 0.375 0.0421875 0.05859375
0 0.1859375 0.3564453125 0.0578125 0.0703125
0 0.176171875 0.439453125 0.03828125 0.056640625
0 0.18867187500000002 0.67333984375 0.047656250000000004 0.0615234375
0 0.044921875 0.69677734375 0.04296875 0.0498046875
1 0.38789062500000004 0.61767578125 0.022656250000000003 0.0361328125
0 0.534375 0.55615234375 0.051562500000000004 0.0712890625
0 0.5652343750000001 0.48193359375 0.05078125 0.0634765625
4 0.511328125 0.244140625 0.03515625 0.041015625
0 0.8191406250000001 0.2958984375 0.04296875 0.06640625
0 0.8402343750000001 0.22607421875 0.05078125 0.0673828125
0 0.91015625 0.18603515625 0.045312500000000006 0.0595703125
0 0.925390625 0.47900390625 0.04453125 0.0615234375
0 0.938671875 0.6435546875 0.05078125 0.064453125
0 0.7917968750000001 0.9423828125 0.05859375 0.0703125
0 0.9078125 0.93505859375 0.0484375 0.0595703125
0 0.775390625 0.72900390625 0.04453125 0.0576171875
0 0.7265625 0.95751953125 0.0421875 0.0517578125
0 0.369921875 0.72998046875 0.04453125 0.0458984375
0 0.13789062500000002 0.72705078125 0.05078125 0.0654296875
2 0.5828125000000001 0.048828125 0.025 0.03125
2 0.55703125 0.0517578125 0.0203125 0.03515625
0 0.923046875 0.8671875 0.04453125 0.05078125
0 0.12421875 0.857421875 0.05 0.052734375
0 0.31171875000000004 0.9677734375 0.045312500000000006 0.048828125
0 0.10546875 0.541015625 0.05 0.072265625
0 0.066796875 0.85986328125 0.05390625 0.0712890625
0 0.38906250000000003 0.78271484375 0.051562500000000004 0.0693359375
0 0.890625 0.826171875 0.051562500000000004 0.068359375
0 0.083984375 0.73095703125 0.05390625 0.0595703125
0 0.228515625 0.74169921875 0.05078125 0.0556640625
0 0.16875 0.28662109375 0.043750000000000004 0.0595703125
0 0.04296875 0.41796875 0.043750000000000004 0.05859375
1 0.4390625 0.78857421875 0.021875000000000002 0.0380859375
0 0.31562500000000004 0.89501953125 0.046875 0.0634765625
0 0.37617187500000004 0.9091796875 0.047656250000000004 0.0546875