0 0.9078125 0.57568359375 0.059375000000000004 0.0673828125
0 0.890234375 0.69775390625 0.04296875 0.0595703125
0 0.880078125 0.7666015625 0.041406250000000006 0.05859375
0 0.88203125 0.83544921875 0.05 0.0654296875
0 0.82734375 0.79052734375 0.05 0.0673828125
0 0.8304687500000001 0.65966796875 0.045312500000000006 0.0556640625
0 0.8562500000000001 0.3935546875 0.043750000000000004 0.0546875
0 0.8617187500000001 0.33447265625 0.045312500000000006 0.0556640625
0 0.8324218750000001 0.4541015625 0.04296875 0.056640625
0 0.8125 0.3076171875 0.043750000000000004 0.056640625
0 0.8187500000000001 0.37255859375 0.040625 0.0537109375
0 0.898046875 0.17919921875 0.04296875 0.0537109375
0 0.802734375 0.20556640625 0.04296875 0.0576171875
0 0.74609375 0.31201171875 0.051562500000000004 0.0634765625
0 0.7035156250000001 0.4208984375 0.05078125 0.05859375
0 0.72578125 0.37060546875 0.040625 0.0498046875
0 0.565625 0.1796875 0.051562500000000004 0.068359375
0 0.548046875 0.25439453125 0.047656250000000004 0.0634765625
0 0.56171875 0.3203125 0.043750000000000004 0.05859375
0 0.27578125000000003 0.6201171875 0.059375000000000004 0.07421875
0 0.515625 0.67578125 0.06875 0.078125
1 0.7390625000000001 0.73974609375 0.028125 0.0380859375
1 0.6472656250000001 0.58984375 0.030468750000000003 0.0390625
0 0.389453125 0.81982421875 0.04609375 0.0634765625
0 0.44648437500000004 0.80126953125 0.04296875 0.0654296875
0 0.4609375 0.57958984375 0.046875 0.0595703125
0 0.404296875 0.669921875 0.041406250000000006 0.052734375
0 0.349609375 0.48193359375 0.049218750000000006 0.0615234375
0 0.098828125 0.8828125 0.047656250000000004 0.05859375
0 0.134765625 0.921875 0.04453125 0.056640625
0 0.094140625 0.9619140625 0.041406250000000006 0.0546875
0 0.026562500000000003 0.43359375 0.05 0.064453125
0 0.0421875 0.3486328125 0.0484375 0.05078125
0 0.345703125 0.09423828125 0.04453125 0.0673828125
1 0.41914062500000004 0.42578125 0.02734375 0.029296875
1 0.35195312500000003 0.97119140625 0.030468750000000003 0.0458984375
0 0.618359375 0.65478515625 0.04453125 0.0556640625
0 0.84765625 0.72216796875 0.0484375 0.0595703125
0 0.7761718750000001 0.26123046875 0.041406250000000006 0.0517578125
0 0.751171875 0.20947265625 0.04296875 0.0615234375
0 0.06953125 0.3876953125 0.035937500000000004 0.052734375
0 0.358203125 0.66357421875 0.047656250000000004 0.0654296875
0 0.448828125 0.6806640625 0.041406250000000006 0.048828125
0 0.773046875 0.3779296875 0.04453125 0.0546875