0 0.515625 0.41455078125 0.0578125 0.0849609375
0 0.71640625 0.93359375 0.046875 0.0625
0 0.77109375 0.669921875 0.05 0.0546875
0 0.7347656250000001 0.55908203125 0.057031250000000006 0.0556640625
0 0.7527343750000001 0.6171875 0.049218750000000006 0.0625
0 0.20625000000000002 0.82080078125 0.053125000000000006 0.0771484375
0 0.259765625 0.8515625 0.05390625 0.072265625
3 0.19101562500000002 0.9501953125 0.06171875 0.07421875
0 0.139453125 0.73681640625 0.06953125 0.0732421875
0 0.6589843750000001 0.6474609375 0.04296875 0.05859375
0 0.7937500000000001 0.13818359375 0.053125000000000006 0.0771484375
0 0.6644531250000001 0.1875 0.055468750000000004 0.068359375
0 0.5078125 0.1904296875 0.0546875 0.083984375
0 0.134375 0.05224609375 0.06875 0.0869140625
0 0.36875 0.2353515625 0.046875 0.06640625
1 0.68359375 0.03271484375 0.03125 0.0419921875
1 0.8609375 0.8623046875 0.028125 0.03515625
0 0.412890625 0.259765625 0.047656250000000004 0.0625
0 0.17578125 0.2685546875 0.046875 0.056640625
1 0.19843750000000002 0.17529296875 0.026562500000000003 0.0302734375
1 0.12890625 0.23291015625 0.021875000000000002 0.0302734375
0 0.5593750000000001 0.27099609375 0.045312500000000006 0.0517578125
0 0.575390625 0.16552734375 0.04453125 0.0517578125
0 0.669921875 0.12451171875 0.04609375 0.0517578125
0 0.5750000000000001 0.52001953125 0.0484375 0.0595703125
0 0.509765625 0.29248046875 0.057031250000000006 0.0615234375
0 0.596875 0.5791015625 0.0421875 0.052734375
0 0.616796875 0.6240234375 0.04453125 0.056640625
0 0.667578125 0.5908203125 0.039843750000000004 0.052734375
0 0.8074218750000001 0.853515625 0.04453125 0.060546875
0 0.6984375 0.8818359375 0.043750000000000004 0.0546875