0 0.929296875 0.271484375 0.06015625 0.080078125
0 0.9324218750000001 0.076171875 0.04609375 0.060546875
0 0.6828125 0.12255859375 0.045312500000000006 0.0556640625
0 0.618359375 0.162109375 0.03828125 0.048828125
0 0.303515625 0.96435546875 0.049218750000000006 0.0595703125
0 0.263671875 0.8779296875 0.04296875 0.052734375
0 0.446875 0.8671875 0.0625 0.0703125
0 0.5265625 0.9111328125 0.0484375 0.05859375
0 0.558984375 0.9599609375 0.04296875 0.056640625
0 0.873046875 0.91748046875 0.06328125 0.0576171875
0 0.880078125 0.81005859375 0.05390625 0.0693359375
0 0.298828125 0.716796875 0.05078125 0.0625
0 0.32929687500000004 0.78369140625 0.041406250000000006 0.0498046875
0 0.234375 0.72216796875 0.08281250000000001 0.1025390625
0 0.330078125 0.6220703125 0.04296875 0.052734375
0 0.38203125000000004 0.59716796875 0.046875 0.0595703125
0 0.4296875 0.54052734375 0.046875 0.0458984375
0 0.393359375 0.43017578125 0.04296875 0.0556640625
0 0.46523437500000003 0.361328125 0.04609375 0.052734375
0 0.482421875 0.42041015625 0.04296875 0.0517578125
0 0.51171875 0.3232421875 0.046875 0.0625
0 0.32929687500000004 0.33837890625 0.03671875 0.0537109375
0 0.4109375 0.21630859375 0.05 0.0634765625
0 0.46601562500000004 0.234375 0.04453125 0.060546875
0 0.44179687500000003 0.14794921875 0.05859375 0.0693359375
0 0.491015625 0.13671875 0.04453125 0.052734375
0 0.38007812500000004 0.044921875 0.041406250000000006 0.052734375
0 0.9640625 0.52880859375 0.045312500000000006 0.0537109375
1 0.8390625 0.064453125 0.025 0.033203125
0 0.968359375 0.783203125 0.04453125 0.05078125
0 0.9695312500000001 0.962890625 0.0421875 0.05078125
0 0.9363281250000001 0.72412109375 0.041406250000000006 0.0478515625
0 0.6453125000000001 0.7890625 0.045312500000000006 0.056640625
0 0.573828125 0.24560546875 0.04609375 0.0537109375
0 0.552734375 0.078125 0.04609375 0.05859375
0 0.6371093750000001 0.1123046875 0.041406250000000006 0.0546875
0 0.43007812500000003 0.07177734375 0.041406250000000006 0.0595703125
0 0.95703125 0.64892578125 0.0765625 0.0751953125
0 0.503515625 0.853515625 0.05390625 0.064453125
0 0.7019531250000001 0.4638671875 0.05078125 0.0625
0 0.323828125 0.56787109375 0.04453125 0.0556640625