0 0.10429687500000001 0.7705078125 0.055468750000000004 0.064453125
0 0.1953125 0.6806640625 0.053125000000000006 0.068359375
0 0.7757812500000001 0.505859375 0.045312500000000006 0.064453125
0 0.25429687500000003 0.771484375 0.049218750000000006 0.056640625
0 0.30078125 0.9326171875 0.0484375 0.06640625
0 0.034375 0.48681640625 0.05625 0.0693359375
0 0.08085937500000001 0.5234375 0.039843750000000004 0.052734375
0 0.0859375 0.3974609375 0.043750000000000004 0.060546875
0 0.1015625 0.4716796875 0.0390625 0.05078125
0 0.253125 0.32861328125 0.05625 0.0595703125
0 0.123046875 0.1875 0.05859375 0.072265625
0 0.646484375 0.09619140625 0.05390625 0.0712890625
0 0.6156250000000001 0.33642578125 0.0421875 0.0576171875
0 0.7292968750000001 0.171875 0.057031250000000006 0.0703125
0 0.33906250000000004 0.041015625 0.045312500000000006 0.05859375
1 0.3953125 0.0625 0.028125 0.03125
0 0.940625 0.2646484375 0.0421875 0.0546875
0 0.9734375000000001 0.306640625 0.05 0.064453125
0 0.7671875 0.119140625 0.040625 0.056640625
1 0.712109375 0.32421875 0.02734375 0.03515625
0 0.7195312500000001 0.46923828125 0.040625 0.0517578125
0 0.831640625 0.47509765625 0.03359375 0.0478515625
0 0.86484375 0.49609375 0.035937500000000004 0.05078125
0 0.9480468750000001 0.41015625 0.03828125 0.052734375
0 0.19765625 0.05029296875 0.046875 0.0634765625
1 0.42617187500000003 0.0771484375 0.02421875 0.033203125
0 0.899609375 0.36181640625 0.041406250000000006 0.0498046875
0 0.9 0.46533203125 0.0390625 0.0478515625
0 0.404296875 0.84521484375 0.047656250000000004 0.0615234375
0 0.4375 0.626953125 0.043750000000000004 0.0546875
1 0.691015625 0.14892578125 0.02421875 0.0302734375
0 0.296484375 0.8193359375 0.041406250000000006 0.056640625
0 0.416796875 0.90576171875 0.047656250000000004 0.0595703125
0 0.1296875 0.41748046875 0.043750000000000004 0.0634765625
0 0.27773437500000003 0.25732421875 0.057031250000000006 0.0654296875
0 0.299609375 0.72021484375 0.05078125 0.0615234375