0 0.2234375 0.92333984375 0.0578125 0.0732421875
0 0.27109375 0.8349609375 0.045312500000000006 0.052734375
0 0.2109375 0.76318359375 0.05 0.0615234375
0 0.384765625 0.77685546875 0.06171875 0.0712890625
0 0.253515625 0.666015625 0.04296875 0.0546875
0 0.29765625 0.64501953125 0.0484375 0.0556640625
0 0.25703125 0.6142578125 0.0421875 0.052734375
0 0.155078125 0.55419921875 0.05234375 0.0712890625
0 0.38359375 0.5595703125 0.051562500000000004 0.060546875
1 0.40234375 0.8203125 0.026562500000000003 0.03125
0 0.42421875000000003 0.662109375 0.035937500000000004 0.05078125
0 0.467578125 0.61962890625 0.041406250000000006 0.0556640625
0 0.582421875 0.583984375 0.03515625 0.05078125
0 0.62109375 0.5166015625 0.053125000000000006 0.072265625
0 0.6726562500000001 0.55078125 0.0390625 0.052734375
0 0.70703125 0.4931640625 0.0421875 0.060546875
0 0.7152343750000001 0.5537109375 0.049218750000000006 0.060546875
1 0.38671875 0.7158203125 0.026562500000000003 0.029296875
0 0.21210937500000002 0.6357421875 0.047656250000000004 0.056640625
1 0.158984375 0.66162109375 0.025781250000000002 0.0302734375
0 0.830078125 0.322265625 0.05390625 0.07421875
0 0.48476562500000003 0.287109375 0.041406250000000006 0.05078125
0 0.5261718750000001 0.29833984375 0.04453125 0.0478515625
0 0.5203125000000001 0.22998046875 0.0625 0.0732421875
0 0.46132812500000003 0.23779296875 0.05234375 0.0576171875
1 0.7140625 0.63330078125 0.021875000000000002 0.0283203125
0 0.6019531250000001 0.2099609375 0.07265625 0.087890625
0 0.63203125 0.6015625 0.046875 0.06640625
0 0.527734375 0.66845703125 0.04296875 0.0595703125
0 0.15937500000000002 0.73193359375 0.05 0.0634765625
4 0.7796875000000001 0.35888671875 0.05 0.0576171875
4 0.77734375 0.30029296875 0.045312500000000006 0.0615234375
0 0.43671875000000004 0.302734375 0.0578125 0.06640625
0 0.73046875 0.11962890625 0.05 0.0615234375