0 0.8445312500000001 0.7705078125 0.046875 0.0625
0 0.6781250000000001 0.85498046875 0.045312500000000006 0.0615234375
0 0.7917968750000001 0.73876953125 0.039843750000000004 0.0556640625
0 0.829296875 0.69482421875 0.03828125 0.0556640625
0 0.7453125 0.70947265625 0.037500000000000006 0.0439453125
0 0.7445312500000001 0.75634765625 0.0390625 0.0498046875
0 0.779296875 0.658203125 0.041406250000000006 0.05078125
0 0.71875 0.5478515625 0.0546875 0.0625
0 0.6878906250000001 0.4775390625 0.055468750000000004 0.064453125
1 0.538671875 0.45166015625 0.022656250000000003 0.0341796875
1 0.526953125 0.37353515625 0.02421875 0.0341796875
0 0.9359375000000001 0.171875 0.05 0.06640625
0 0.33671875 0.30615234375 0.046875 0.0595703125
0 0.32070312500000003 0.501953125 0.04609375 0.05859375
0 0.284375 0.4404296875 0.046875 0.05859375
0 0.35781250000000003 0.3955078125 0.053125000000000006 0.080078125
0 0.29726562500000003 0.25927734375 0.03828125 0.0498046875
1 0.283203125 0.095703125 0.02421875 0.02734375
1 0.094140625 0.1220703125 0.02109375 0.029296875
0 0.30195312500000004 0.3701171875 0.03828125 0.052734375
0 0.33242187500000003 0.7880859375 0.05234375 0.064453125
0 0.19140625 0.8623046875 0.0578125 0.078125
0 0.23593750000000002 0.92578125 0.05625 0.072265625
1 0.36953125000000003 0.51611328125 0.0203125 0.0302734375
2 0.041796875000000004 0.64404296875 0.03359375 0.0498046875
0 0.29453125 0.13134765625 0.05 0.0615234375
0 0.37929687500000003 0.74462890625 0.047656250000000004 0.0615234375
4 0.43789062500000003 0.3984375 0.04296875 0.05859375
1 0.13593750000000002 0.86962890625 0.028125 0.0380859375