0 0.723828125 0.95556640625 0.057031250000000006 0.0771484375
0 0.44453125000000004 0.931640625 0.05 0.068359375
0 0.35390625000000003 0.7998046875 0.0484375 0.0546875
0 0.45078125 0.83935546875 0.0484375 0.0673828125
0 0.380859375 0.90380859375 0.047656250000000004 0.0634765625
0 0.27187500000000003 0.873046875 0.05 0.0625
0 0.24296875 0.6982421875 0.0484375 0.060546875
0 0.40937500000000004 0.66748046875 0.045312500000000006 0.0576171875
0 0.56015625 0.7109375 0.05 0.060546875
0 0.614453125 0.6669921875 0.041406250000000006 0.056640625
0 0.40156250000000004 0.49755859375 0.045312500000000006 0.0556640625
0 0.519921875 0.4765625 0.04609375 0.05078125
0 0.5640625 0.521484375 0.046875 0.056640625
0 0.55078125 0.400390625 0.046875 0.0625
0 0.827734375 0.4814453125 0.04453125 0.060546875
0 0.649609375 0.60498046875 0.047656250000000004 0.0517578125
0 0.80234375 0.28759765625 0.0421875 0.0576171875
0 0.7484375000000001 0.27978515625 0.045312500000000006 0.0673828125
0 0.396484375 0.32666015625 0.05234375 0.0595703125
0 0.60859375 0.38232421875 0.0484375 0.0556640625
0 0.7738281250000001 0.21044921875 0.04296875 0.0556640625
0 0.67890625 0.53515625 0.037500000000000006 0.05078125
0 0.48125 0.76708984375 0.040625 0.0576171875
0 0.73359375 0.58203125 0.05625 0.06640625
0 0.7113281250000001 0.49609375 0.04296875 0.05078125
0 0.5875 0.28955078125 0.040625 0.0517578125
0 0.35468750000000004 0.076171875 0.045312500000000006 0.056640625
0 0.109375 0.1552734375 0.043750000000000004 0.056640625
0 0.065234375 0.23486328125 0.039843750000000004 0.0537109375
0 0.812109375 0.40625 0.039843750000000004 0.056640625
0 0.9171875 0.6376953125 0.037500000000000006 0.052734375
0 0.23593750000000002 0.83544921875 0.0484375 0.0595703125
0 0.6394531250000001 0.2861328125 0.03828125 0.041015625
0 0.653515625 0.3330078125 0.041406250000000006 0.05078125
0 0.657421875 0.1845703125 0.041406250000000006 0.048828125
0 0.79609375 0.35205078125 0.0390625 0.0498046875
0 0.41132812500000004 0.08203125 0.049218750000000006 0.064453125
0 0.9546875 0.60302734375 0.037500000000000006 0.0556640625
0 0.84921875 0.345703125 0.0421875 0.0546875
0 0.58359375 0.58642578125 0.035937500000000004 0.0478515625
0 0.516015625 0.29150390625 0.047656250000000004 0.0615234375
0 0.4734375 0.38916015625 0.0546875 0.0654296875
0 0.77265625 0.5078125 0.0484375 0.068359375
1 0.24179687500000002 0.15380859375 0.02890625 0.0361328125