0 0.499609375 0.8134765625 0.06015625 0.07421875
0 0.33320312500000004 0.8359375 0.04609375 0.056640625
0 0.260546875 0.80908203125 0.039843750000000004 0.0478515625
0 0.423828125 0.78173828125 0.04296875 0.0517578125
0 0.234765625 0.8701171875 0.041406250000000006 0.05859375
0 0.33242187500000003 0.71923828125 0.041406250000000006 0.0576171875
0 0.121484375 0.73779296875 0.03828125 0.0498046875
0 0.478125 0.576171875 0.0421875 0.05078125
0 0.34765625 0.51123046875 0.046875 0.0537109375
0 0.520703125 0.5 0.04296875 0.056640625
0 0.57421875 0.52734375 0.043750000000000004 0.056640625
0 0.45156250000000003 0.6845703125 0.046875 0.0546875
0 0.54609375 0.40576171875 0.037500000000000006 0.0517578125
0 0.6414062500000001 0.44287109375 0.037500000000000006 0.0478515625
0 0.61484375 0.59765625 0.051562500000000004 0.06640625
0 0.6609375000000001 0.31982421875 0.045312500000000006 0.0634765625
0 0.8210937500000001 0.52099609375 0.051562500000000004 0.0556640625
0 0.870703125 0.53857421875 0.03671875 0.0458984375
0 0.849609375 0.47705078125 0.03515625 0.0439453125
0 0.4375 0.3173828125 0.040625 0.05078125
0 0.6125 0.2744140625 0.037500000000000006 0.05078125
0 0.5164062500000001 0.1435546875 0.045312500000000006 0.056640625
0 0.571484375 0.162109375 0.041406250000000006 0.0546875
0 0.533203125 0.20166015625 0.03515625 0.0498046875
0 0.141015625 0.23046875 0.039843750000000004 0.05078125
0 0.09648437500000001 0.25244140625 0.047656250000000004 0.0654296875
0 0.16757812500000002 0.7529296875 0.04609375 0.060546875
0 0.28554687500000003 0.59716796875 0.04296875 0.0556640625
0 0.36250000000000004 0.78076171875 0.035937500000000004 0.0458984375
0 0.27578125000000003 0.75146484375 0.03125 0.0498046875
0 0.40703125 0.466796875 0.040625 0.048828125
0 0.40625 0.544921875 0.0703125 0.078125
0 0.464453125 0.13671875 0.03671875 0.04296875
0 0.9234375 0.380859375 0.0578125 0.072265625
0 0.47265625 0.19775390625 0.0484375 0.0517578125