0 0.15625 0.91796875 0.053125000000000006 0.0625
0 0.0328125 0.64111328125 0.0484375 0.0634765625
0 0.35195312500000003 0.5458984375 0.06171875 0.080078125
0 0.2390625 0.5615234375 0.05 0.06640625
0 0.039453125000000006 0.4794921875 0.047656250000000004 0.068359375
0 0.094921875 0.486328125 0.047656250000000004 0.060546875
0 0.17539062500000002 0.46533203125 0.04609375 0.0595703125
0 0.22968750000000002 0.48486328125 0.051562500000000004 0.0673828125
0 0.29296875 0.50244140625 0.051562500000000004 0.0595703125
0 0.043750000000000004 0.85107421875 0.0421875 0.0556640625
0 0.3984375 0.892578125 0.045312500000000006 0.052734375
0 0.390234375 0.78466796875 0.039843750000000004 0.0576171875
0 0.42812500000000003 0.84423828125 0.045312500000000006 0.0537109375
0 0.44648437500000004 0.78515625 0.039843750000000004 0.056640625
1 0.546875 0.92041015625 0.021875000000000002 0.0283203125
0 0.6109375 0.59765625 0.0390625 0.0546875
0 0.818359375 0.71728515625 0.06171875 0.0654296875
0 0.8855468750000001 0.81982421875 0.05390625 0.0732421875
0 0.8949218750000001 0.75439453125 0.039843750000000004 0.0556640625
0 0.9437500000000001 0.74609375 0.0484375 0.05859375
0 0.931640625 0.677734375 0.049218750000000006 0.064453125
0 0.26992187500000003 0.08251953125 0.05390625 0.0673828125
0 0.8386718750000001 0.1220703125 0.047656250000000004 0.060546875
0 0.9546875 0.080078125 0.05 0.0625
0 0.845703125 0.5458984375 0.03828125 0.0546875
0 0.9539062500000001 0.60791015625 0.0421875 0.0556640625
0 0.796875 0.509765625 0.0484375 0.056640625
0 0.1203125 0.43359375 0.043750000000000004 0.05078125
0 0.6707031250000001 0.71923828125 0.041406250000000006 0.0537109375
0 0.27421875 0.43798828125 0.040625 0.0556640625
0 0.32109375 0.43701171875 0.0390625 0.0517578125
0 0.09375 0.38037109375 0.043750000000000004 0.0576171875