0 0.18828125 0.35693359375 0.053125000000000006 0.0654296875
0 0.248046875 0.46826171875 0.041406250000000006 0.0537109375
0 0.28203125 0.41845703125 0.0484375 0.0615234375
0 0.33710937500000004 0.45263671875 0.04296875 0.0634765625
0 0.34609375000000003 0.318359375 0.0421875 0.0546875
0 0.23164062500000002 0.16015625 0.04453125 0.0546875
0 0.512890625 0.31591796875 0.04453125 0.0576171875
0 0.44609375 0.49658203125 0.043750000000000004 0.0498046875
1 0.28750000000000003 0.68212890625 0.021875000000000002 0.0302734375
0 0.65546875 0.5458984375 0.0546875 0.068359375
1 0.56640625 0.33837890625 0.046875 0.0556640625
1 0.579296875 0.2783203125 0.05234375 0.0625
1 0.63671875 0.28662109375 0.043750000000000004 0.0517578125
1 0.72578125 0.3115234375 0.045312500000000006 0.05078125
1 0.71875 0.3896484375 0.0390625 0.052734375
1 0.62890625 0.6494140625 0.0234375 0.03515625
0 0.698828125 0.814453125 0.055468750000000004 0.05859375
0 0.818359375 0.75830078125 0.04453125 0.0498046875
0 0.9703125 0.8701171875 0.0578125 0.078125
0 0.9539062500000001 0.953125 0.053125000000000006 0.064453125
0 0.50703125 0.51123046875 0.037500000000000006 0.0498046875
0 0.780859375 0.80810546875 0.04296875 0.0556640625
0 0.8207031250000001 0.869140625 0.03828125 0.056640625
0 0.853125 0.92041015625 0.040625 0.0556640625
0 0.6765625000000001 0.08447265625 0.040625 0.0478515625
0 0.79609375 0.09423828125 0.051562500000000004 0.0615234375
0 0.8738281250000001 0.76953125 0.041406250000000006 0.05859375
1 0.39296875000000003 0.609375 0.029687500000000002 0.03515625