0 0.15000000000000002 0.95947265625 0.053125000000000006 0.0634765625
0 0.07382812500000001 0.84814453125 0.05390625 0.0654296875
0 0.073046875 0.9208984375 0.049218750000000006 0.0625
1 0.22734375 0.94482421875 0.025 0.0302734375
0 0.199609375 0.36376953125 0.05078125 0.0712890625
0 0.2625 0.3525390625 0.051562500000000004 0.0625
0 0.296875 0.4130859375 0.0546875 0.0625
1 0.30703125000000003 0.52294921875 0.0234375 0.0341796875
0 0.48554687500000004 0.47998046875 0.05234375 0.0751953125
0 0.30000000000000004 0.287109375 0.046875 0.056640625
0 0.339453125 0.24658203125 0.039843750000000004 0.0498046875
0 0.362109375 0.28466796875 0.04453125 0.0478515625
0 0.37578125 0.0634765625 0.0484375 0.056640625
0 0.17421875 0.08837890625 0.046875 0.0654296875
0 0.279296875 0.03759765625 0.04296875 0.0556640625
0 0.284765625 0.08740234375 0.04296875 0.0517578125
0 0.6546875000000001 0.5185546875 0.059375000000000004 0.07421875
0 0.6917968750000001 0.58447265625 0.039843750000000004 0.0458984375
0 0.67109375 0.63232421875 0.037500000000000006 0.0478515625
0 0.7230468750000001 0.662109375 0.04609375 0.0625
0 0.8375 0.71435546875 0.0390625 0.0517578125
0 0.80390625 0.671875 0.0390625 0.048828125
0 0.844921875 0.6533203125 0.04296875 0.046875
0 0.7972656250000001 0.6123046875 0.04296875 0.046875
0 0.7445312500000001 0.5322265625 0.043750000000000004 0.05859375
0 0.89375 0.5703125 0.0421875 0.0546875
0 0.66953125 0.89306640625 0.040625 0.0537109375
0 0.382421875 0.14453125 0.04296875 0.0546875
0 0.36054687500000004 0.18798828125 0.039843750000000004 0.0498046875
0 0.09335937500000001 0.07763671875 0.039843750000000004 0.0537109375
0 0.544140625 0.2138671875 0.05078125 0.064453125
0 0.23359375000000002 0.08642578125 0.0546875 0.0576171875
0 0.9675781250000001 0.8662109375 0.05390625 0.076171875