0 0.7976562500000001 0.47314453125 0.060937500000000006 0.0712890625
0 0.73359375 0.61376953125 0.0734375 0.0810546875
0 0.5203125000000001 0.65283203125 0.0578125 0.0732421875
0 0.78515625 0.67724609375 0.059375000000000004 0.0634765625
0 0.73203125 0.76025390625 0.0484375 0.0654296875
0 0.5066406250000001 0.560546875 0.06171875 0.072265625
0 0.59140625 0.4736328125 0.045312500000000006 0.06640625
0 0.53515625 0.486328125 0.046875 0.0625
0 0.31640625 0.49853515625 0.045312500000000006 0.0556640625
0 0.400390625 0.55029296875 0.04609375 0.0615234375
0 0.17343750000000002 0.30712890625 0.0421875 0.0576171875
0 0.09531250000000001 0.06640625 0.0421875 0.060546875
0 0.4421875 0.0517578125 0.0578125 0.06640625
0 0.66171875 0.626953125 0.0421875 0.0546875
0 0.6312500000000001 0.56005859375 0.0421875 0.0517578125
0 0.608984375 0.6259765625 0.04296875 0.05078125
0 0.47695312500000003 0.3505859375 0.05390625 0.06640625
0 0.37539062500000003 0.6142578125 0.03515625 0.05078125
0 0.24531250000000002 0.67919921875 0.046875 0.0615234375
0 0.103515625 0.1318359375 0.049218750000000006 0.0546875
0 0.07382812500000001 0.185546875 0.047656250000000004 0.068359375
0 0.147265625 0.05859375 0.05078125 0.0625
0 0.3046875 0.5810546875 0.046875 0.060546875
1 0.14453125 0.7978515625 0.029687500000000002 0.041015625
0 0.421484375 0.6298828125 0.039843750000000004 0.052734375
0 0.9167968750000001 0.634765625 0.055468750000000004 0.064453125
0 0.650390625 0.7724609375 0.06015625 0.06640625
0 0.306640625 0.24560546875 0.047656250000000004 0.0595703125
0 0.185546875 0.4267578125 0.04609375 0.064453125
0 0.23164062500000002 0.40283203125 0.049218750000000006 0.0732421875
1 0.6453125000000001 0.49560546875 0.029687500000000002 0.0341796875
0 0.44609375 0.51171875 0.045312500000000006 0.064453125