0 0.67578125 0.81103515625 0.059375000000000004 0.0712890625
0 0.702734375 0.90185546875 0.06328125 0.0712890625
0 0.366015625 0.85595703125 0.04296875 0.0595703125
0 0.32539062500000004 0.841796875 0.04609375 0.0546875
0 0.32890625 0.78564453125 0.045312500000000006 0.0576171875
0 0.16875 0.833984375 0.051562500000000004 0.064453125
0 0.069140625 0.810546875 0.049218750000000006 0.060546875
0 0.24335937500000002 0.6611328125 0.04453125 0.056640625
0 0.326171875 0.34326171875 0.05234375 0.0673828125
0 0.30195312500000004 0.41943359375 0.047656250000000004 0.0595703125
0 0.346484375 0.59765625 0.04609375 0.060546875
0 0.5421875 0.5888671875 0.05 0.060546875
0 0.31875000000000003 0.513671875 0.0421875 0.056640625
0 0.4609375 0.50341796875 0.0546875 0.0712890625
0 0.3375 0.46337890625 0.046875 0.0556640625
0 0.376953125 0.49853515625 0.039843750000000004 0.0654296875
0 0.64375 0.48046875 0.0546875 0.06640625
0 0.700390625 0.51171875 0.04296875 0.0546875
0 0.7136718750000001 0.451171875 0.04609375 0.060546875
0 0.1078125 0.1640625 0.0421875 0.056640625
0 0.065234375 0.14453125 0.04609375 0.05078125
0 0.08945312500000001 0.0537109375 0.04296875 0.052734375
0 0.8792968750000001 0.55712890625 0.05234375 0.0673828125
0 0.83125 0.4248046875 0.046875 0.056640625
0 0.8835937500000001 0.28466796875 0.05 0.0634765625
0 0.62890625 0.2919921875 0.040625 0.052734375
0 0.952734375 0.341796875 0.04296875 0.056640625
0 0.769140625 0.46240234375 0.04453125 0.0634765625
0 0.972265625 0.1884765625 0.04609375 0.05859375
0 0.812109375 0.46484375 0.047656250000000004 0.056640625
0 0.294140625 0.11376953125 0.047656250000000004 0.0615234375
0 0.556640625 0.0791015625 0.05390625 0.068359375
0 0.43867187500000004 0.72802734375 0.041406250000000006 0.0517578125
0 0.71796875 0.02783203125 0.043750000000000004 0.0498046875
0 0.6875 0.130859375 0.046875 0.05859375
0 0.6640625 0.416015625 0.0390625 0.05078125
0 0.5625 0.1845703125 0.060937500000000006 0.068359375
1 0.6921875000000001 0.70849609375 0.029687500000000002 0.0380859375
1 0.405078125 0.24267578125 0.02734375 0.0361328125
1 0.151171875 0.6572265625 0.030468750000000003 0.03515625
0 0.29335937500000003 0.044921875 0.05078125 0.06640625