0 0.73359375 0.35498046875 0.05625 0.0693359375
0 0.7800781250000001 0.466796875 0.041406250000000006 0.0625
0 0.637890625 0.7236328125 0.047656250000000004 0.060546875
0 0.61875 0.59423828125 0.053125000000000006 0.0595703125
0 0.5476562500000001 0.57080078125 0.05 0.0615234375
0 0.11093750000000001 0.328125 0.0484375 0.0625
0 0.08750000000000001 0.39404296875 0.05 0.0556640625
0 0.16757812500000002 0.34521484375 0.05078125 0.0517578125
0 0.55 0.24267578125 0.046875 0.0576171875
0 0.609375 0.2578125 0.040625 0.05078125
0 0.6375000000000001 0.2001953125 0.043750000000000004 0.056640625
0 0.17734375000000002 0.60986328125 0.043750000000000004 0.0595703125
0 0.91953125 0.34423828125 0.043750000000000004 0.0615234375
0 0.6839843750000001 0.173828125 0.04453125 0.0625
0 0.671875 0.34130859375 0.0421875 0.0576171875
0 0.45234375000000004 0.6806640625 0.043750000000000004 0.0546875
1 0.296484375 0.69140625 0.032031250000000004 0.0390625
0 0.907421875 0.51318359375 0.047656250000000004 0.0537109375
0 0.39179687500000004 0.96923828125 0.049218750000000006 0.0595703125
0 0.5359375000000001 0.1630859375 0.05625 0.068359375