0 0.215625 0.56591796875 0.059375000000000004 0.0615234375
0 0.322265625 0.55810546875 0.05390625 0.0732421875
1 0.2421875 0.8154296875 0.026562500000000003 0.0390625
1 0.15703125 0.88525390625 0.0234375 0.0361328125
0 0.14921875 0.47607421875 0.045312500000000006 0.0576171875
0 0.09375 0.54052734375 0.040625 0.0615234375
0 0.47890625000000003 0.90673828125 0.0484375 0.0595703125
0 0.274609375 0.5947265625 0.039843750000000004 0.05078125
0 0.467578125 0.826171875 0.041406250000000006 0.05859375
0 0.583203125 0.79833984375 0.05234375 0.0693359375
0 0.8140625 0.6982421875 0.0546875 0.07421875
0 0.814453125 0.7734375 0.049218750000000006 0.056640625
0 0.73984375 0.55810546875 0.05 0.0712890625
0 0.7621093750000001 0.474609375 0.04296875 0.05859375
0 0.7542968750000001 0.76513671875 0.04296875 0.0458984375
0 0.9011718750000001 0.76953125 0.03828125 0.052734375
0 0.9339843750000001 0.75927734375 0.03359375 0.0478515625
0 0.8792968750000001 0.666015625 0.047656250000000004 0.0625
0 0.954296875 0.701171875 0.041406250000000006 0.048828125
0 0.9339843750000001 0.6435546875 0.04296875 0.046875
0 0.9457031250000001 0.5712890625 0.041406250000000006 0.052734375
0 0.8656250000000001 0.4970703125 0.040625 0.044921875
0 0.9398437500000001 0.458984375 0.037500000000000006 0.048828125
0 0.9484375 0.29052734375 0.0484375 0.0595703125
0 0.8812500000000001 0.181640625 0.05 0.0625
0 0.884375 0.248046875 0.043750000000000004 0.052734375
1 0.675 0.3359375 0.025 0.037109375
1 0.7625000000000001 0.40625 0.025 0.03125
1 0.572265625 0.216796875 0.02734375 0.03125
0 0.311328125 0.66064453125 0.03671875 0.0517578125
0 0.27773437500000003 0.6923828125 0.04296875 0.052734375
0 0.21601562500000002 0.44580078125 0.03671875 0.0556640625
0 0.704296875 0.78076171875 0.041406250000000006 0.0498046875
0 0.6296875000000001 0.75634765625 0.045312500000000006 0.0732421875
0 0.9546875 0.39794921875 0.0421875 0.0556640625