0 0.09921875000000001 0.27099609375 0.051562500000000004 0.0615234375
0 0.270703125 0.095703125 0.05078125 0.060546875
0 0.21640625000000002 0.3935546875 0.05 0.068359375
0 0.22421875000000002 0.5390625 0.051562500000000004 0.07421875
0 0.29335937500000003 0.39697265625 0.05078125 0.0693359375
0 0.32851562500000003 0.8857421875 0.049218750000000006 0.05859375
0 0.6511718750000001 0.68798828125 0.04453125 0.0654296875
0 0.6453125000000001 0.76318359375 0.045312500000000006 0.0693359375
0 0.6980468750000001 0.7900390625 0.04453125 0.068359375
0 0.8542968750000001 0.85498046875 0.04609375 0.0615234375
0 0.9171875 0.79248046875 0.05 0.0595703125
0 0.9691406250000001 0.3291015625 0.06015625 0.076171875
0 0.751171875 0.3818359375 0.049218750000000006 0.064453125
1 0.8910156250000001 0.14208984375 0.03359375 0.0400390625
0 0.351171875 0.396484375 0.05078125 0.060546875
0 0.41835937500000003 0.67529296875 0.049218750000000006 0.0576171875
0 0.343359375 0.82568359375 0.05390625 0.0654296875
0 0.74375 0.75244140625 0.053125000000000006 0.0673828125
0 0.397265625 0.44189453125 0.05078125 0.0517578125
0 0.39882812500000003 0.8564453125 0.05390625 0.05859375
1 0.624609375 0.01416015625 0.032031250000000004 0.0283203125
0 0.7921875 0.83251953125 0.045312500000000006 0.0556640625
1 0.645703125 0.59716796875 0.02734375 0.0361328125
0 0.6882812500000001 0.1845703125 0.0546875 0.072265625
0 0.843359375 0.72998046875 0.04453125 0.0517578125
0 0.7289062500000001 0.61865234375 0.045312500000000006 0.0654296875