0 0.580078125 0.68505859375 0.07265625 0.0927734375
0 0.31640625 0.91064453125 0.051562500000000004 0.0673828125
0 0.28828125 0.6298828125 0.053125000000000006 0.064453125
0 0.160546875 0.32470703125 0.047656250000000004 0.0634765625
0 0.137109375 0.16015625 0.049218750000000006 0.05859375
0 0.4546875 0.10693359375 0.040625 0.0576171875
0 0.9007812500000001 0.2626953125 0.053125000000000006 0.068359375
0 0.938671875 0.49560546875 0.05078125 0.0595703125
1 0.7234375000000001 0.91455078125 0.025 0.0341796875
0 0.6375000000000001 0.80419921875 0.0484375 0.0634765625
0 0.688671875 0.029296875 0.05234375 0.05859375
0 0.5625 0.37744140625 0.0703125 0.0830078125
0 0.312109375 0.49462890625 0.04609375 0.0615234375
0 0.265234375 0.47900390625 0.039843750000000004 0.0537109375
0 0.9359375000000001 0.41015625 0.060937500000000006 0.072265625
1 0.661328125 0.4365234375 0.02890625 0.03125
0 0.716796875 0.3193359375 0.04609375 0.056640625
0 0.35625 0.48828125 0.046875 0.056640625
0 0.394140625 0.4072265625 0.05859375 0.0625
1 0.060546875 0.34326171875 0.02734375 0.0322265625
1 0.7140625 0.81689453125 0.025 0.0400390625
0 0.065234375 0.50244140625 0.04296875 0.0537109375
0 0.6984375 0.263671875 0.060937500000000006 0.068359375
0 0.5906250000000001 0.78125 0.053125000000000006 0.0625
1 0.498046875 0.1162109375 0.02421875 0.037109375
0 0.6335937500000001 0.03759765625 0.05 0.0634765625
0 0.24960937500000002 0.3681640625 0.047656250000000004 0.056640625
0 0.25625000000000003 0.54931640625 0.0484375 0.0576171875