0 0.246484375 0.77197265625 0.05078125 0.0615234375
0 0.044140625 0.029296875 0.047656250000000004 0.05859375
0 0.18046875 0.359375 0.060937500000000006 0.07421875
0 0.244921875 0.833984375 0.041406250000000006 0.052734375
0 0.3015625 0.7587890625 0.05625 0.07421875
0 0.28945312500000003 0.8271484375 0.041406250000000006 0.05859375
0 0.9703125 0.3583984375 0.0578125 0.08203125
0 0.956640625 0.1611328125 0.04609375 0.060546875
0 0.9222656250000001 0.2001953125 0.04296875 0.056640625
0 0.94140625 0.2763671875 0.0484375 0.06640625
0 0.862890625 0.12548828125 0.055468750000000004 0.0654296875
0 0.929296875 0.83447265625 0.047656250000000004 0.0654296875
0 0.9015625 0.76171875 0.0546875 0.078125
0 0.6898437500000001 0.79150390625 0.0546875 0.0595703125
0 0.8734375000000001 0.541015625 0.053125000000000006 0.0625
0 0.79453125 0.1865234375 0.045312500000000006 0.05859375
0 0.8152343750000001 0.5400390625 0.05859375 0.068359375
0 0.946875 0.53564453125 0.07968750000000001 0.0810546875
0 0.77109375 0.81689453125 0.0546875 0.0712890625
0 0.28164062500000003 0.68896484375 0.049218750000000006 0.0595703125
0 0.8671875 0.669921875 0.043750000000000004 0.064453125
0 0.912109375 0.68017578125 0.04453125 0.0537109375
0 0.640234375 0.73095703125 0.04609375 0.0556640625
0 0.658203125 0.91357421875 0.04296875 0.0517578125
0 0.8125 0.126953125 0.05625 0.0703125