0 0.408203125 0.7060546875 0.07890625000000001 0.111328125
0 0.30898437500000003 0.53369140625 0.047656250000000004 0.0615234375
0 0.194140625 0.708984375 0.055468750000000004 0.0703125
0 0.09609375 0.91259765625 0.060937500000000006 0.0712890625
0 0.5796875 0.96630859375 0.0578125 0.0654296875
0 0.927734375 0.84423828125 0.055468750000000004 0.0732421875
0 0.7015625000000001 0.46337890625 0.046875 0.0634765625
0 0.6546875000000001 0.431640625 0.05 0.0625
0 0.6605468750000001 0.353515625 0.05859375 0.078125
0 0.9484375 0.26806640625 0.05 0.0693359375
0 0.819921875 0.2451171875 0.06953125 0.087890625
0 0.85859375 0.16943359375 0.0671875 0.0732421875
0 0.6515625 0.0498046875 0.0625 0.07421875
0 0.268359375 0.28515625 0.057031250000000006 0.068359375
0 0.300390625 0.728515625 0.04609375 0.0625
0 0.93515625 0.328125 0.053125000000000006 0.06640625
0 0.744140625 0.5029296875 0.06640625 0.07421875
0 0.8425781250000001 0.9111328125 0.04609375 0.060546875
0 0.5945312500000001 0.90185546875 0.053125000000000006 0.0576171875
0 0.22968750000000002 0.4521484375 0.0484375 0.068359375
0 0.044140625 0.67236328125 0.05390625 0.0712890625
1 0.323828125 0.91455078125 0.03359375 0.0361328125