3 0.578125 0.7958984375 0.109375 0.12890625
3 0.11171875 0.09619140625 0.0546875 0.0595703125
4 0.605078125 0.43359375 0.04296875 0.05859375
0 0.6976562500000001 0.48193359375 0.051562500000000004 0.0732421875
0 0.546875 0.25048828125 0.043750000000000004 0.0537109375
2 0.32578125 0.59765625 0.029687500000000002 0.04296875
2 0.058984375000000006 0.9697265625 0.032031250000000004 0.037109375
2 0.06875 0.560546875 0.0328125 0.03515625
2 0.13359375 0.580078125 0.0328125 0.03515625
2 0.36484375 0.86376953125 0.0328125 0.0400390625
1 0.923828125 0.87841796875 0.025781250000000002 0.0341796875
1 0.9476562500000001 0.69140625 0.025 0.025390625
1 0.876953125 0.72705078125 0.025781250000000002 0.0439453125
1 0.798828125 0.529296875 0.02734375 0.033203125
1 0.76328125 0.83251953125 0.026562500000000003 0.0361328125
1 0.614453125 0.95947265625 0.025781250000000002 0.0419921875
1 0.59296875 0.572265625 0.026562500000000003 0.03515625
1 0.48164062500000004 0.427734375 0.02734375 0.03125
1 0.2859375 0.36962890625 0.021875000000000002 0.0341796875
1 0.38125000000000003 0.1923828125 0.025 0.033203125
1 0.1265625 0.8173828125 0.026562500000000003 0.04296875
1 0.341796875 0.9208984375 0.02734375 0.03515625
1 0.10820312500000001 0.671875 0.025781250000000002 0.0390625
1 0.15078125 0.412109375 0.026562500000000003 0.03515625
1 0.390234375 0.03125 0.02734375 0.03515625
1 0.509765625 0.07275390625 0.02734375 0.0322265625
1 0.8289062500000001 0.03125 0.034375 0.0390625
1 0.81953125 0.31494140625 0.029687500000000002 0.0361328125
1 0.947265625 0.482421875 0.02421875 0.03515625
1 0.8324218750000001 0.95458984375 0.02734375 0.0361328125
1 0.5828125000000001 0.63037109375 0.025 0.0380859375
1 0.48515625 0.14306640625 0.0234375 0.0361328125
1 0.8285156250000001 0.591796875 0.02734375 0.0390625
1 0.44843750000000004 0.59521484375 0.03125 0.0341796875
1 0.665625 0.88818359375 0.03125 0.0361328125
1 0.248828125 0.478515625 0.02734375 0.04296875