3 0.55078125 0.53955078125 0.08125 0.0947265625
3 0.4921875 0.59765625 0.07500000000000001 0.08984375
0 0.6355468750000001 0.69580078125 0.04609375 0.0537109375
2 0.704296875 0.2919921875 0.03671875 0.0390625
2 0.29531250000000003 0.77978515625 0.03125 0.0341796875
1 0.19296875000000002 0.93994140625 0.026562500000000003 0.0361328125
1 0.334765625 0.30126953125 0.03359375 0.0361328125
1 0.16484375 0.5927734375 0.029687500000000002 0.041015625
1 0.11289062500000001 0.43701171875 0.02890625 0.0361328125
1 0.38671875 0.46240234375 0.026562500000000003 0.0361328125
1 0.346484375 0.8818359375 0.030468750000000003 0.03515625
1 0.6765625000000001 0.8955078125 0.03125 0.03515625
1 0.8546875 0.802734375 0.029687500000000002 0.033203125
1 0.720703125 0.6181640625 0.02734375 0.037109375
1 0.888671875 0.34912109375 0.02734375 0.0380859375
1 0.898046875 0.099609375 0.025781250000000002 0.03515625
1 0.6101562500000001 0.0908203125 0.028125 0.033203125
1 0.53515625 0.23779296875 0.03125 0.0361328125
1 0.45703125 0.07421875 0.0234375 0.03515625
1 0.366796875 0.10400390625 0.025781250000000002 0.0361328125
1 0.3796875 0.177734375 0.026562500000000003 0.033203125
1 0.568359375 0.80224609375 0.030468750000000003 0.0341796875
1 0.1859375 0.75048828125 0.03125 0.0380859375
1 0.27109375 0.8544921875 0.025 0.0390625
1 0.8484375000000001 0.45263671875 0.026562500000000003 0.0322265625
1 0.577734375 0.3837890625 0.02421875 0.033203125
1 0.651953125 0.1259765625 0.022656250000000003 0.0390625
1 0.153125 0.5107421875 0.021875000000000002 0.03515625
1 0.47773437500000004 0.74072265625 0.02890625 0.0380859375
2 0.029687500000000002 0.7822265625 0.0328125 0.037109375
1 0.7136718750000001 0.6904296875 0.022656250000000003 0.03515625
0 0.6734375 0.66015625 0.0421875 0.05078125
1 0.8582031250000001 0.95654296875 0.025781250000000002 0.0341796875
1 0.48125 0.4091796875 0.0234375 0.03125
1 0.5515625000000001 0.4462890625 0.025 0.03125
1 0.543359375 0.1455078125 0.02890625 0.037109375
1 0.73046875 0.1318359375 0.028125 0.0390625
1 0.2078125 0.68115234375 0.025 0.0322265625
1 0.29921875000000003 0.64208984375 0.026562500000000003 0.0380859375