3 0.2734375 0.29736328125 0.1 0.1220703125
3 0.679296875 0.5859375 0.08359375000000001 0.087890625
3 0.575390625 0.666015625 0.06953125 0.0859375
3 0.5125000000000001 0.77734375 0.08125 0.10546875
2 0.107421875 0.591796875 0.032031250000000004 0.0390625
2 0.27187500000000003 0.8359375 0.034375 0.037109375
2 0.5203125000000001 0.1513671875 0.034375 0.0390625
1 0.05078125 0.283203125 0.026562500000000003 0.037109375
1 0.073046875 0.0810546875 0.025781250000000002 0.029296875
1 0.189453125 0.19775390625 0.02421875 0.0322265625
1 0.446875 0.173828125 0.03125 0.037109375
1 0.294140625 0.5498046875 0.025781250000000002 0.037109375
1 0.21796875000000002 0.65478515625 0.025 0.0380859375
1 0.205078125 0.8603515625 0.022656250000000003 0.03125
1 0.74609375 0.84716796875 0.028125 0.0400390625
1 0.828125 0.49658203125 0.026562500000000003 0.0361328125
1 0.8464843750000001 0.37744140625 0.02890625 0.0341796875
1 0.7000000000000001 0.43017578125 0.0328125 0.0380859375
1 0.558984375 0.509765625 0.03359375 0.033203125
1 0.7835937500000001 0.0419921875 0.0328125 0.03515625
1 0.9171875 0.7890625 0.028125 0.04296875
1 0.873046875 0.9658203125 0.032031250000000004 0.033203125
1 0.44648437500000004 0.556640625 0.02734375 0.037109375
1 0.308203125 0.439453125 0.03515625 0.041015625
1 0.8500000000000001 0.11572265625 0.028125 0.0322265625
1 0.7113281250000001 0.9326171875 0.025781250000000002 0.033203125
2 0.0140625 0.232421875 0.028125 0.046875
1 0.9753906250000001 0.29150390625 0.022656250000000003 0.0361328125
1 0.7566406250000001 0.705078125 0.03828125 0.0390625
1 0.888671875 0.53857421875 0.02890625 0.0380859375
1 0.558984375 0.2431640625 0.02734375 0.0390625
2 0.43007812500000003 0.71728515625 0.032031250000000004 0.0458984375
2 0.123046875 0.03759765625 0.03515625 0.0380859375
1 0.310546875 0.84912109375 0.030468750000000003 0.0361328125
1 0.9640625 0.86328125 0.026562500000000003 0.037109375
1 0.75703125 0.2646484375 0.028125 0.0390625
1 0.53515625 0.09814453125 0.029687500000000002 0.0361328125