0 0.7503906250000001 0.44970703125 0.05078125 0.0673828125
3 0.486328125 0.515625 0.08203125 0.1015625
3 0.53359375 0.2568359375 0.1078125 0.142578125
3 0.5085937500000001 0.63720703125 0.0734375 0.0888671875
0 0.7375 0.10888671875 0.037500000000000006 0.0478515625
1 0.7898437500000001 0.84326171875 0.026562500000000003 0.0341796875
1 0.2625 0.72607421875 0.025 0.0361328125
1 0.28515625 0.82568359375 0.028125 0.0380859375
1 0.70078125 0.59228515625 0.03125 0.0380859375
1 0.8597656250000001 0.18701171875 0.02734375 0.0400390625
1 0.7660156250000001 0.25244140625 0.02890625 0.0419921875
1 0.7703125000000001 0.7333984375 0.026562500000000003 0.03125
1 0.61484375 0.9169921875 0.0234375 0.03515625
1 0.3828125 0.2236328125 0.034375 0.041015625
0 0.498828125 0.34716796875 0.039843750000000004 0.0556640625
1 0.23398437500000002 0.0966796875 0.02734375 0.033203125
1 0.63984375 0.06640625 0.029687500000000002 0.0390625
1 0.81640625 0.32861328125 0.026562500000000003 0.0380859375
1 0.7585937500000001 0.30908203125 0.028125 0.0400390625
1 0.21835937500000002 0.95556640625 0.02421875 0.0361328125
1 0.940625 0.83203125 0.0328125 0.044921875
1 0.053125000000000006 0.41650390625 0.025 0.0419921875
1 0.172265625 0.48681640625 0.02421875 0.0341796875
1 0.12460937500000001 0.775390625 0.025781250000000002 0.044921875
0 0.47304687500000003 0.3076171875 0.039843750000000004 0.0546875
0 0.7777343750000001 0.40869140625 0.032031250000000004 0.0439453125
0 0.79296875 0.44970703125 0.0390625 0.0458984375
0 0.60703125 0.68603515625 0.0328125 0.0439453125
1 0.37031250000000004 0.8544921875 0.026562500000000003 0.03125
1 0.46328125000000003 0.7822265625 0.025 0.03515625
1 0.439453125 0.6875 0.02734375 0.0390625
1 0.62890625 0.8212890625 0.025 0.03515625
1 0.710546875 0.6806640625 0.02890625 0.037109375
1 0.7777343750000001 0.58740234375 0.025781250000000002 0.0361328125
1 0.33906250000000004 0.61328125 0.025 0.03125
1 0.34453125 0.53173828125 0.026562500000000003 0.0302734375
1 0.25078125 0.3828125 0.028125 0.033203125
0 0.37265625 0.544921875 0.035937500000000004 0.048828125
0 0.390234375 0.74755859375 0.041406250000000006 0.0517578125
1 0.8070312500000001 0.74072265625 0.025 0.0322265625
1 0.9828125000000001 0.03955078125 0.025 0.0361328125
1 0.9867187500000001 0.34033203125 0.025 0.0302734375
1 0.29296875 0.11865234375 0.0234375 0.0380859375
1 0.64453125 0.12353515625 0.028125 0.0380859375
1 0.76484375 0.67236328125 0.029687500000000002 0.0341796875
1 0.823828125 0.66796875 0.02734375 0.033203125
1 0.68671875 0.97119140625 0.026562500000000003 0.0302734375
1 0.576171875 0.7216796875 0.02890625 0.029296875
1 0.487890625 0.13671875 0.02890625 0.037109375
1 0.5007812500000001 0.4453125 0.021875000000000002 0.029296875
1 0.7265625 0.48779296875 0.0234375 0.0263671875
1 0.679296875 0.17236328125 0.025781250000000002 0.0341796875
1 0.17578125 0.21875 0.0234375 0.03125
1 0.180078125 0.56689453125 0.022656250000000003 0.0302734375
1 0.052734375 0.82275390625 0.02734375 0.0341796875