4 0.814453125 0.3447265625 0.05234375 0.072265625
4 0.2328125 0.47412109375 0.045312500000000006 0.0595703125
0 0.595703125 0.3681640625 0.047656250000000004 0.0546875
2 0.7976562500000001 0.82958984375 0.029687500000000002 0.0439453125
1 0.5828125000000001 0.83349609375 0.026562500000000003 0.0322265625
1 0.869140625 0.62158203125 0.022656250000000003 0.0400390625
2 0.767578125 0.47705078125 0.03515625 0.0419921875
2 0.8636718750000001 0.359375 0.02890625 0.041015625
1 0.966796875 0.13525390625 0.030468750000000003 0.0322265625
1 0.8546875 0.12060546875 0.0234375 0.0302734375
1 0.751953125 0.16455078125 0.02734375 0.0361328125
1 0.5945312500000001 0.18408203125 0.0234375 0.0322265625
1 0.39765625000000004 0.19482421875 0.026562500000000003 0.0419921875
1 0.42226562500000003 0.30517578125 0.02890625 0.0341796875
1 0.019921875000000002 0.267578125 0.025781250000000002 0.03515625
0 0.291796875 0.92041015625 0.039843750000000004 0.0537109375
1 0.494140625 0.92041015625 0.025781250000000002 0.0322265625
1 0.5769531250000001 0.5634765625 0.02109375 0.033203125
1 0.5222656250000001 0.21044921875 0.030468750000000003 0.0302734375
1 0.470703125 0.7607421875 0.02890625 0.03515625
1 0.35000000000000003 0.63134765625 0.021875000000000002 0.0341796875
1 0.025781250000000002 0.71240234375 0.028125 0.0361328125
1 0.23125 0.7783203125 0.021875000000000002 0.029296875
1 0.15585937500000002 0.73095703125 0.025781250000000002 0.0341796875
0 0.616796875 0.73876953125 0.03828125 0.0537109375
1 0.9671875000000001 0.740234375 0.028125 0.037109375
1 0.08750000000000001 0.05810546875 0.028125 0.0380859375
1 0.13828125 0.39404296875 0.040625 0.0400390625
1 0.07734375 0.83642578125 0.025 0.0341796875
1 0.94921875 0.67138671875 0.028125 0.0341796875