3 0.34492187500000004 0.79443359375 0.11171875 0.1494140625
3 0.734375 0.61962890625 0.08750000000000001 0.1044921875
3 0.71640625 0.42919921875 0.078125 0.0810546875
3 0.439453125 0.2490234375 0.08203125 0.107421875
4 0.304296875 0.32177734375 0.047656250000000004 0.0615234375
1 0.427734375 0.0693359375 0.02890625 0.0390625
2 0.7875000000000001 0.64208984375 0.03125 0.0361328125
1 0.43828125 0.92822265625 0.0234375 0.0361328125
1 0.5546875 0.9033203125 0.0234375 0.037109375
1 0.7859375000000001 0.72216796875 0.026562500000000003 0.0361328125
1 0.697265625 0.9072265625 0.02734375 0.033203125
1 0.89453125 0.6083984375 0.026562500000000003 0.037109375
1 0.587109375 0.1474609375 0.025781250000000002 0.029296875
1 0.8046875 0.140625 0.025 0.03515625
2 0.83515625 0.021484375 0.029687500000000002 0.0390625
2 0.241015625 0.4716796875 0.030468750000000003 0.04296875
1 0.37226562500000004 0.56201171875 0.02890625 0.0380859375
1 0.28984375 0.5322265625 0.028125 0.041015625
1 0.594140625 0.77685546875 0.022656250000000003 0.0283203125
1 0.659375 0.72705078125 0.0234375 0.0283203125
1 0.71796875 0.2177734375 0.029687500000000002 0.03515625
1 0.6421875 0.22802734375 0.03125 0.0341796875
1 0.8660156250000001 0.2392578125 0.030468750000000003 0.0390625
1 0.9222656250000001 0.13427734375 0.02890625 0.0361328125
0 0.22187500000000002 0.7939453125 0.037500000000000006 0.05859375
1 0.8675781250000001 0.7705078125 0.02421875 0.033203125
1 0.535546875 0.41015625 0.02890625 0.03125
0 0.9773437500000001 0.31494140625 0.043750000000000004 0.0537109375
1 0.9593750000000001 0.3681640625 0.026562500000000003 0.0390625
1 0.65 0.80126953125 0.028125 0.0361328125
1 0.53359375 0.9482421875 0.026562500000000003 0.0390625
1 0.684765625 0.3662109375 0.032031250000000004 0.041015625
1 0.642578125 0.4189453125 0.02890625 0.03515625
1 0.884375 0.27783203125 0.025 0.0380859375
1 0.5007812500000001 0.1943359375 0.0234375 0.037109375
1 0.529296875 0.123046875 0.025781250000000002 0.033203125
1 0.33906250000000004 0.21728515625 0.025 0.0361328125
1 0.392578125 0.19287109375 0.02734375 0.0361328125
1 0.815625 0.66357421875 0.0234375 0.0322265625
4 0.6671875 0.6201171875 0.0546875 0.068359375
1 0.96640625 0.22412109375 0.028125 0.0458984375
1 0.732421875 0.0908203125 0.025781250000000002 0.03515625
1 0.51875 0.37646484375 0.029687500000000002 0.0341796875
1 0.183984375 0.80712890625 0.022656250000000003 0.0380859375
1 0.6433593750000001 0.015625 0.025781250000000002 0.03125
1 0.8660156250000001 0.310546875 0.02890625 0.04296875
0 0.6746093750000001 0.48095703125 0.04609375 0.0517578125