4 0.415625 0.4619140625 0.045312500000000006 0.056640625
0 0.38710937500000003 0.57421875 0.03671875 0.048828125
4 0.45820312500000004 0.5009765625 0.047656250000000004 0.060546875
0 0.83203125 0.267578125 0.0390625 0.048828125
0 0.972265625 0.41357421875 0.041406250000000006 0.0556640625
0 0.6175781250000001 0.7001953125 0.039843750000000004 0.052734375
0 0.608984375 0.75390625 0.04453125 0.05859375
0 0.7058593750000001 0.7080078125 0.03359375 0.04296875
0 0.5437500000000001 0.705078125 0.035937500000000004 0.044921875
4 0.52890625 0.6552734375 0.028125 0.03515625
2 0.127734375 0.63037109375 0.025781250000000002 0.0361328125
1 0.172265625 0.515625 0.022656250000000003 0.033203125
1 0.07265625 0.49267578125 0.028125 0.0341796875
1 0.10078125 0.29541015625 0.0234375 0.0283203125
1 0.1640625 0.3623046875 0.021875000000000002 0.033203125
1 0.144140625 0.78369140625 0.02734375 0.0361328125
1 0.28984375 0.97216796875 0.0234375 0.0322265625
1 0.252734375 0.9716796875 0.022656250000000003 0.029296875
1 0.35000000000000003 0.7763671875 0.021875000000000002 0.029296875
1 0.35585937500000003 0.6962890625 0.025781250000000002 0.029296875
1 0.516796875 0.77783203125 0.022656250000000003 0.0322265625
1 0.91796875 0.7392578125 0.0234375 0.033203125
1 0.49609375 0.47265625 0.0234375 0.03125
1 0.503515625 0.3388671875 0.02734375 0.03515625
0 0.37578125 0.435546875 0.040625 0.04296875
1 0.43789062500000003 0.24658203125 0.025781250000000002 0.0302734375
1 0.862890625 0.04296875 0.02734375 0.03125
1 0.6058593750000001 0.140625 0.025781250000000002 0.03125
1 0.791015625 0.31640625 0.02421875 0.03125
1 0.5828125000000001 0.5986328125 0.021875000000000002 0.033203125
1 0.408984375 0.33935546875 0.02421875 0.0302734375
1 0.62265625 0.484375 0.025 0.029296875
1 0.8671875 0.74072265625 0.025 0.0302734375
1 0.48671875000000003 0.90771484375 0.025 0.0302734375
1 0.31640625 0.8408203125 0.0234375 0.03125
4 0.487890625 0.55224609375 0.04609375 0.0576171875
1 0.054296875 0.19921875 0.025781250000000002 0.03125
1 0.790234375 0.8046875 0.02421875 0.03125
1 0.978515625 0.7802734375 0.02421875 0.037109375
4 0.44921875 0.61083984375 0.046875 0.0634765625
1 0.6828125 0.314453125 0.0328125 0.03515625
2 0.5496093750000001 0.54345703125 0.02890625 0.0361328125
2 0.61875 0.29833984375 0.026562500000000003 0.0380859375
1 0.2828125 0.12646484375 0.0234375 0.0361328125
1 0.10039062500000001 0.54638671875 0.030468750000000003 0.0341796875
2 0.9808593750000001 0.18408203125 0.030468750000000003 0.0341796875
1 0.7234375000000001 0.203125 0.025 0.033203125
1 0.852734375 0.1708984375 0.022656250000000003 0.033203125
1 0.43984375000000003 0.09228515625 0.028125 0.0361328125