3 0.458984375 0.56103515625 0.10390625 0.1162109375
3 0.552734375 0.52587890625 0.07421875 0.0810546875
3 0.7660156250000001 0.31884765625 0.06015625 0.0830078125
0 0.7703125000000001 0.90869140625 0.043750000000000004 0.0556640625
4 0.6414062500000001 0.22802734375 0.0484375 0.0615234375
4 0.6160156250000001 0.10791015625 0.057031250000000006 0.0732421875
1 0.796875 0.072265625 0.026562500000000003 0.03515625
1 0.869140625 0.193359375 0.02890625 0.033203125
1 0.7390625000000001 0.38671875 0.025 0.03515625
0 0.7152343750000001 0.517578125 0.032031250000000004 0.044921875
1 0.219140625 0.099609375 0.025781250000000002 0.02734375
2 0.13515625 0.2412109375 0.029687500000000002 0.0390625
1 0.042578125 0.1357421875 0.02421875 0.029296875
1 0.11093750000000001 0.1630859375 0.028125 0.033203125
1 0.1046875 0.36767578125 0.021875000000000002 0.0263671875
1 0.118359375 0.56103515625 0.025781250000000002 0.0341796875
1 0.0203125 0.54296875 0.021875000000000002 0.033203125
1 0.064453125 0.7431640625 0.022656250000000003 0.029296875
1 0.44296875 0.8037109375 0.021875000000000002 0.03515625
1 0.6179687500000001 0.69970703125 0.025 0.0322265625
1 0.432421875 0.68505859375 0.022656250000000003 0.0361328125
0 0.606640625 0.52685546875 0.02890625 0.0439453125
1 0.7781250000000001 0.57177734375 0.028125 0.0302734375
1 0.874609375 0.51416015625 0.02421875 0.0361328125
1 0.913671875 0.4443359375 0.025781250000000002 0.03515625
1 0.755859375 0.234375 0.022656250000000003 0.03125
1 0.907421875 0.6103515625 0.02734375 0.03515625
1 0.9281250000000001 0.73095703125 0.026562500000000003 0.0302734375
2 0.11015625000000001 0.03564453125 0.034375 0.0439453125
1 0.747265625 0.73486328125 0.02734375 0.0439453125
1 0.8152343750000001 0.45458984375 0.02734375 0.0361328125
1 0.9753906250000001 0.81689453125 0.03515625 0.0439453125
2 0.9460937500000001 0.49609375 0.0328125 0.037109375
1 0.158203125 0.458984375 0.032031250000000004 0.03515625
1 0.939453125 0.35302734375 0.030468750000000003 0.0341796875