4 0.5710937500000001 0.54833984375 0.053125000000000006 0.0712890625
4 0.6078125000000001 0.48193359375 0.0578125 0.0751953125
1 0.693359375 0.69580078125 0.02890625 0.0439453125
1 0.71875 0.85693359375 0.028125 0.0361328125
1 0.6449218750000001 0.79150390625 0.025781250000000002 0.0322265625
1 0.49765625 0.6650390625 0.025 0.03125
1 0.8777343750000001 0.56591796875 0.022656250000000003 0.0283203125
1 0.9089843750000001 0.4072265625 0.02421875 0.03125
1 0.385546875 0.3154296875 0.025781250000000002 0.03125
1 0.46601562500000004 0.40869140625 0.02734375 0.0322265625
1 0.599609375 0.3876953125 0.02421875 0.029296875
1 0.381640625 0.07861328125 0.025781250000000002 0.0341796875
2 0.476171875 0.01513671875 0.032031250000000004 0.0302734375
1 0.33203125 0.23828125 0.028125 0.033203125
1 0.35664062500000004 0.39990234375 0.025781250000000002 0.0302734375
4 0.10117187500000001 0.65576171875 0.049218750000000006 0.0693359375
1 0.19648437500000002 0.43505859375 0.03359375 0.0439453125
2 0.79609375 0.36328125 0.034375 0.046875
1 0.5578125 0.94482421875 0.0390625 0.0498046875