3 0.213671875 0.2412109375 0.10546875 0.12890625
3 0.15976562500000002 0.8896484375 0.09921875000000001 0.125
1 0.037890625000000004 0.921875 0.02734375 0.037109375
1 0.06640625 0.7880859375 0.025 0.037109375
1 0.046875 0.5810546875 0.025 0.03515625
1 0.07773437500000001 0.345703125 0.02734375 0.04296875
2 0.025 0.33642578125 0.034375 0.0380859375
1 0.11093750000000001 0.16259765625 0.025 0.0302734375
1 0.2328125 0.41162109375 0.026562500000000003 0.0322265625
4 0.501171875 0.431640625 0.04453125 0.060546875
1 0.34218750000000003 0.20068359375 0.026562500000000003 0.0322265625
0 0.8148437500000001 0.34619140625 0.0390625 0.0439453125
4 0.762890625 0.34375 0.04609375 0.056640625
0 0.8992187500000001 0.2734375 0.035937500000000004 0.052734375
0 0.865234375 0.32763671875 0.03828125 0.0478515625
0 0.9460937500000001 0.2802734375 0.043750000000000004 0.046875
4 0.884375 0.3759765625 0.045312500000000006 0.05859375
1 0.942578125 0.49609375 0.02734375 0.033203125
1 0.962109375 0.537109375 0.025781250000000002 0.029296875
1 0.783203125 0.7998046875 0.02421875 0.03125
1 0.58203125 0.87255859375 0.025 0.0361328125
1 0.763671875 0.91259765625 0.02890625 0.0322265625
1 0.696875 0.7685546875 0.028125 0.03515625
1 0.2984375 0.63525390625 0.03125 0.0302734375
1 0.31875000000000003 0.52490234375 0.026562500000000003 0.0400390625
1 0.4453125 0.81494140625 0.028125 0.0380859375
1 0.49648437500000003 0.8701171875 0.025781250000000002 0.03125
2 0.8 0.1162109375 0.037500000000000006 0.041015625
1 0.396484375 0.3818359375 0.02890625 0.0390625
1 0.4390625 0.5927734375 0.0234375 0.03125