3 0.60859375 0.64111328125 0.11406250000000001 0.1435546875
3 0.2921875 0.21826171875 0.08281250000000001 0.0986328125
1 0.6125 0.91064453125 0.026562500000000003 0.0322265625
1 0.265234375 0.8046875 0.032031250000000004 0.0390625
1 0.39570312500000004 0.767578125 0.02734375 0.033203125
1 0.11406250000000001 0.861328125 0.028125 0.033203125
0 0.17304687500000002 0.755859375 0.055468750000000004 0.068359375
1 0.023046875 0.68701171875 0.02890625 0.0380859375
1 0.040625 0.455078125 0.029687500000000002 0.03515625
1 0.13359375 0.44384765625 0.026562500000000003 0.0322265625
4 0.184375 0.6103515625 0.051562500000000004 0.060546875
1 0.33437500000000003 0.38525390625 0.028125 0.0361328125
0 0.280078125 0.28955078125 0.049218750000000006 0.0595703125
0 0.041015625 0.07666015625 0.05078125 0.0654296875
1 0.47187500000000004 0.09423828125 0.029687500000000002 0.0380859375
1 0.2 0.091796875 0.028125 0.041015625
1 0.058984375000000006 0.2685546875 0.03359375 0.0390625
2 0.6546875000000001 0.26611328125 0.0390625 0.0517578125
1 0.586328125 0.0927734375 0.032031250000000004 0.0390625
2 0.4890625 0.5556640625 0.035937500000000004 0.046875
1 0.822265625 0.5830078125 0.032031250000000004 0.037109375
3 0.7875000000000001 0.70947265625 0.034375 0.0380859375
0 0.753515625 0.31982421875 0.06171875 0.0888671875
0 0.857421875 0.263671875 0.04453125 0.060546875
0 0.9125000000000001 0.31591796875 0.0484375 0.0615234375
0 0.911328125 0.373046875 0.041406250000000006 0.060546875
1 0.954296875 0.08251953125 0.030468750000000003 0.0400390625
1 0.8070312500000001 0.078125 0.03125 0.041015625
1 0.6898437500000001 0.10107421875 0.029687500000000002 0.0400390625
1 0.6785156250000001 0.48779296875 0.02734375 0.0341796875
1 0.7578125 0.53857421875 0.03125 0.0380859375
0 0.873046875 0.37548828125 0.047656250000000004 0.0634765625