3 0.40156250000000004 0.142578125 0.078125 0.09765625
3 0.421875 0.3642578125 0.0859375 0.099609375
3 0.7156250000000001 0.1826171875 0.08281250000000001 0.10546875
3 0.7972656250000001 0.677734375 0.10390625 0.12890625
1 0.0921875 0.52783203125 0.029687500000000002 0.0361328125
1 0.21835937500000002 0.22607421875 0.030468750000000003 0.0439453125
1 0.125 0.30517578125 0.026562500000000003 0.0322265625
1 0.51484375 0.20361328125 0.025 0.0322265625
1 0.603125 0.25927734375 0.028125 0.0380859375
1 0.555859375 0.44091796875 0.032031250000000004 0.0380859375
1 0.6625000000000001 0.32470703125 0.029687500000000002 0.0380859375
0 0.261328125 0.6875 0.04609375 0.060546875
1 0.779296875 0.26220703125 0.025781250000000002 0.0361328125
1 0.6453125000000001 0.466796875 0.025 0.041015625
1 0.490234375 0.6513671875 0.032031250000000004 0.037109375
2 0.32734375000000004 0.30908203125 0.03125 0.0419921875
1 0.158984375 0.44775390625 0.030468750000000003 0.0361328125
1 0.033984375000000004 0.35498046875 0.02890625 0.0380859375
1 0.5476562500000001 0.09375 0.034375 0.044921875
4 0.339453125 0.0537109375 0.049218750000000006 0.05078125