3 0.599609375 0.78759765625 0.06171875 0.0712890625
3 0.821875 0.68896484375 0.115625 0.1318359375
3 0.43007812500000003 0.5546875 0.08515625 0.1015625
3 0.519921875 0.20751953125 0.07109375 0.0927734375
3 0.123046875 0.18505859375 0.07265625 0.1044921875
1 0.8109375000000001 0.32470703125 0.021875000000000002 0.0341796875
1 0.6761718750000001 0.28515625 0.02421875 0.03515625
0 0.81015625 0.1865234375 0.046875 0.052734375
1 0.11210937500000001 0.0302734375 0.022656250000000003 0.029296875
1 0.31640625 0.26904296875 0.0234375 0.0322265625
1 0.14296875 0.52734375 0.0234375 0.03515625
1 0.47773437500000004 0.06201171875 0.022656250000000003 0.0322265625
1 0.389453125 0.08154296875 0.025781250000000002 0.0322265625
1 0.240625 0.10986328125 0.026562500000000003 0.0341796875
1 0.519921875 0.4619140625 0.017968750000000002 0.03515625
0 0.41328125000000004 0.625 0.051562500000000004 0.060546875
2 0.60703125 0.23388671875 0.029687500000000002 0.0361328125
1 0.173828125 0.4375 0.025781250000000002 0.037109375
1 0.2171875 0.4580078125 0.0234375 0.037109375
1 0.40625 0.17333984375 0.026562500000000003 0.0302734375
2 0.862890625 0.11865234375 0.03359375 0.0439453125
2 0.646484375 0.03076171875 0.03828125 0.0419921875
1 0.59140625 0.05908203125 0.026562500000000003 0.0361328125