0 0.498046875 0.95458984375 0.05390625 0.0732421875
3 0.531640625 0.7802734375 0.06796875000000001 0.095703125
3 0.38906250000000003 0.48193359375 0.07968750000000001 0.0888671875
0 0.07695312500000001 0.900390625 0.039843750000000004 0.056640625
0 0.417578125 0.21875 0.049218750000000006 0.068359375
0 0.41875 0.15625 0.05 0.064453125
1 0.7125 0.2197265625 0.028125 0.033203125
1 0.8921875 0.21923828125 0.026562500000000003 0.0361328125
1 0.98046875 0.25537109375 0.029687500000000002 0.0341796875
1 0.8109375000000001 0.44189453125 0.028125 0.0302734375
1 0.619140625 0.54443359375 0.030468750000000003 0.0361328125
1 0.46992187500000004 0.56396484375 0.025781250000000002 0.0361328125
1 0.507421875 0.67431640625 0.025781250000000002 0.0361328125
2 0.6082031250000001 0.73974609375 0.032031250000000004 0.0400390625
2 0.328125 0.7490234375 0.026562500000000003 0.037109375
2 0.369921875 0.673828125 0.03515625 0.04296875
1 0.7136718750000001 0.8291015625 0.025781250000000002 0.033203125
1 0.7117187500000001 0.96728515625 0.029687500000000002 0.0341796875
1 0.966796875 0.80908203125 0.025781250000000002 0.0419921875
1 0.9031250000000001 0.6201171875 0.025 0.03515625
2 0.219140625 0.2177734375 0.02734375 0.0390625
1 0.184375 0.4033203125 0.028125 0.037109375
1 0.1015625 0.53515625 0.028125 0.03125
1 0.14140625 0.34130859375 0.025 0.0380859375
1 0.1015625 0.76513671875 0.03125 0.0361328125
1 0.16953125000000002 0.85888671875 0.026562500000000003 0.0361328125
1 0.134375 0.8447265625 0.025 0.037109375
1 0.37929687500000003 0.83935546875 0.02734375 0.0439453125
1 0.282421875 0.48974609375 0.025781250000000002 0.0322265625
1 0.347265625 0.3232421875 0.02890625 0.03125
1 0.60703125 0.2958984375 0.026562500000000003 0.037109375
2 0.8699218750000001 0.69482421875 0.02890625 0.0419921875
2 0.83984375 0.232421875 0.0328125 0.041015625
2 0.32890625 0.853515625 0.035937500000000004 0.0390625
2 0.71640625 0.73291015625 0.0328125 0.0419921875
1 0.32421875 0.10009765625 0.029687500000000002 0.0341796875
2 0.594921875 0.46337890625 0.02734375 0.0341796875
2 0.059765625 0.71484375 0.02734375 0.03515625
1 0.7898437500000001 0.349609375 0.025 0.03515625
1 0.06640625 0.18798828125 0.03125 0.0439453125