0 0.623046875 0.2490234375 0.08515625 0.109375
0 0.6109375 0.37548828125 0.07187500000000001 0.1005859375
0 0.483984375 0.52685546875 0.06953125 0.1025390625
0 0.08984375 0.22705078125 0.0625 0.0830078125
0 0.298046875 0.8173828125 0.08359375000000001 0.107421875
0 0.2078125 0.8466796875 0.07187500000000001 0.08203125
0 0.20820312500000002 0.953125 0.06796875000000001 0.083984375
0 0.5378906250000001 0.94580078125 0.07578125000000001 0.1044921875
0 0.790625 0.87353515625 0.09375 0.1103515625
0 0.680859375 0.7822265625 0.09296875 0.111328125
0 0.533203125 0.28466796875 0.07578125000000001 0.0869140625
0 0.370703125 0.537109375 0.06796875000000001 0.08984375
0 0.634375 0.59765625 0.065625 0.08203125
0 0.26210937500000003 0.267578125 0.08046875 0.1015625
0 0.34140625 0.3447265625 0.06406250000000001 0.087890625
1 0.48867187500000003 0.435546875 0.02734375 0.033203125