0 0.2859375 0.904296875 0.084375 0.1171875
0 0.39765625000000004 0.78125 0.08750000000000001 0.1015625
0 0.185546875 0.59228515625 0.10234375000000001 0.1318359375
0 0.20625000000000002 0.41943359375 0.08281250000000001 0.1142578125
0 0.091015625 0.111328125 0.07734375 0.109375
0 0.177734375 0.1416015625 0.07109375 0.103515625
0 0.240625 0.2080078125 0.0578125 0.087890625
0 0.270703125 0.0966796875 0.07265625 0.091796875
0 0.46992187500000004 0.1259765625 0.07734375 0.1015625
0 0.444140625 0.2626953125 0.055468750000000004 0.064453125
0 0.593359375 0.55859375 0.057031250000000006 0.087890625
0 0.596875 0.66259765625 0.0671875 0.0888671875
0 0.9519531250000001 0.2734375 0.09453125000000001 0.12109375
0 0.5671875000000001 0.87353515625 0.05625 0.0673828125
0 0.5632812500000001 0.40087890625 0.078125 0.0908203125
0 0.712890625 0.26416015625 0.07109375 0.0869140625
0 0.6664062500000001 0.47216796875 0.08281250000000001 0.1025390625
0 0.67734375 0.9521484375 0.07968750000000001 0.08203125
0 0.611328125 0.2958984375 0.08046875 0.099609375
0 0.828125 0.16845703125 0.1125 0.1357421875
4 0.32890625 0.8310546875 0.043750000000000004 0.05859375
4 0.7386718750000001 0.45849609375 0.05859375 0.0693359375