0 0.19609375 0.31689453125 0.0734375 0.0888671875
0 0.4609375 0.36572265625 0.1078125 0.1259765625
0 0.583984375 0.32958984375 0.07890625000000001 0.0888671875
0 0.507421875 0.4921875 0.08046875 0.107421875
0 0.724609375 0.45947265625 0.06171875 0.0732421875
0 0.6878906250000001 0.55322265625 0.06484375 0.0810546875
0 0.806640625 0.53662109375 0.06953125 0.0712890625
0 0.7582031250000001 0.66943359375 0.07421875 0.0810546875
0 0.67109375 0.103515625 0.065625 0.091796875
0 0.6019531250000001 0.6982421875 0.04453125 0.068359375
0 0.9359375000000001 0.693359375 0.07500000000000001 0.083984375
0 0.701171875 0.93408203125 0.057031250000000006 0.0693359375
0 0.765234375 0.07568359375 0.08671875000000001 0.1201171875
0 0.1203125 0.25390625 0.059375000000000004 0.07421875
0 0.083203125 0.552734375 0.06484375 0.078125
0 0.30507812500000003 0.91943359375 0.09921875000000001 0.1201171875
0 0.8894531250000001 0.50732421875 0.08046875 0.0966796875
0 0.6722656250000001 0.21240234375 0.06171875 0.0830078125
0 0.152734375 0.560546875 0.06953125 0.09375
4 0.46406250000000004 0.14208984375 0.0484375 0.0634765625
4 0.5183593750000001 0.18310546875 0.049218750000000006 0.0673828125
0 0.43515625 0.89208984375 0.0625 0.0771484375
0 0.748046875 0.373046875 0.06171875 0.076171875
1 0.45820312500000004 0.63232421875 0.022656250000000003 0.0361328125