0 0.051171875000000006 0.26806640625 0.06640625 0.0810546875
0 0.5125000000000001 0.9580078125 0.0734375 0.08203125
0 0.8324218750000001 0.787109375 0.07734375 0.103515625
3 0.8675781250000001 0.93994140625 0.09609375 0.1044921875
0 0.5535156250000001 0.87646484375 0.06953125 0.0849609375
0 0.20273437500000002 0.9306640625 0.08671875000000001 0.107421875
0 0.244140625 0.5419921875 0.055468750000000004 0.07421875
0 0.294921875 0.6201171875 0.06953125 0.080078125
0 0.06015625 0.47900390625 0.0546875 0.0693359375
0 0.841015625 0.4541015625 0.055468750000000004 0.07421875
0 0.7816406250000001 0.68017578125 0.06953125 0.0908203125
3 0.474609375 0.2353515625 0.06953125 0.0859375
3 0.52265625 0.1435546875 0.07968750000000001 0.09765625
4 0.6742187500000001 0.11328125 0.05 0.06640625
0 0.46523437500000003 0.34912109375 0.057031250000000006 0.0751953125
0 0.7503906250000001 0.37890625 0.09296875 0.103515625
0 0.21953125 0.30029296875 0.0703125 0.0947265625
0 0.33125000000000004 0.12646484375 0.0703125 0.0908203125
0 0.046484375 0.59423828125 0.05390625 0.0634765625
0 0.46796875000000004 0.7724609375 0.0671875 0.072265625