0 0.038671875 0.15966796875 0.07109375 0.0986328125
0 0.42695312500000004 0.380859375 0.07421875 0.08984375
0 0.798046875 0.6064453125 0.11015625000000001 0.1171875
0 0.474609375 0.0556640625 0.057031250000000006 0.07421875
0 0.219140625 0.2509765625 0.057031250000000006 0.08203125
0 0.33359375 0.69189453125 0.051562500000000004 0.0693359375
0 0.1078125 0.95166015625 0.078125 0.0947265625
0 0.420703125 0.79736328125 0.07578125000000001 0.0927734375
0 0.641796875 0.11279296875 0.055468750000000004 0.0849609375
0 0.126953125 0.29150390625 0.08984375 0.1064453125
0 0.362109375 0.4677734375 0.07578125000000001 0.095703125
1 0.183984375 0.80078125 0.02890625 0.0390625