0 0.9363281250000001 0.9296875 0.10390625 0.13671875
0 0.8500000000000001 0.521484375 0.0921875 0.115234375
0 0.7488281250000001 0.44189453125 0.07890625000000001 0.1083984375
0 0.6625000000000001 0.44189453125 0.0625 0.0849609375
0 0.6546875000000001 0.337890625 0.060937500000000006 0.091796875
0 0.065625 0.2216796875 0.07500000000000001 0.103515625
4 0.183984375 0.2900390625 0.05859375 0.068359375
0 0.300390625 0.8447265625 0.06328125 0.0859375
0 0.33359375 0.1552734375 0.0671875 0.08984375
0 0.784765625 0.56396484375 0.05234375 0.0693359375
0 0.7175781250000001 0.13134765625 0.06640625 0.0869140625
4 0.42500000000000004 0.8095703125 0.0578125 0.06640625
0 0.654296875 0.92919921875 0.12421875 0.1396484375
0 0.5457031250000001 0.79150390625 0.06015625 0.0771484375
0 0.49531250000000004 0.78515625 0.059375000000000004 0.0703125
1 0.40273437500000003 0.126953125 0.02890625 0.0390625
1 0.833203125 0.1865234375 0.02890625 0.037109375
0 0.040625 0.453125 0.08125 0.109375
0 0.328125 0.91943359375 0.059375000000000004 0.0712890625
0 0.8523437500000001 0.720703125 0.0734375 0.0859375
0 0.464453125 0.38427734375 0.06015625 0.0927734375
0 0.259765625 0.58984375 0.08984375 0.1171875
0 0.576171875 0.3056640625 0.07421875 0.091796875
1 0.6109375 0.2060546875 0.03125 0.03515625
0 0.8953125000000001 0.8203125 0.07187500000000001 0.09765625