0 0.577734375 0.38037109375 0.10390625 0.1416015625
0 0.215234375 0.6787109375 0.07265625 0.08203125
0 0.7578125 0.1474609375 0.06875 0.091796875
0 0.56171875 0.19384765625 0.0734375 0.0927734375
0 0.33632812500000003 0.10498046875 0.07109375 0.0927734375
0 0.02890625 0.125 0.053125000000000006 0.087890625
0 0.12265625000000001 0.11962890625 0.060937500000000006 0.0830078125
0 0.07382812500000001 0.94189453125 0.09453125000000001 0.1142578125
0 0.244140625 0.95068359375 0.09296875 0.0966796875
0 0.6589843750000001 0.30712890625 0.05234375 0.0693359375
3 0.50390625 0.67626953125 0.08281250000000001 0.0966796875
0 0.31796875 0.2666015625 0.06875 0.087890625
0 0.7984375 0.41064453125 0.0671875 0.0810546875
0 0.835546875 0.49365234375 0.06484375 0.0869140625
0 0.622265625 0.6865234375 0.08671875000000001 0.107421875
0 0.8109375000000001 0.85107421875 0.06406250000000001 0.0869140625
0 0.8992187500000001 0.85791015625 0.1125 0.1572265625
0 0.36054687500000004 0.689453125 0.07265625 0.083984375
0 0.30234375 0.58203125 0.05625 0.080078125
0 0.762890625 0.54443359375 0.08828125 0.1025390625
0 0.19882812500000002 0.31591796875 0.055468750000000004 0.0693359375
0 0.6683593750000001 0.0888671875 0.06796875000000001 0.087890625
0 0.2171875 0.810546875 0.084375 0.107421875