0 0.2671875 0.95263671875 0.084375 0.0908203125
0 0.18828125 0.8212890625 0.06875 0.080078125
3 0.236328125 0.53369140625 0.07421875 0.0966796875
0 0.77734375 0.60888671875 0.0703125 0.1025390625
0 0.800390625 0.37109375 0.08203125 0.115234375
0 0.775390625 0.8369140625 0.06015625 0.076171875
0 0.85859375 0.90283203125 0.06875 0.0869140625
0 0.536328125 0.146484375 0.07109375 0.09375
0 0.25078125 0.43115234375 0.06875 0.0908203125
0 0.913671875 0.1474609375 0.057031250000000006 0.08203125
3 0.6722656250000001 0.32958984375 0.06328125 0.0810546875
0 0.40156250000000004 0.42919921875 0.06875 0.0712890625
0 0.74140625 0.470703125 0.0546875 0.068359375
0 0.18515625000000002 0.3349609375 0.053125000000000006 0.080078125
0 0.9164062500000001 0.34130859375 0.065625 0.0810546875
0 0.26601562500000003 0.8447265625 0.057031250000000006 0.078125
4 0.448046875 0.8232421875 0.047656250000000004 0.052734375
0 0.487890625 0.23046875 0.055468750000000004 0.080078125
0 0.8265625000000001 0.822265625 0.0671875 0.078125
0 0.9421875000000001 0.55419921875 0.060937500000000006 0.0810546875