0 0.37734375000000003 0.703125 0.0890625 0.1171875
0 0.087109375 0.33984375 0.06484375 0.076171875
0 0.294921875 0.43603515625 0.08203125 0.0869140625
0 0.612890625 0.1103515625 0.07265625 0.091796875
0 0.6820312500000001 0.3623046875 0.078125 0.091796875
0 0.765625 0.583984375 0.0734375 0.099609375
0 0.779296875 0.078125 0.09609375 0.109375
0 0.34687500000000004 0.05029296875 0.08125 0.0927734375
0 0.17421875 0.13818359375 0.060937500000000006 0.0791015625
4 0.565625 0.80615234375 0.046875 0.0498046875
0 0.48945312500000004 0.95263671875 0.06796875000000001 0.0888671875
0 0.5554687500000001 0.619140625 0.0859375 0.1015625
0 0.681640625 0.6298828125 0.08984375 0.103515625
0 0.5457031250000001 0.28173828125 0.06171875 0.0732421875
0 0.03671875 0.208984375 0.059375000000000004 0.087890625
0 0.9304687500000001 0.70068359375 0.09062500000000001 0.1240234375
0 0.1234375 0.47216796875 0.0625 0.0830078125