0 0.132421875 0.7412109375 0.06484375 0.078125
0 0.25 0.48388671875 0.07187500000000001 0.0830078125
0 0.374609375 0.55859375 0.09140625000000001 0.109375
0 0.476171875 0.505859375 0.10234375000000001 0.150390625
0 0.54921875 0.60693359375 0.08125 0.1025390625
0 0.845703125 0.8251953125 0.08828125 0.1171875
0 0.8367187500000001 0.36865234375 0.06875 0.0791015625
0 0.753515625 0.0869140625 0.05859375 0.072265625
0 0.6429687500000001 0.88623046875 0.07187500000000001 0.0849609375
0 0.661328125 0.72802734375 0.11328125 0.1591796875
0 0.6375000000000001 0.2353515625 0.11093750000000001 0.13671875
4 0.5984375000000001 0.14208984375 0.043750000000000004 0.0537109375
0 0.966796875 0.88037109375 0.06484375 0.0810546875