0 0.091796875 0.31298828125 0.07109375 0.0810546875
0 0.06406250000000001 0.6494140625 0.07968750000000001 0.087890625
0 0.11484375000000001 0.728515625 0.078125 0.109375
0 0.070703125 0.85205078125 0.06796875000000001 0.0888671875
0 0.42031250000000003 0.61669921875 0.084375 0.1181640625
0 0.30000000000000004 0.6923828125 0.0671875 0.0859375
0 0.170703125 0.6064453125 0.09921875000000001 0.125
0 0.619140625 0.66357421875 0.07421875 0.0830078125
0 0.6058593750000001 0.5615234375 0.07734375 0.099609375
0 0.813671875 0.9248046875 0.06953125 0.083984375
0 0.929296875 0.8291015625 0.07890625000000001 0.09765625
0 0.9546875 0.61767578125 0.06875 0.0869140625
0 0.499609375 0.24462890625 0.057031250000000006 0.0654296875
0 0.63984375 0.47607421875 0.065625 0.0810546875
0 0.36015625 0.328125 0.07968750000000001 0.09375
0 0.76328125 0.4931640625 0.06406250000000001 0.072265625
0 0.6824218750000001 0.36572265625 0.11640625 0.1533203125