0 0.1609375 0.1787109375 0.05625 0.0703125
0 0.232421875 0.17724609375 0.08359375000000001 0.0869140625
3 0.1453125 0.421875 0.08750000000000001 0.1171875
0 0.034375 0.50927734375 0.06875 0.1005859375
0 0.037500000000000006 0.94482421875 0.07500000000000001 0.1005859375
0 0.20859375000000002 0.85498046875 0.08281250000000001 0.1103515625
4 0.267578125 0.9306640625 0.055468750000000004 0.0546875
4 0.34375 0.9541015625 0.053125000000000006 0.05859375
0 0.342578125 0.71435546875 0.07578125000000001 0.0810546875
0 0.253515625 0.6826171875 0.08984375 0.09375
3 0.328125 0.837890625 0.1296875 0.15234375
0 0.71875 0.5458984375 0.0765625 0.095703125
0 0.8152343750000001 0.58203125 0.07109375 0.091796875
0 0.89609375 0.3662109375 0.0765625 0.107421875
0 0.80234375 0.28857421875 0.07187500000000001 0.0927734375
0 0.8871093750000001 0.2216796875 0.07578125000000001 0.08203125
0 0.649609375 0.048828125 0.07109375 0.09765625
0 0.42265625 0.3955078125 0.0671875 0.080078125
0 0.7796875000000001 0.16650390625 0.06875 0.0791015625
0 0.13359375 0.064453125 0.059375000000000004 0.072265625
0 0.392578125 0.09423828125 0.09453125000000001 0.1103515625
0 0.56953125 0.47119140625 0.07500000000000001 0.0830078125
0 0.18671875000000002 0.673828125 0.059375000000000004 0.072265625
0 0.8250000000000001 0.47119140625 0.065625 0.0751953125
0 0.6863281250000001 0.41796875 0.07421875 0.087890625
0 0.7039062500000001 0.2802734375 0.0765625 0.087890625
3 0.47421875 0.7509765625 0.065625 0.087890625