0 0.13593750000000002 0.322265625 0.1 0.12890625
0 0.13828125 0.63525390625 0.060937500000000006 0.0673828125
0 0.16796875 0.5595703125 0.05625 0.0703125
4 0.33046875000000003 0.35498046875 0.084375 0.1123046875
0 0.512890625 0.4052734375 0.08046875 0.10546875
0 0.44257812500000004 0.56494140625 0.09140625000000001 0.1005859375
0 0.559765625 0.60888671875 0.07421875 0.0908203125
0 0.56875 0.48193359375 0.08281250000000001 0.1044921875
0 0.805859375 0.17822265625 0.09453125000000001 0.1181640625
0 0.86484375 0.2783203125 0.1015625 0.11328125
0 0.8796875000000001 0.51123046875 0.0671875 0.1005859375
0 0.33671875 0.81982421875 0.06406250000000001 0.0849609375
0 0.8921875 0.9130859375 0.0703125 0.09375
0 0.73984375 0.376953125 0.084375 0.11328125
0 0.8601562500000001 0.4111328125 0.096875 0.107421875
0 0.96484375 0.708984375 0.0578125 0.07421875
0 0.22812500000000002 0.46728515625 0.0703125 0.0810546875