0 0.060937500000000006 0.70654296875 0.09375 0.1123046875
0 0.16718750000000002 0.68603515625 0.07500000000000001 0.0849609375
0 0.396484375 0.50390625 0.07578125000000001 0.08984375
3 0.30859375 0.634765625 0.1 0.111328125
0 0.283203125 0.73046875 0.07109375 0.083984375
0 0.38906250000000003 0.7138671875 0.065625 0.099609375
0 0.8089843750000001 0.89990234375 0.07890625000000001 0.1025390625
0 0.220703125 0.212890625 0.09296875 0.111328125
0 0.09140625000000001 0.3828125 0.078125 0.09375
0 0.669921875 0.3720703125 0.09296875 0.115234375
0 0.8792968750000001 0.33056640625 0.08046875 0.1142578125
0 0.6253906250000001 0.0400390625 0.06953125 0.080078125
4 0.5453125 0.09423828125 0.059375000000000004 0.0693359375
0 0.35781250000000003 0.12890625 0.09375 0.1171875
0 0.6726562500000001 0.228515625 0.078125 0.095703125
4 0.465625 0.41259765625 0.053125000000000006 0.0634765625
0 0.353515625 0.33349609375 0.06796875000000001 0.0771484375
0 0.482421875 0.83544921875 0.05234375 0.0830078125
0 0.776953125 0.36328125 0.11484375000000001 0.16796875
0 0.268359375 0.31494140625 0.08359375000000001 0.1123046875
0 0.117578125 0.60888671875 0.08671875000000001 0.1005859375
0 0.32578125 0.82080078125 0.08281250000000001 0.1044921875
0 0.9671875000000001 0.6767578125 0.06406250000000001 0.083984375
1 0.284375 0.53955078125 0.028125 0.0361328125