0 0.0734375 0.1044921875 0.08281250000000001 0.103515625
0 0.495703125 0.0576171875 0.08046875 0.1015625
0 0.576171875 0.24658203125 0.07109375 0.0986328125
0 0.6707031250000001 0.2041015625 0.08359375000000001 0.10546875
0 0.278515625 0.2666015625 0.07890625000000001 0.10546875
0 0.053125000000000006 0.90478515625 0.07500000000000001 0.0966796875
0 0.38320312500000003 0.7890625 0.07109375 0.087890625
0 0.5593750000000001 0.8955078125 0.078125 0.109375
0 0.869140625 0.76806640625 0.08359375000000001 0.1005859375
0 0.792578125 0.80419921875 0.07421875 0.0791015625
0 0.80390625 0.71337890625 0.06406250000000001 0.0673828125
0 0.868359375 0.6318359375 0.07734375 0.095703125
0 0.9496093750000001 0.57275390625 0.06171875 0.0732421875
3 0.8949218750000001 0.9091796875 0.12421875 0.16015625
0 0.33828125000000003 0.11669921875 0.07187500000000001 0.0849609375
3 0.17734375000000002 0.69677734375 0.078125 0.0849609375
0 0.051562500000000004 0.80712890625 0.06406250000000001 0.0830078125
0 0.9378906250000001 0.70458984375 0.07578125000000001 0.0986328125