4 0.08359375000000001 0.79931640625 0.05625 0.0712890625
0 0.131640625 0.72802734375 0.07734375 0.0947265625
0 0.28828125 0.5625 0.0734375 0.09765625
0 0.113671875 0.18798828125 0.07890625000000001 0.0966796875
2 0.155078125 0.048828125 0.030468750000000003 0.0390625
0 0.21250000000000002 0.0791015625 0.07500000000000001 0.09375
0 0.369921875 0.130859375 0.07578125000000001 0.095703125
0 0.538671875 0.32763671875 0.06328125 0.0791015625
0 0.633984375 0.283203125 0.057031250000000006 0.072265625
0 0.6218750000000001 0.5869140625 0.07500000000000001 0.095703125
0 0.734375 0.64697265625 0.0671875 0.0849609375
0 0.8265625000000001 0.2490234375 0.1265625 0.16015625
0 0.696875 0.18212890625 0.16875 0.1552734375
0 0.520703125 0.60205078125 0.06953125 0.0849609375
0 0.029296875 0.0498046875 0.05859375 0.08203125
0 0.576171875 0.95068359375 0.05859375 0.0810546875
0 0.22890625 0.744140625 0.0671875 0.0859375
0 0.753125 0.93212890625 0.08281250000000001 0.1083984375