0 0.083984375 0.47265625 0.06953125 0.08984375
0 0.107421875 0.87890625 0.06953125 0.083984375
0 0.261328125 0.75732421875 0.10078125 0.1220703125
0 0.433203125 0.7041015625 0.06796875000000001 0.0859375
0 0.1203125 0.11181640625 0.05625 0.0732421875
0 0.710546875 0.54345703125 0.08359375000000001 0.1240234375
0 0.700390625 0.7666015625 0.07421875 0.08984375
0 0.80234375 0.47802734375 0.0890625 0.1025390625
0 0.696484375 0.33203125 0.06484375 0.080078125
0 0.42265625 0.3779296875 0.06406250000000001 0.078125
2 0.8660156250000001 0.02783203125 0.03515625 0.0400390625
0 0.28125 0.32763671875 0.0890625 0.1064453125
3 0.144140625 0.73193359375 0.07109375 0.0927734375
0 0.298828125 0.1435546875 0.06796875000000001 0.078125
0 0.5125000000000001 0.77197265625 0.0765625 0.0966796875
0 0.211328125 0.04443359375 0.05390625 0.0732421875
0 0.624609375 0.60595703125 0.05234375 0.0576171875
0 0.298046875 0.62060546875 0.057031250000000006 0.0791015625
0 0.1203125 0.2705078125 0.084375 0.115234375
0 0.562109375 0.1103515625 0.07890625000000001 0.10546875
0 0.034375 0.689453125 0.06875 0.091796875
0 0.303515625 0.84130859375 0.057031250000000006 0.0693359375
1 0.20234375000000002 0.23095703125 0.03125 0.0341796875
1 0.911328125 0.3935546875 0.03359375 0.03515625
1 0.8128906250000001 0.166015625 0.030468750000000003 0.033203125
0 0.8363281250000001 0.5927734375 0.12890625 0.13671875
0 0.3984375 0.7998046875 0.084375 0.10546875
0 0.96796875 0.07470703125 0.0625 0.0888671875
0 0.44062500000000004 0.5556640625 0.07187500000000001 0.08203125