0 0.048828125 0.77978515625 0.08828125 0.1005859375
0 0.36328125 0.54248046875 0.0765625 0.0966796875
0 0.20429687500000002 0.52294921875 0.07421875 0.0869140625
0 0.37343750000000003 0.3203125 0.08750000000000001 0.111328125
0 0.44179687500000003 0.2490234375 0.06953125 0.103515625
0 0.23125 0.41162109375 0.1015625 0.1162109375
0 0.31484375000000003 0.45703125 0.08125 0.10546875
0 0.669921875 0.0732421875 0.07578125000000001 0.09765625
0 0.65234375 0.197265625 0.09062500000000001 0.109375
0 0.9281250000000001 0.40625 0.0625 0.0703125
0 0.9140625 0.48095703125 0.0578125 0.0693359375
0 0.7546875000000001 0.1728515625 0.109375 0.15625