0 0.58046875 0.4375 0.040625 0.05859375
1 0.65390625 0.53662109375 0.0328125 0.0439453125
1 0.24375000000000002 0.44677734375 0.034375 0.0419921875
1 0.573828125 0.16357421875 0.030468750000000003 0.0478515625
1 0.9046875000000001 0.2021484375 0.040625 0.037109375
1 0.915625 0.93408203125 0.028125 0.0322265625
1 0.13593750000000002 0.890625 0.025 0.033203125
1 0.020703125000000003 0.69921875 0.02421875 0.03125
1 0.2234375 0.7783203125 0.029687500000000002 0.037109375
1 0.500390625 0.88134765625 0.025781250000000002 0.0341796875
1 0.209375 0.6875 0.0328125 0.03515625
1 0.17265625 0.52880859375 0.029687500000000002 0.0361328125
1 0.232421875 0.6318359375 0.02734375 0.033203125
1 0.53125 0.7861328125 0.029687500000000002 0.03515625
1 0.6238281250000001 0.86181640625 0.02890625 0.0322265625
1 0.666015625 0.67822265625 0.02421875 0.0302734375
1 0.7152343750000001 0.64306640625 0.032031250000000004 0.0380859375
1 0.7503906250000001 0.623046875 0.02734375 0.03515625
1 0.8816406250000001 0.3818359375 0.02890625 0.037109375
1 0.765625 0.20703125 0.025 0.033203125
1 0.8875000000000001 0.12646484375 0.025 0.0322265625
1 0.33046875000000003 0.0361328125 0.03125 0.033203125
1 0.140625 0.9755859375 0.025 0.033203125
1 0.7039062500000001 0.791015625 0.025 0.033203125
1 0.515625 0.68505859375 0.026562500000000003 0.0361328125
1 0.380859375 0.09765625 0.02890625 0.033203125
1 0.40234375 0.3857421875 0.021875000000000002 0.03125
1 0.486328125 0.35986328125 0.02421875 0.0302734375
1 0.40390625 0.31884765625 0.026562500000000003 0.0341796875
1 0.38320312500000003 0.3349609375 0.02734375 0.025390625
1 0.926953125 0.42529296875 0.02421875 0.0322265625
1 0.9378906250000001 0.48388671875 0.02421875 0.0302734375
1 0.118359375 0.26806640625 0.02421875 0.0341796875
1 0.495703125 0.3935546875 0.025781250000000002 0.03125
1 0.48476562500000003 0.24560546875 0.02734375 0.0302734375
1 0.7738281250000001 0.287109375 0.025781250000000002 0.03125
1 0.9144531250000001 0.58544921875 0.02890625 0.0380859375