0 0.086328125 0.16748046875 0.08828125 0.1044921875
0 0.119140625 0.341796875 0.06796875000000001 0.083984375
0 0.067578125 0.4677734375 0.09453125000000001 0.125
0 0.18984375 0.4306640625 0.11093750000000001 0.140625
0 0.2078125 0.2978515625 0.0859375 0.109375
0 0.226953125 0.11669921875 0.10078125 0.1201171875
0 0.31093750000000003 0.42626953125 0.0734375 0.0908203125
0 0.448828125 0.09765625 0.057031250000000006 0.078125
0 0.4421875 0.388671875 0.0578125 0.078125
0 0.458984375 0.61083984375 0.06328125 0.0791015625
0 0.774609375 0.40625 0.07734375 0.08984375
0 0.6902343750000001 0.71533203125 0.10859375 0.1318359375
0 0.6421875 0.82958984375 0.0859375 0.1025390625
0 0.4 0.83837890625 0.08281250000000001 0.0986328125
0 0.51171875 0.53564453125 0.060937500000000006 0.0869140625
0 0.942578125 0.71337890625 0.08203125 0.1103515625
0 0.02890625 0.33642578125 0.0578125 0.1044921875
0 0.96640625 0.2333984375 0.065625 0.109375
0 0.90234375 0.2236328125 0.07187500000000001 0.091796875