0 0.8234375 0.4072265625 0.1 0.12890625
0 0.944921875 0.46826171875 0.08515625 0.1123046875
0 0.8171875000000001 0.13525390625 0.1 0.1337890625
0 0.6902343750000001 0.19140625 0.11171875 0.13671875
0 0.56484375 0.08984375 0.084375 0.10546875
0 0.45156250000000003 0.15087890625 0.0921875 0.1220703125
0 0.562890625 0.21923828125 0.07734375 0.0966796875
0 0.24531250000000002 0.17138671875 0.06875 0.0947265625
0 0.12187500000000001 0.10302734375 0.09062500000000001 0.1005859375
0 0.15234375 0.37646484375 0.0734375 0.0908203125
0 0.146875 0.4833984375 0.0890625 0.107421875
0 0.2109375 0.59423828125 0.1453125 0.1748046875
0 0.080078125 0.6943359375 0.06640625 0.07421875
0 0.094921875 0.78173828125 0.08203125 0.0791015625
0 0.3796875 0.8046875 0.084375 0.11328125
0 0.5925781250000001 0.55615234375 0.08359375000000001 0.1142578125
0 0.6976562500000001 0.53125 0.06875 0.0859375
3 0.68359375 0.33642578125 0.109375 0.1396484375
0 0.671484375 0.615234375 0.07734375 0.09765625
0 0.17734375000000002 0.2177734375 0.08750000000000001 0.11328125
0 0.8859375 0.5693359375 0.0734375 0.10546875
0 0.8234375 0.65478515625 0.0765625 0.1005859375