0 0.080078125 0.16162109375 0.07890625000000001 0.0927734375
0 0.057421875000000004 0.25537109375 0.057031250000000006 0.0791015625
0 0.181640625 0.1279296875 0.09921875000000001 0.119140625
0 0.2265625 0.24462890625 0.1078125 0.1259765625
0 0.274609375 0.3759765625 0.06484375 0.0859375
0 0.6000000000000001 0.177734375 0.05625 0.083984375
0 0.5421875 0.2607421875 0.10312500000000001 0.111328125
0 0.408203125 0.34423828125 0.08359375000000001 0.0986328125
0 0.328125 0.486328125 0.078125 0.095703125
0 0.857421875 0.15087890625 0.08203125 0.1103515625
0 0.9593750000000001 0.40966796875 0.07968750000000001 0.1103515625
0 0.641796875 0.732421875 0.07734375 0.103515625
0 0.43125 0.490234375 0.0703125 0.099609375
0 0.7074218750000001 0.28857421875 0.06640625 0.0869140625
0 0.20703125 0.77783203125 0.084375 0.1044921875
0 0.122265625 0.78173828125 0.08046875 0.1005859375
0 0.88984375 0.30810546875 0.08750000000000001 0.1103515625
0 0.76328125 0.74951171875 0.08750000000000001 0.1201171875
0 0.694921875 0.8291015625 0.10703125000000001 0.1328125
0 0.495703125 0.54443359375 0.07734375 0.1044921875
0 0.723828125 0.53466796875 0.06015625 0.0830078125
0 0.555859375 0.3525390625 0.07421875 0.080078125
0 0.9519531250000001 0.08642578125 0.09296875 0.1181640625
0 0.843359375 0.53173828125 0.07265625 0.1044921875
0 0.17734375000000002 0.421875 0.08281250000000001 0.10546875
0 0.700390625 0.1357421875 0.09765625 0.111328125
0 0.37343750000000003 0.56640625 0.08750000000000001 0.111328125