0 0.21328125 0.1162109375 0.09531250000000001 0.119140625
0 0.142578125 0.763671875 0.07109375 0.099609375
0 0.16796875 0.6337890625 0.07187500000000001 0.091796875
0 0.38515625000000003 0.283203125 0.078125 0.09765625
0 0.46992187500000004 0.42138671875 0.06328125 0.0849609375
0 0.483984375 0.51513671875 0.06796875000000001 0.0888671875
4 0.339453125 0.92138671875 0.06328125 0.0771484375
0 0.512109375 0.82763671875 0.06484375 0.0830078125
0 0.5183593750000001 0.921875 0.08828125 0.10546875
0 0.6902343750000001 0.72802734375 0.08515625 0.1025390625
0 0.74140625 0.4375 0.0765625 0.111328125
0 0.7972656250000001 0.5263671875 0.08515625 0.109375
4 0.9144531250000001 0.53125 0.06328125 0.07421875
0 0.8855468750000001 0.62890625 0.09609375 0.115234375
0 0.935546875 0.31884765625 0.09609375 0.1123046875
0 0.96015625 0.42578125 0.078125 0.10546875
0 0.765234375 0.0927734375 0.12578125 0.158203125
0 0.64375 0.29541015625 0.0671875 0.0849609375
0 0.56953125 0.33544921875 0.07187500000000001 0.0927734375
0 0.654296875 0.486328125 0.07421875 0.09375
0 0.23984375000000002 0.7421875 0.0734375 0.119140625
3 0.35195312500000003 0.701171875 0.15390625000000002 0.193359375
0 0.556640625 0.55908203125 0.09140625000000001 0.1064453125
0 0.2609375 0.41943359375 0.0671875 0.0810546875
0 0.419921875 0.4697265625 0.07421875 0.091796875
0 0.7046875 0.94091796875 0.0671875 0.0849609375
0 0.20703125 0.83642578125 0.07187500000000001 0.0888671875
0 0.19453125000000002 0.40966796875 0.0703125 0.0986328125
0 0.9234375 0.1748046875 0.07500000000000001 0.09765625