0 0.28750000000000003 0.44873046875 0.084375 0.1064453125
0 0.306640625 0.5439453125 0.06015625 0.068359375
0 0.35664062500000004 0.6064453125 0.07578125000000001 0.095703125
0 0.45820312500000004 0.25634765625 0.06796875000000001 0.0908203125
0 0.7410156250000001 0.41845703125 0.09453125000000001 0.1162109375
0 0.21210937500000002 0.7958984375 0.13671875 0.19140625
0 0.24179687500000002 0.5234375 0.07109375 0.08984375
0 0.9226562500000001 0.962890625 0.0734375 0.072265625
4 0.5164062500000001 0.548828125 0.053125000000000006 0.07421875
0 0.6648437500000001 0.22021484375 0.1625 0.1982421875
0 0.29140625000000003 0.63525390625 0.065625 0.0830078125
0 0.42304687500000004 0.65771484375 0.06796875000000001 0.0849609375
0 0.39375000000000004 0.5322265625 0.0703125 0.087890625
0 0.8933593750000001 0.47509765625 0.07734375 0.0947265625
0 0.323828125 0.74609375 0.08984375 0.119140625
0 0.216796875 0.62353515625 0.08359375000000001 0.1025390625
0 0.049218750000000006 0.1943359375 0.0734375 0.087890625
0 0.156640625 0.2490234375 0.08359375000000001 0.09765625