0 0.125390625 0.12841796875 0.08828125 0.1005859375
0 0.255078125 0.576171875 0.09609375 0.1171875
0 0.5203125000000001 0.359375 0.0671875 0.08203125
0 0.5078125 0.50537109375 0.07968750000000001 0.0830078125
0 0.6664062500000001 0.35400390625 0.1046875 0.1318359375
0 0.7781250000000001 0.5078125 0.12187500000000001 0.154296875
0 0.708203125 0.583984375 0.08046875 0.095703125
0 0.7000000000000001 0.712890625 0.0859375 0.12109375
0 0.7816406250000001 0.65576171875 0.09453125000000001 0.1318359375
0 0.19101562500000002 0.2158203125 0.07421875 0.091796875
0 0.733984375 0.28076171875 0.07109375 0.0791015625
0 0.8796875000000001 0.54296875 0.09843750000000001 0.1328125