0 0.1796875 0.2353515625 0.051562500000000004 0.0703125
0 0.230859375 0.2529296875 0.06328125 0.07421875
0 0.1953125 0.31591796875 0.07187500000000001 0.0908203125
0 0.272265625 0.3505859375 0.08671875000000001 0.10546875
0 0.389453125 0.482421875 0.08359375000000001 0.10546875
0 0.42226562500000003 0.1025390625 0.08984375 0.11328125
0 0.31093750000000003 0.79296875 0.078125 0.095703125
0 0.425390625 0.62060546875 0.06640625 0.0888671875
0 0.721875 0.67333984375 0.078125 0.1044921875
0 0.8503906250000001 0.77197265625 0.06484375 0.0869140625
0 0.547265625 0.88818359375 0.07265625 0.0869140625
0 0.08359375000000001 0.5048828125 0.08281250000000001 0.103515625