0 0.6937500000000001 0.59423828125 0.12812500000000002 0.1728515625
0 0.86875 0.224609375 0.060937500000000006 0.08203125
0 0.780859375 0.09326171875 0.10234375000000001 0.1083984375
0 0.582421875 0.240234375 0.06953125 0.091796875
0 0.46953125 0.33984375 0.0671875 0.08203125
0 0.25234375000000003 0.609375 0.06875 0.103515625
0 0.221484375 0.50927734375 0.09453125000000001 0.1240234375
0 0.4859375 0.81640625 0.078125 0.095703125
0 0.393359375 0.6240234375 0.07578125000000001 0.099609375
0 0.32929687500000004 0.30126953125 0.08046875 0.1064453125
0 0.7875000000000001 0.49462890625 0.1 0.1103515625
0 0.53828125 0.8662109375 0.0546875 0.078125