0 0.37148437500000003 0.87353515625 0.06484375 0.0869140625
0 0.55859375 0.63330078125 0.0625 0.0849609375
0 0.612890625 0.662109375 0.06796875000000001 0.10546875
0 0.6984375 0.62451171875 0.07187500000000001 0.0947265625
0 0.7738281250000001 0.35302734375 0.08671875000000001 0.1318359375
0 0.468359375 0.74853515625 0.11328125 0.1318359375
0 0.433203125 0.91455078125 0.07578125000000001 0.0986328125
0 0.30781250000000004 0.83154296875 0.0703125 0.0810546875
0 0.280859375 0.2744140625 0.15390625000000002 0.1953125
0 0.542578125 0.4453125 0.09609375 0.123046875
0 0.876953125 0.4853515625 0.07265625 0.103515625
0 0.9421875000000001 0.45556640625 0.0734375 0.1025390625
0 0.60546875 0.16650390625 0.06406250000000001 0.0830078125
0 0.44296875 0.26025390625 0.0734375 0.0966796875
0 0.591796875 0.07373046875 0.08828125 0.1103515625
0 0.9285156250000001 0.587890625 0.09921875000000001 0.115234375
0 0.927734375 0.69140625 0.06171875 0.0859375
0 0.844921875 0.650390625 0.09140625000000001 0.11328125
0 0.5144531250000001 0.1162109375 0.06015625 0.08984375
0 0.38359375 0.3603515625 0.0578125 0.076171875
0 0.625 0.24951171875 0.1125 0.1279296875
0 0.7132812500000001 0.24462890625 0.0734375 0.1064453125
0 0.7527343750000001 0.5341796875 0.10546875 0.13671875
4 0.37812500000000004 0.51025390625 0.0703125 0.0888671875