0 0.166015625 0.84423828125 0.07421875 0.0947265625
3 0.385546875 0.81298828125 0.07578125000000001 0.0966796875
0 0.48281250000000003 0.86767578125 0.0859375 0.1083984375
0 0.550390625 0.85546875 0.05234375 0.0859375
0 0.591796875 0.82421875 0.05859375 0.076171875
0 0.5890625 0.9052734375 0.059375000000000004 0.080078125
0 0.6414062500000001 0.93115234375 0.060937500000000006 0.0830078125
0 0.56875 0.58544921875 0.0859375 0.1259765625
0 0.6550781250000001 0.38720703125 0.08828125 0.1201171875
0 0.7488281250000001 0.36572265625 0.10390625 0.1259765625
0 0.7097656250000001 0.44921875 0.06953125 0.0859375
0 0.6902343750000001 0.2685546875 0.07265625 0.08984375
0 0.749609375 0.17236328125 0.07578125000000001 0.1064453125
0 0.825390625 0.1767578125 0.07734375 0.09375
0 0.85703125 0.25048828125 0.0671875 0.0927734375
3 0.56171875 0.47509765625 0.0703125 0.0830078125
0 0.8601562500000001 0.90869140625 0.07500000000000001 0.1025390625