0 0.39179687500000004 0.60693359375 0.07578125000000001 0.0986328125
0 0.261328125 0.693359375 0.08046875 0.091796875
0 0.39453125 0.87841796875 0.09062500000000001 0.1220703125
0 0.53671875 0.3427734375 0.0765625 0.11328125
0 0.45429687500000004 0.25439453125 0.07578125000000001 0.0869140625
0 0.570703125 0.08642578125 0.07109375 0.0810546875
3 0.38710937500000003 0.1875 0.09921875000000001 0.1328125
0 0.39140625 0.75048828125 0.096875 0.1162109375
0 0.405078125 0.49609375 0.08671875000000001 0.103515625
0 0.1296875 0.787109375 0.07968750000000001 0.107421875
0 0.29609375 0.21533203125 0.078125 0.0849609375
0 0.500390625 0.68798828125 0.10703125000000001 0.1533203125
0 0.162109375 0.67333984375 0.11015625000000001 0.1279296875