0 0.71015625 0.34326171875 0.0765625 0.1240234375
3 0.139453125 0.55908203125 0.08203125 0.0947265625
0 0.298828125 0.78759765625 0.07734375 0.1064453125
0 0.33359375 0.6787109375 0.09375 0.123046875
0 0.431640625 0.6982421875 0.08046875 0.095703125
0 0.669140625 0.6962890625 0.10078125 0.146484375
0 0.74140625 0.0859375 0.0671875 0.0859375
0 0.48281250000000003 0.13427734375 0.0765625 0.0927734375
0 0.6253906250000001 0.26025390625 0.07578125000000001 0.0947265625
3 0.560546875 0.1904296875 0.10234375000000001 0.12890625
0 0.5691406250000001 0.87890625 0.09609375 0.115234375
0 0.0765625 0.810546875 0.060937500000000006 0.07421875
0 0.56484375 0.6083984375 0.08281250000000001 0.107421875
0 0.46914062500000003 0.22216796875 0.07578125000000001 0.0791015625