0 0.753515625 0.06005859375 0.07421875 0.0888671875
3 0.714453125 0.23388671875 0.09296875 0.1142578125
0 0.49648437500000003 0.265625 0.08203125 0.1015625
0 0.575390625 0.31591796875 0.10390625 0.1396484375
0 0.6937500000000001 0.373046875 0.0765625 0.091796875
3 0.6859375000000001 0.4638671875 0.0859375 0.099609375
0 0.7453125 0.423828125 0.05 0.08984375
0 0.6199218750000001 0.51123046875 0.06953125 0.0986328125
0 0.11289062500000001 0.54296875 0.09296875 0.10546875
0 0.1 0.44970703125 0.084375 0.1083984375
0 0.5105468750000001 0.8671875 0.07890625000000001 0.09765625
0 0.03671875 0.52685546875 0.07187500000000001 0.1181640625
0 0.6355468750000001 0.6337890625 0.07734375 0.11328125
0 0.7445312500000001 0.55078125 0.0734375 0.09765625
0 0.83359375 0.58203125 0.07500000000000001 0.09765625
0 0.456640625 0.36376953125 0.06328125 0.0869140625
0 0.341796875 0.85595703125 0.12265625000000001 0.1533203125
0 0.71015625 0.6728515625 0.09375 0.115234375
0 0.796875 0.82080078125 0.065625 0.0810546875
0 0.5164062500000001 0.95361328125 0.08750000000000001 0.0888671875