0 0.169921875 0.40625 0.06953125 0.083984375
0 0.44843750000000004 0.58154296875 0.0765625 0.0947265625
0 0.5109375 0.51220703125 0.07187500000000001 0.0986328125
0 0.42617187500000003 0.8046875 0.06640625 0.087890625
0 0.420703125 0.70947265625 0.08828125 0.1123046875
0 0.5789062500000001 0.5439453125 0.0625 0.08984375
0 0.644140625 0.5048828125 0.06484375 0.087890625
4 0.7875000000000001 0.4287109375 0.0859375 0.109375
0 0.8011718750000001 0.54345703125 0.08828125 0.1181640625
0 0.722265625 0.65625 0.08359375000000001 0.107421875
0 0.7132812500000001 0.47119140625 0.07500000000000001 0.0888671875
0 0.229296875 0.35009765625 0.06640625 0.0986328125