0 0.07695312500000001 0.40380859375 0.09765625 0.1220703125
0 0.22265625 0.50048828125 0.0890625 0.0927734375
0 0.041015625 0.48974609375 0.057031250000000006 0.0771484375
0 0.40703125 0.24609375 0.1328125 0.177734375
0 0.6023437500000001 0.58935546875 0.060937500000000006 0.0869140625
0 0.66328125 0.54541015625 0.07187500000000001 0.0927734375
0 0.6640625 0.630859375 0.0671875 0.078125
0 0.758984375 0.36962890625 0.07578125000000001 0.1025390625
0 0.83203125 0.333984375 0.060937500000000006 0.0859375
0 0.892578125 0.3583984375 0.06953125 0.08984375
0 0.960546875 0.34228515625 0.05859375 0.0791015625
0 0.9281250000000001 0.26171875 0.084375 0.103515625
0 0.958984375 0.51171875 0.08046875 0.11328125
0 0.813671875 0.4306640625 0.07578125000000001 0.08984375