0 0.08203125 0.275390625 0.0671875 0.0859375
0 0.146875 0.2470703125 0.06875 0.091796875
0 0.19296875000000002 0.39404296875 0.0765625 0.0966796875
0 0.080078125 0.56884765625 0.07734375 0.0966796875
0 0.17929687500000002 0.54736328125 0.07109375 0.0908203125
0 0.38984375000000004 0.92431640625 0.07968750000000001 0.1025390625
0 0.048828125 0.49609375 0.07421875 0.087890625
0 0.9359375000000001 0.42236328125 0.0859375 0.1181640625
0 0.8640625000000001 0.72705078125 0.09843750000000001 0.1240234375
0 0.78046875 0.35205078125 0.059375000000000004 0.0751953125
0 0.9714843750000001 0.11962890625 0.055468750000000004 0.0771484375