0 0.6410156250000001 0.4228515625 0.07578125000000001 0.08984375
1 0.7742187500000001 0.43603515625 0.03125 0.0419921875
2 0.5164062500000001 0.599609375 0.037500000000000006 0.04296875
0 0.36054687500000004 0.81494140625 0.08359375000000001 0.0986328125
1 0.6003906250000001 0.76171875 0.030468750000000003 0.0390625
1 0.648046875 0.57080078125 0.03515625 0.0439453125
1 0.68671875 0.65625 0.029687500000000002 0.041015625
1 0.587890625 0.8447265625 0.02890625 0.04296875
1 0.0390625 0.2138671875 0.0328125 0.0390625
1 0.883984375 0.2529296875 0.03359375 0.0390625
1 0.8929687500000001 0.6044921875 0.0328125 0.0390625
1 0.3046875 0.43408203125 0.028125 0.0361328125
1 0.56015625 0.3974609375 0.0328125 0.041015625
1 0.599609375 0.6865234375 0.02890625 0.037109375