0 0.51796875 0.14697265625 0.0671875 0.0712890625
0 0.39921875 0.87451171875 0.060937500000000006 0.0830078125
2 0.88203125 0.77099609375 0.0328125 0.0478515625
2 0.628125 0.2607421875 0.0328125 0.041015625
1 0.075390625 0.1337890625 0.030468750000000003 0.0390625
1 0.035937500000000004 0.23779296875 0.026562500000000003 0.0361328125
1 0.178515625 0.23193359375 0.02734375 0.0341796875
1 0.122265625 0.3486328125 0.025781250000000002 0.033203125
1 0.10625000000000001 0.623046875 0.029687500000000002 0.033203125
1 0.050390625 0.8017578125 0.02734375 0.033203125
1 0.30976562500000004 0.75830078125 0.02734375 0.0380859375
2 0.439453125 0.31689453125 0.02890625 0.0380859375
1 0.5 0.27734375 0.028125 0.03515625
1 0.5457031250000001 0.7958984375 0.025781250000000002 0.033203125
1 0.8992187500000001 0.89306640625 0.028125 0.0400390625
1 0.587109375 0.1533203125 0.02890625 0.03515625
1 0.39453125 0.15185546875 0.026562500000000003 0.0322265625
1 0.765234375 0.23876953125 0.02890625 0.0341796875
1 0.44960937500000003 0.177734375 0.02734375 0.03515625
1 0.655859375 0.5009765625 0.02890625 0.03515625
1 0.43281250000000004 0.720703125 0.0234375 0.0390625
1 0.22109375 0.50048828125 0.037500000000000006 0.0380859375
1 0.829296875 0.447265625 0.022656250000000003 0.03125
1 0.6703125000000001 0.1767578125 0.026562500000000003 0.033203125
1 0.45820312500000004 0.3984375 0.025781250000000002 0.03515625
1 0.947265625 0.42822265625 0.02109375 0.0283203125
1 0.762890625 0.15234375 0.02890625 0.03125
1 0.26210937500000003 0.05859375 0.030468750000000003 0.037109375
1 0.343359375 0.25390625 0.025781250000000002 0.037109375
1 0.5078125 0.46044921875 0.026562500000000003 0.0322265625
1 0.63984375 0.91650390625 0.028125 0.0322265625
1 0.7515625 0.89013671875 0.026562500000000003 0.0361328125
2 0.9613281250000001 0.12939453125 0.025781250000000002 0.0322265625
1 0.873046875 0.203125 0.025781250000000002 0.0390625
1 0.125390625 0.87841796875 0.02890625 0.0341796875