4 0.458984375 0.66357421875 0.05859375 0.0712890625
1 0.5671875000000001 0.82275390625 0.029687500000000002 0.0322265625
1 0.48125 0.837890625 0.025 0.029296875
1 0.14609375 0.4462890625 0.028125 0.029296875
1 0.25234375000000003 0.298828125 0.03125 0.029296875
1 0.113671875 0.24560546875 0.025781250000000002 0.0263671875
1 0.15195312500000002 0.16845703125 0.025781250000000002 0.0361328125
1 0.49648437500000003 0.328125 0.02734375 0.033203125
1 0.6589843750000001 0.7041015625 0.02734375 0.037109375
1 0.8539062500000001 0.5859375 0.025 0.03515625
1 0.813671875 0.34765625 0.025781250000000002 0.037109375
1 0.8328125000000001 0.20556640625 0.026562500000000003 0.0361328125
1 0.841796875 0.90625 0.02734375 0.037109375
1 0.44843750000000004 0.9638671875 0.029687500000000002 0.029296875
1 0.182421875 0.60693359375 0.02421875 0.0283203125
1 0.88984375 0.052734375 0.026562500000000003 0.03125
1 0.56640625 0.2822265625 0.026562500000000003 0.033203125
1 0.29609375 0.16455078125 0.028125 0.0283203125
1 0.02890625 0.2607421875 0.028125 0.03515625
3 0.30585937500000004 0.658203125 0.06640625 0.091796875
1 0.7582031250000001 0.54931640625 0.02734375 0.0361328125
1 0.92734375 0.66357421875 0.029687500000000002 0.0380859375
1 0.7292968750000001 0.23583984375 0.025781250000000002 0.0400390625
1 0.146484375 0.35205078125 0.02890625 0.0322265625
2 0.39296875000000003 0.390625 0.034375 0.041015625
2 0.5953125 0.982421875 0.028125 0.033203125