0 0.6203125 0.62255859375 0.060937500000000006 0.0751953125
1 0.869140625 0.1142578125 0.041406250000000006 0.046875
1 0.8210937500000001 0.33544921875 0.028125 0.0419921875
1 0.212890625 0.24609375 0.03515625 0.04296875
1 0.043750000000000004 0.125 0.034375 0.0390625
1 0.0625 0.689453125 0.025 0.03515625
1 0.61328125 0.8408203125 0.028125 0.03515625
1 0.6042968750000001 0.96435546875 0.030468750000000003 0.0361328125
1 0.523046875 0.93994140625 0.025781250000000002 0.0419921875
1 0.69453125 0.66796875 0.026562500000000003 0.0390625
1 0.9144531250000001 0.12109375 0.025781250000000002 0.03515625
1 0.5625 0.70361328125 0.029687500000000002 0.0322265625