0 0.6828125 0.259765625 0.0578125 0.078125
0 0.392578125 0.67822265625 0.06171875 0.0849609375
0 0.509765625 0.33056640625 0.06328125 0.0849609375
2 0.41523437500000004 0.87890625 0.03671875 0.046875
2 0.7429687500000001 0.49658203125 0.0328125 0.0458984375
1 0.884375 0.10498046875 0.035937500000000004 0.0439453125
1 0.7136718750000001 0.1806640625 0.03671875 0.044921875
1 0.292578125 0.14111328125 0.03359375 0.0361328125
1 0.08281250000000001 0.099609375 0.034375 0.0390625
1 0.20664062500000002 0.490234375 0.03671875 0.0390625
1 0.304296875 0.50439453125 0.02890625 0.0380859375
1 0.409765625 0.333984375 0.030468750000000003 0.044921875
1 0.874609375 0.5859375 0.03359375 0.0390625
1 0.929296875 0.68505859375 0.032031250000000004 0.0400390625
1 0.8597656250000001 0.91845703125 0.030468750000000003 0.0400390625
1 0.658203125 0.75146484375 0.03359375 0.0419921875
1 0.73203125 0.564453125 0.034375 0.0390625
2 0.790625 0.54931640625 0.034375 0.0478515625
1 0.594140625 0.5537109375 0.02890625 0.041015625
1 0.779296875 0.3642578125 0.032031250000000004 0.041015625
1 0.8656250000000001 0.34521484375 0.034375 0.0498046875
1 0.826171875 0.1171875 0.03671875 0.041015625
1 0.31679687500000003 0.83056640625 0.03515625 0.0419921875
1 0.091796875 0.4755859375 0.039843750000000004 0.046875
1 0.39453125 0.564453125 0.028125 0.0390625
1 0.543359375 0.85595703125 0.030468750000000003 0.0458984375
1 0.6265625 0.6142578125 0.035937500000000004 0.04296875
1 0.7445312500000001 0.615234375 0.03125 0.04296875
1 0.7937500000000001 0.77197265625 0.034375 0.0380859375
1 0.33671875 0.0537109375 0.029687500000000002 0.037109375
1 0.6527343750000001 0.130859375 0.03671875 0.0390625