4 0.51796875 0.81689453125 0.08125 0.0966796875
4 0.15000000000000002 0.5673828125 0.05625 0.072265625
4 0.060937500000000006 0.92724609375 0.078125 0.0869140625
0 0.6203125 0.0498046875 0.06875 0.080078125
0 0.453125 0.486328125 0.0578125 0.08203125
0 0.51875 0.1884765625 0.065625 0.07421875
0 0.23515625 0.78955078125 0.0546875 0.0712890625
0 0.37617187500000004 0.546875 0.057031250000000006 0.068359375
0 0.140234375 0.2578125 0.06171875 0.078125
0 0.244140625 0.5947265625 0.057031250000000006 0.068359375
0 0.409765625 0.69482421875 0.06015625 0.0673828125
3 0.13203125000000002 0.0537109375 0.0765625 0.083984375
1 0.735546875 0.65234375 0.032031250000000004 0.05078125
1 0.956640625 0.21435546875 0.030468750000000003 0.0458984375
0 0.675 0.08984375 0.060937500000000006 0.080078125
0 0.269140625 0.6552734375 0.055468750000000004 0.07421875
0 0.193359375 0.65283203125 0.05234375 0.0732421875
0 0.06484375 0.625 0.05625 0.072265625
0 0.53359375 0.27001953125 0.065625 0.0791015625
0 0.587890625 0.2734375 0.05234375 0.076171875
0 0.0859375 0.1318359375 0.06406250000000001 0.0703125