3 0.7976562500000001 0.4072265625 0.0859375 0.119140625
0 0.32539062500000004 0.47509765625 0.057031250000000006 0.0751953125
0 0.585546875 0.3916015625 0.06171875 0.08203125
0 0.67890625 0.43212890625 0.05625 0.0830078125
0 0.8812500000000001 0.4296875 0.059375000000000004 0.078125
0 0.40546875000000004 0.12060546875 0.0578125 0.0693359375
0 0.586328125 0.04541015625 0.06484375 0.0751953125
3 0.848828125 0.55029296875 0.10546875 0.1650390625
3 0.6804687500000001 0.6865234375 0.07500000000000001 0.095703125
0 0.35664062500000004 0.39697265625 0.05234375 0.0693359375
0 0.475390625 0.0751953125 0.055468750000000004 0.060546875
0 0.23789062500000002 0.4169921875 0.05078125 0.0625
0 0.233203125 0.18017578125 0.05234375 0.0654296875
0 0.9671875000000001 0.36767578125 0.051562500000000004 0.0634765625
0 0.084375 0.70947265625 0.053125000000000006 0.0673828125
0 0.109375 0.77099609375 0.0578125 0.0732421875
0 0.109765625 0.2158203125 0.05859375 0.0703125
0 0.091796875 0.4609375 0.05234375 0.064453125
0 0.07421875 0.83251953125 0.05625 0.0693359375
0 0.13828125 0.86669921875 0.05 0.0634765625
0 0.1484375 0.55615234375 0.0484375 0.0654296875
0 0.705078125 0.9697265625 0.06640625 0.05859375
0 0.718359375 0.373046875 0.05234375 0.06640625
0 0.958203125 0.0576171875 0.057031250000000006 0.06640625
0 0.8910156250000001 0.0576171875 0.047656250000000004 0.0625
0 0.9203125000000001 0.107421875 0.045312500000000006 0.06640625
0 0.892578125 0.169921875 0.05390625 0.05859375
0 0.958984375 0.14794921875 0.05234375 0.0576171875
0 0.8386718750000001 0.1748046875 0.049218750000000006 0.060546875
0 0.921875 0.2412109375 0.05625 0.072265625
0 0.784765625 0.21533203125 0.05078125 0.0517578125
0 0.8328125000000001 0.23974609375 0.051562500000000004 0.0556640625
0 0.59765625 0.20068359375 0.059375000000000004 0.0673828125
0 0.52109375 0.17333984375 0.0484375 0.0654296875
0 0.16757812500000002 0.22998046875 0.05234375 0.0751953125
0 0.9261718750000001 0.50048828125 0.05234375 0.0654296875
0 0.516796875 0.40478515625 0.05859375 0.0712890625
0 0.6449218750000001 0.8837890625 0.04609375 0.06640625
0 0.903515625 0.955078125 0.06171875 0.078125
0 0.958984375 0.9052734375 0.05078125 0.05859375
0 0.9285156250000001 0.568359375 0.04609375 0.064453125
0 0.733984375 0.26025390625 0.05390625 0.0693359375
0 0.420703125 0.20458984375 0.06171875 0.0771484375
0 0.072265625 0.27001953125 0.049218750000000006 0.0634765625
0 0.233203125 0.30517578125 0.04453125 0.0576171875
0 0.396484375 0.47705078125 0.06484375 0.0712890625
0 0.32929687500000004 0.3349609375 0.057031250000000006 0.068359375
0 0.33046875000000003 0.03662109375 0.060937500000000006 0.0732421875
0 0.19882812500000002 0.6826171875 0.049218750000000006 0.060546875
0 0.5457031250000001 0.46630859375 0.05078125 0.0595703125
0 0.8054687500000001 0.705078125 0.043750000000000004 0.060546875
0 0.7328125000000001 0.85009765625 0.05 0.0634765625
0 0.280859375 0.5849609375 0.06328125 0.060546875
0 0.472265625 0.60498046875 0.06171875 0.0771484375
0 0.5375 0.23876953125 0.046875 0.0576171875
0 0.28554687500000003 0.14453125 0.06328125 0.068359375
0 0.36757812500000003 0.26904296875 0.04296875 0.0556640625
0 0.8 0.86962890625 0.0671875 0.0751953125
0 0.539453125 0.716796875 0.05078125 0.0546875
0 0.8828125 0.7763671875 0.0484375 0.068359375
0 0.102734375 0.59375 0.05234375 0.060546875
0 0.7542968750000001 0.5107421875 0.06171875 0.07421875
3 0.81640625 0.9375 0.051562500000000004 0.06640625
0 0.11210937500000001 0.38720703125 0.041406250000000006 0.0556640625
0 0.15195312500000002 0.41552734375 0.04296875 0.0537109375
0 0.19921875 0.4619140625 0.05 0.0703125
0 0.783203125 0.134765625 0.049218750000000006 0.052734375
0 0.59296875 0.7060546875 0.046875 0.060546875
0 0.6394531250000001 0.7470703125 0.06328125 0.072265625
1 0.37578125 0.81982421875 0.021875000000000002 0.0341796875
0 0.48867187500000003 0.2646484375 0.04453125 0.0546875
0 0.71640625 0.19482421875 0.0484375 0.0693359375
0 0.051562500000000004 0.212890625 0.046875 0.060546875
0 0.068359375 0.3876953125 0.055468750000000004 0.0625
3 0.353515625 0.5986328125 0.05234375 0.06640625
0 0.18476562500000002 0.103515625 0.04609375 0.052734375