0 0.62421875 0.5888671875 0.07187500000000001 0.08984375
1 0.8234375 0.3681640625 0.0328125 0.048828125
1 0.8753906250000001 0.4912109375 0.03671875 0.044921875
1 0.728515625 0.59326171875 0.03671875 0.0458984375
1 0.6996093750000001 0.77587890625 0.03828125 0.0478515625
1 0.3765625 0.6123046875 0.0421875 0.046875
1 0.48945312500000004 0.5439453125 0.03515625 0.046875
1 0.08359375000000001 0.53076171875 0.03125 0.0419921875
1 0.044921875 0.4482421875 0.02890625 0.04296875
1 0.310546875 0.2568359375 0.03359375 0.037109375
1 0.651953125 0.3037109375 0.030468750000000003 0.037109375
1 0.9261718750000001 0.5771484375 0.03515625 0.044921875
1 0.029687500000000002 0.90673828125 0.037500000000000006 0.0380859375