0 0.680859375 0.3828125 0.04609375 0.06640625
0 0.7265625 0.37841796875 0.0546875 0.0732421875
1 0.8921875 0.3017578125 0.037500000000000006 0.041015625
1 0.890234375 0.23779296875 0.03671875 0.0439453125
1 0.8125 0.216796875 0.028125 0.04296875
1 0.7175781250000001 0.05615234375 0.030468750000000003 0.0419921875
1 0.571484375 0.1533203125 0.03359375 0.044921875
1 0.6039062500000001 0.0732421875 0.034375 0.04296875
1 0.31093750000000003 0.54931640625 0.037500000000000006 0.0419921875
1 0.462890625 0.8515625 0.03359375 0.044921875
1 0.9167968750000001 0.91748046875 0.03515625 0.0380859375
1 0.7894531250000001 0.68603515625 0.032031250000000004 0.0361328125
1 0.270703125 0.3212890625 0.030468750000000003 0.03515625