0 0.56953125 0.43994140625 0.0921875 0.1318359375
1 0.29140625000000003 0.400390625 0.029687500000000002 0.044921875
1 0.34492187500000004 0.67431640625 0.030468750000000003 0.0341796875
1 0.34453125 0.94970703125 0.029687500000000002 0.0361328125
1 0.6585937500000001 0.65673828125 0.03125 0.0380859375
1 0.9480468750000001 0.5771484375 0.02890625 0.037109375
1 0.779296875 0.673828125 0.032031250000000004 0.037109375
1 0.26328125 0.26025390625 0.028125 0.0302734375
1 0.07265625 0.375 0.028125 0.0390625
1 0.542578125 0.26220703125 0.025781250000000002 0.0380859375
1 0.61328125 0.31591796875 0.025 0.0341796875