0 0.475390625 0.6298828125 0.07109375 0.07421875
0 0.876953125 0.810546875 0.06640625 0.08203125
0 0.209375 0.62939453125 0.059375000000000004 0.0751953125
0 0.20390625 0.548828125 0.0625 0.06640625
0 0.6410156250000001 0.33837890625 0.05859375 0.0810546875
0 0.605078125 0.609375 0.055468750000000004 0.068359375
0 0.59609375 0.69677734375 0.06406250000000001 0.0751953125
0 0.2734375 0.630859375 0.0625 0.083984375
0 0.041796875000000004 0.77978515625 0.06015625 0.0732421875
3 0.11171875 0.60546875 0.0703125 0.076171875
0 0.8546875 0.6083984375 0.053125000000000006 0.07421875
4 0.5953125 0.2236328125 0.053125000000000006 0.068359375
3 0.27968750000000003 0.41162109375 0.060937500000000006 0.0888671875
0 0.1234375 0.52685546875 0.05625 0.0693359375
0 0.708984375 0.14111328125 0.06171875 0.0830078125
0 0.525390625 0.44873046875 0.05390625 0.0673828125
0 0.8289062500000001 0.2265625 0.0578125 0.07421875
0 0.46718750000000003 0.49267578125 0.0546875 0.0654296875
0 0.8890625000000001 0.51025390625 0.053125000000000006 0.0634765625
3 0.229296875 0.31201171875 0.12421875 0.1611328125
3 0.079296875 0.357421875 0.11015625000000001 0.140625
0 0.07500000000000001 0.93017578125 0.065625 0.0634765625
0 0.80078125 0.85986328125 0.0625 0.0673828125
3 0.5417968750000001 0.8291015625 0.06015625 0.068359375
0 0.46718750000000003 0.7080078125 0.059375000000000004 0.078125
0 0.33203125 0.95703125 0.0546875 0.056640625
0 0.255859375 0.94775390625 0.049218750000000006 0.0654296875
0 0.094140625 0.74609375 0.05234375 0.060546875
0 0.115625 0.68017578125 0.043750000000000004 0.0556640625
0 0.745703125 0.83935546875 0.047656250000000004 0.0673828125
0 0.800390625 0.48193359375 0.05078125 0.0654296875
0 0.6488281250000001 0.1826171875 0.06015625 0.064453125
0 0.6628906250000001 0.25341796875 0.06015625 0.0732421875
0 0.703125 0.35107421875 0.05625 0.0693359375
0 0.486328125 0.25537109375 0.057031250000000006 0.0693359375
0 0.308203125 0.23046875 0.06640625 0.072265625
0 0.06406250000000001 0.57177734375 0.051562500000000004 0.0615234375
0 0.21171875 0.720703125 0.053125000000000006 0.0625
0 0.42890625000000004 0.87939453125 0.046875 0.0634765625
4 0.9125000000000001 0.359375 0.043750000000000004 0.068359375
0 0.974609375 0.75390625 0.049218750000000006 0.068359375
0 0.776953125 0.63623046875 0.049218750000000006 0.0654296875
0 0.7976562500000001 0.34765625 0.05 0.056640625
0 0.815625 0.4140625 0.046875 0.060546875
0 0.84375 0.365234375 0.046875 0.0546875
0 0.587890625 0.46435546875 0.05234375 0.0791015625
0 0.7488281250000001 0.4345703125 0.049218750000000006 0.060546875
0 0.376953125 0.45556640625 0.049218750000000006 0.0595703125
0 0.43398437500000003 0.2626953125 0.06171875 0.076171875
0 0.366796875 0.26123046875 0.05234375 0.0634765625
0 0.38710937500000003 0.33056640625 0.05390625 0.0673828125
0 0.323046875 0.15380859375 0.055468750000000004 0.0693359375
0 0.06796875000000001 0.22314453125 0.0546875 0.0712890625
1 0.291796875 0.84423828125 0.030468750000000003 0.0400390625
0 0.690625 0.96240234375 0.051562500000000004 0.0615234375
1 0.601171875 0.173828125 0.03515625 0.03515625
0 0.65390625 0.1064453125 0.053125000000000006 0.064453125
0 0.55625 0.3828125 0.051562500000000004 0.064453125
0 0.541015625 0.63720703125 0.06015625 0.0693359375