0 0.228515625 0.59423828125 0.07109375 0.0849609375
3 0.1375 0.439453125 0.1125 0.130859375
0 0.6449218750000001 0.9169921875 0.06640625 0.0859375
0 0.526953125 0.380859375 0.05859375 0.080078125
0 0.44648437500000004 0.408203125 0.06328125 0.072265625
0 0.390234375 0.06689453125 0.057031250000000006 0.0712890625
4 0.436328125 0.2734375 0.057031250000000006 0.06640625
0 0.370703125 0.34228515625 0.049218750000000006 0.0615234375
0 0.443359375 0.6318359375 0.06640625 0.0859375
0 0.7421875 0.36767578125 0.0546875 0.0693359375
4 0.779296875 0.068359375 0.05859375 0.0703125
0 0.89609375 0.310546875 0.059375000000000004 0.068359375
3 0.5234375 0.7265625 0.1453125 0.181640625
0 0.74375 0.94677734375 0.06875 0.0927734375
0 0.045703125000000004 0.95947265625 0.06484375 0.0712890625
0 0.7191406250000001 0.10498046875 0.05078125 0.0634765625
0 0.31796875 0.2001953125 0.060937500000000006 0.078125
0 0.728125 0.55517578125 0.0546875 0.0791015625
3 0.86484375 0.6318359375 0.0703125 0.08203125
0 0.7039062500000001 0.80029296875 0.051562500000000004 0.0634765625
0 0.54453125 0.30078125 0.051562500000000004 0.0703125
0 0.608984375 0.30859375 0.055468750000000004 0.078125
0 0.9457031250000001 0.38623046875 0.049218750000000006 0.0712890625
0 0.34023437500000003 0.103515625 0.04453125 0.0625
0 0.47265625 0.55419921875 0.060937500000000006 0.0712890625
0 0.38046875 0.4609375 0.060937500000000006 0.0703125
0 0.6664062500000001 0.720703125 0.046875 0.060546875
4 0.798046875 0.8896484375 0.07421875 0.103515625
0 0.66171875 0.21435546875 0.0421875 0.0634765625
0 0.31562500000000004 0.46435546875 0.051562500000000004 0.0673828125
0 0.710546875 0.177734375 0.049218750000000006 0.0625
0 0.805859375 0.482421875 0.05234375 0.064453125
0 0.6527343750000001 0.35546875 0.05859375 0.07421875
0 0.573828125 0.37841796875 0.04296875 0.0595703125
0 0.844921875 0.43603515625 0.05078125 0.0654296875
0 0.8464843750000001 0.52685546875 0.05234375 0.0634765625
0 0.8367187500000001 0.3037109375 0.0625 0.0703125
0 0.8972656250000001 0.4345703125 0.05078125 0.06640625
0 0.29531250000000003 0.12548828125 0.053125000000000006 0.0615234375
1 0.30585937500000004 0.28515625 0.02734375 0.037109375
0 0.578515625 0.15771484375 0.05234375 0.0576171875
0 0.39882812500000003 0.39794921875 0.049218750000000006 0.0654296875
0 0.6121093750000001 0.70166015625 0.05234375 0.0693359375