1 0.6019531250000001 0.3857421875 0.030468750000000003 0.044921875
1 0.57265625 0.19140625 0.034375 0.046875
1 0.37929687500000003 0.41064453125 0.032031250000000004 0.0439453125
1 0.0546875 0.3212890625 0.035937500000000004 0.0390625
1 0.2859375 0.59619140625 0.0328125 0.0478515625
1 0.34140625 0.61181640625 0.035937500000000004 0.0419921875
1 0.0421875 0.86865234375 0.028125 0.0458984375
1 0.790625 0.5693359375 0.034375 0.044921875
1 0.8445312500000001 0.744140625 0.034375 0.044921875
1 0.4140625 0.88671875 0.0390625 0.046875
1 0.964453125 0.392578125 0.041406250000000006 0.0390625
1 0.8 0.0556640625 0.0328125 0.037109375
1 0.41953125 0.06787109375 0.035937500000000004 0.0419921875
1 0.41718750000000004 0.46337890625 0.034375 0.0458984375