4 0.603515625 0.59228515625 0.06171875 0.0810546875
1 0.5265625 0.81201171875 0.037500000000000006 0.0498046875
1 0.9 0.85595703125 0.03125 0.0419921875
1 0.942578125 0.58056640625 0.030468750000000003 0.0498046875
1 0.6984375 0.529296875 0.043750000000000004 0.04296875
1 0.869140625 0.20166015625 0.039843750000000004 0.0419921875
0 0.49531250000000004 0.1533203125 0.08750000000000001 0.115234375
1 0.310546875 0.2080078125 0.03515625 0.04296875
1 0.20546875 0.48046875 0.035937500000000004 0.037109375
1 0.6273437500000001 0.75537109375 0.035937500000000004 0.0439453125
1 0.1609375 0.50439453125 0.034375 0.0498046875