3 0.8128906250000001 0.5693359375 0.11796875000000001 0.12890625
3 0.42304687500000004 0.5361328125 0.11484375000000001 0.150390625
0 0.632421875 0.31982421875 0.06328125 0.0830078125
0 0.900390625 0.12841796875 0.06484375 0.0849609375
4 0.06875 0.28662109375 0.1015625 0.1064453125
0 0.347265625 0.42578125 0.055468750000000004 0.072265625
0 0.75390625 0.41845703125 0.059375000000000004 0.0732421875
0 0.8773437500000001 0.341796875 0.051562500000000004 0.068359375
3 0.68671875 0.9189453125 0.07187500000000001 0.08984375
0 0.603125 0.85888671875 0.05625 0.0693359375
3 0.6703125000000001 0.833984375 0.05625 0.078125
0 0.5546875 0.20703125 0.0578125 0.083984375
0 0.098046875 0.9619140625 0.06484375 0.07421875
0 0.298828125 0.81005859375 0.05390625 0.0673828125
0 0.35234375 0.74267578125 0.05625 0.0751953125
4 0.633984375 0.96875 0.05078125 0.060546875
0 0.7828125 0.24072265625 0.060937500000000006 0.0654296875
0 0.416796875 0.3720703125 0.06328125 0.080078125
0 0.475390625 0.41259765625 0.05234375 0.0537109375
1 0.8675781250000001 0.1943359375 0.025781250000000002 0.037109375
0 0.7601562500000001 0.67578125 0.053125000000000006 0.068359375
0 0.29726562500000003 0.193359375 0.06171875 0.080078125
0 0.083984375 0.40576171875 0.04453125 0.0693359375
1 0.74765625 0.34716796875 0.03125 0.0361328125