4 0.66796875 0.48486328125 0.060937500000000006 0.0810546875
0 0.728515625 0.41552734375 0.06484375 0.0908203125
0 0.199609375 0.17333984375 0.06484375 0.0771484375
0 0.319140625 0.85302734375 0.06484375 0.0791015625
0 0.937109375 0.6279296875 0.07109375 0.087890625
0 0.42265625 0.7314453125 0.053125000000000006 0.068359375
0 0.40468750000000003 0.05810546875 0.0546875 0.0673828125
0 0.413671875 0.41748046875 0.055468750000000004 0.0712890625
3 0.283984375 0.50341796875 0.09921875000000001 0.1240234375
0 0.13828125 0.3486328125 0.060937500000000006 0.072265625
0 0.12265625000000001 0.2802734375 0.05625 0.06640625
0 0.39882812500000003 0.3369140625 0.05390625 0.076171875
0 0.46015625000000004 0.33349609375 0.053125000000000006 0.0654296875
0 0.47187500000000004 0.61376953125 0.051562500000000004 0.0693359375
0 0.92890625 0.8701171875 0.060937500000000006 0.080078125
0 0.702734375 0.9638671875 0.057031250000000006 0.0625
1 0.895703125 0.60302734375 0.02734375 0.0400390625