0 0.05625 0.4990234375 0.053125000000000006 0.078125
0 0.27734375 0.06005859375 0.07968750000000001 0.0869140625
0 0.31640625 0.12451171875 0.0578125 0.0712890625
1 0.6507812500000001 0.13916015625 0.034375 0.0380859375
0 0.8558593750000001 0.60009765625 0.08515625 0.1083984375
0 0.898046875 0.39306640625 0.07265625 0.0986328125
0 0.87421875 0.47802734375 0.078125 0.0849609375
0 0.33046875000000003 0.94580078125 0.0703125 0.0751953125
0 0.6746093750000001 0.18994140625 0.06953125 0.0771484375
1 0.6941406250000001 0.58251953125 0.030468750000000003 0.0380859375
0 0.24960937500000002 0.9501953125 0.06015625 0.07421875
0 0.110546875 0.55712890625 0.06640625 0.0830078125
1 0.20664062500000002 0.51953125 0.02890625 0.037109375