0 0.415625 0.4541015625 0.0859375 0.095703125
0 0.04296875 0.822265625 0.060937500000000006 0.078125
0 0.20820312500000002 0.75244140625 0.06328125 0.0712890625
0 0.115625 0.8408203125 0.065625 0.078125
0 0.380859375 0.9521484375 0.07109375 0.07421875
0 0.7250000000000001 0.798828125 0.07500000000000001 0.0859375
0 0.9515625000000001 0.14990234375 0.07187500000000001 0.1064453125
0 0.33242187500000003 0.115234375 0.07734375 0.080078125
0 0.1171875 0.078125 0.059375000000000004 0.076171875
0 0.099609375 0.20166015625 0.06796875000000001 0.0791015625
0 0.46171875 0.37646484375 0.0625 0.0869140625
0 0.491796875 0.30810546875 0.06171875 0.0888671875
0 0.665625 0.33935546875 0.053125000000000006 0.0693359375
0 0.7371093750000001 0.2080078125 0.055468750000000004 0.083984375
0 0.27578125000000003 0.39599609375 0.0578125 0.0849609375
0 0.140625 0.28564453125 0.06875 0.0751953125
0 0.6058593750000001 0.65673828125 0.05078125 0.0615234375
0 0.087109375 0.52783203125 0.05390625 0.0791015625
0 0.40937500000000004 0.25244140625 0.0625 0.0654296875
0 0.41171875 0.32861328125 0.0546875 0.0634765625
0 0.533203125 0.36328125 0.05390625 0.060546875
0 0.8894531250000001 0.5126953125 0.07578125000000001 0.08984375
0 0.89765625 0.73828125 0.05625 0.078125
0 0.3359375 0.5263671875 0.0625 0.091796875
0 0.7367187500000001 0.65478515625 0.0625 0.0830078125
0 0.72421875 0.5244140625 0.0484375 0.07421875
0 0.60703125 0.3779296875 0.0578125 0.0703125
0 0.5906250000000001 0.48681640625 0.060937500000000006 0.0771484375
0 0.9343750000000001 0.93310546875 0.0578125 0.0654296875
0 0.448828125 0.91357421875 0.05859375 0.0654296875
0 0.521875 0.591796875 0.060937500000000006 0.07421875
0 0.41132812500000004 0.75244140625 0.049218750000000006 0.0693359375
0 0.6796875 0.583984375 0.0578125 0.068359375
0 0.17578125 0.2158203125 0.0578125 0.072265625
0 0.89453125 0.8359375 0.065625 0.076171875
0 0.7835937500000001 0.859375 0.053125000000000006 0.078125
1 0.40390625 0.52587890625 0.03125 0.0380859375
0 0.052734375 0.673828125 0.05234375 0.0625
0 0.26406250000000003 0.7314453125 0.0484375 0.056640625
0 0.10507812500000001 0.9443359375 0.06640625 0.0859375