0 0.07890625000000001 0.2763671875 0.065625 0.087890625
0 0.09843750000000001 0.62548828125 0.0671875 0.0751953125
0 0.226953125 0.8349609375 0.06171875 0.072265625
0 0.102734375 0.75048828125 0.05859375 0.0771484375
0 0.203125 0.91162109375 0.0578125 0.0791015625
0 0.10234375000000001 0.96337890625 0.0625 0.0712890625
0 0.123046875 0.86279296875 0.055468750000000004 0.0615234375
0 0.28554687500000003 0.8876953125 0.06171875 0.078125
0 0.373828125 0.921875 0.055468750000000004 0.0703125
0 0.326953125 0.24267578125 0.06484375 0.0966796875
0 0.5925781250000001 0.044921875 0.057031250000000006 0.076171875
0 0.6449218750000001 0.62939453125 0.06640625 0.0830078125
0 0.7078125000000001 0.66259765625 0.0625 0.0849609375
0 0.7761718750000001 0.66943359375 0.06015625 0.0888671875
0 0.8890625000000001 0.619140625 0.06406250000000001 0.068359375
0 0.814453125 0.58935546875 0.05234375 0.0771484375
0 0.716796875 0.49609375 0.06484375 0.080078125
0 0.5437500000000001 0.2861328125 0.06406250000000001 0.0703125
0 0.52890625 0.20361328125 0.0734375 0.0673828125
0 0.84921875 0.69482421875 0.0765625 0.1044921875
0 0.8558593750000001 0.9072265625 0.06171875 0.078125