4 0.086328125 0.064453125 0.07265625 0.087890625
4 0.168359375 0.10009765625 0.07734375 0.0927734375
4 0.23515625 0.04638671875 0.08750000000000001 0.0927734375
0 0.035937500000000004 0.783203125 0.065625 0.087890625
0 0.273046875 0.72314453125 0.06015625 0.0751953125
0 0.34296875000000004 0.484375 0.053125000000000006 0.068359375
0 0.18281250000000002 0.5244140625 0.059375000000000004 0.080078125
0 0.888671875 0.20849609375 0.07109375 0.0869140625
0 0.716796875 0.5810546875 0.07734375 0.08203125
0 0.845703125 0.65087890625 0.07421875 0.0810546875
0 0.64375 0.65234375 0.059375000000000004 0.076171875
0 0.7265625 0.9013671875 0.0546875 0.056640625
0 0.19453125000000002 0.2060546875 0.08125 0.08984375
0 0.8375 0.15283203125 0.046875 0.0771484375
1 0.983984375 0.16748046875 0.030468750000000003 0.0400390625
1 0.52265625 0.56787109375 0.0328125 0.0380859375
0 0.49765625 0.52197265625 0.060937500000000006 0.0693359375
0 0.6492187500000001 0.44677734375 0.051562500000000004 0.0732421875
0 0.716015625 0.68408203125 0.05078125 0.0712890625
0 0.661328125 0.73291015625 0.05078125 0.0654296875
0 0.8953125000000001 0.95361328125 0.059375000000000004 0.0751953125
0 0.941015625 0.67529296875 0.05234375 0.0712890625
0 0.103515625 0.7822265625 0.055468750000000004 0.078125
0 0.384375 0.615234375 0.0625 0.068359375
0 0.396484375 0.2568359375 0.06171875 0.07421875
0 0.46875 0.25 0.060937500000000006 0.076171875
0 0.43359375 0.65771484375 0.0546875 0.0595703125
0 0.9328125 0.75341796875 0.0546875 0.0791015625
0 0.2671875 0.63916015625 0.053125000000000006 0.0732421875
0 0.298046875 0.1064453125 0.055468750000000004 0.064453125
0 0.071484375 0.68017578125 0.05390625 0.0615234375
0 0.6296875000000001 0.56884765625 0.0546875 0.0830078125
0 0.7671875 0.6376953125 0.0546875 0.07421875
0 0.39375000000000004 0.88037109375 0.0546875 0.0771484375
0 0.9714843750000001 0.61865234375 0.047656250000000004 0.0712890625