0 0.6218750000000001 0.91552734375 0.07187500000000001 0.0869140625
0 0.68671875 0.8447265625 0.059375000000000004 0.076171875
0 0.40859375000000003 0.8515625 0.0734375 0.087890625
4 0.84296875 0.3896484375 0.0546875 0.080078125
0 0.7410156250000001 0.20263671875 0.06484375 0.0849609375
0 0.8972656250000001 0.45751953125 0.06171875 0.0830078125
1 0.39765625000000004 0.65625 0.029687500000000002 0.041015625
0 0.8 0.87841796875 0.05625 0.0712890625
0 0.523046875 0.21484375 0.05390625 0.06640625
0 0.6941406250000001 0.28955078125 0.05234375 0.0673828125
0 0.6671875 0.16015625 0.0546875 0.0703125
0 0.7562500000000001 0.28369140625 0.060937500000000006 0.0712890625
0 0.800390625 0.2470703125 0.06328125 0.07421875
1 0.21484375 0.4580078125 0.025 0.033203125
0 0.21640625000000002 0.0654296875 0.0578125 0.07421875
0 0.541015625 0.1484375 0.05234375 0.060546875
0 0.569921875 0.08935546875 0.05078125 0.0654296875
0 0.59921875 0.14794921875 0.051562500000000004 0.0576171875
0 0.952734375 0.36328125 0.057031250000000006 0.076171875
0 0.646484375 0.251953125 0.047656250000000004 0.060546875
0 0.7523437500000001 0.828125 0.051562500000000004 0.072265625
0 0.597265625 0.81298828125 0.06015625 0.0732421875
0 0.58203125 0.59375 0.0578125 0.064453125
0 0.53671875 0.62646484375 0.0484375 0.0673828125
1 0.5296875 0.7607421875 0.028125 0.0390625
0 0.6515625 0.77197265625 0.05625 0.0732421875