0 0.7734375 0.48779296875 0.12187500000000001 0.1669921875
0 0.390234375 0.748046875 0.07734375 0.08203125
0 0.29921875000000003 0.5751953125 0.0765625 0.09375
0 0.15781250000000002 0.08056640625 0.1046875 0.1064453125
0 0.66171875 0.45556640625 0.09531250000000001 0.1455078125
0 0.10429687500000001 0.4697265625 0.11015625000000001 0.1015625
0 0.6062500000000001 0.1015625 0.0921875 0.103515625
3 0.0859375 0.38134765625 0.07187500000000001 0.0830078125
0 0.23125 0.634765625 0.0625 0.0859375
0 0.09843750000000001 0.767578125 0.078125 0.103515625
0 0.25820312500000003 0.9072265625 0.08203125 0.0859375
0 0.265234375 0.34765625 0.06328125 0.076171875
3 0.125 0.6708984375 0.09062500000000001 0.099609375
0 0.943359375 0.08544921875 0.07265625 0.0927734375
0 0.95625 0.44189453125 0.0671875 0.0908203125
0 0.856640625 0.41650390625 0.07109375 0.1083984375
1 0.86484375 0.3291015625 0.034375 0.041015625
1 0.8250000000000001 0.28564453125 0.034375 0.0419921875
1 0.5906250000000001 0.57275390625 0.03125 0.0419921875
0 0.033984375000000004 0.810546875 0.06796875000000001 0.107421875
0 0.334765625 0.45263671875 0.06953125 0.0830078125
0 0.36328125 0.68798828125 0.0546875 0.0673828125
0 0.31757812500000004 0.7548828125 0.06796875000000001 0.0859375
0 0.45859375 0.57958984375 0.0734375 0.1005859375
0 0.53125 0.60205078125 0.0671875 0.0888671875
0 0.18320312500000002 0.302734375 0.06484375 0.0859375
0 0.09648437500000001 0.3017578125 0.06328125 0.072265625
0 0.0390625 0.33642578125 0.05625 0.0791015625
3 0.04609375 0.0751953125 0.0921875 0.14453125
0 0.38125000000000003 0.0458984375 0.08281250000000001 0.091796875
0 0.5 0.0439453125 0.06875 0.087890625
0 0.5320312500000001 0.23193359375 0.0703125 0.0888671875
0 0.5046875000000001 0.3212890625 0.09062500000000001 0.111328125
1 0.665625 0.31640625 0.029687500000000002 0.041015625
0 0.88828125 0.169921875 0.09375 0.11328125
0 0.23984375000000002 0.07275390625 0.0671875 0.0830078125