0 0.583984375 0.7412109375 0.10703125000000001 0.146484375
0 0.37343750000000003 0.15478515625 0.078125 0.1083984375
0 0.29765625 0.1826171875 0.07968750000000001 0.109375
0 0.5484375 0.86572265625 0.0859375 0.1005859375
0 0.7265625 0.46484375 0.084375 0.109375
0 0.669921875 0.68798828125 0.06953125 0.0849609375
0 0.37929687500000003 0.05224609375 0.07890625000000001 0.0927734375
1 0.225390625 0.32177734375 0.03671875 0.0439453125
1 0.40078125000000003 0.96337890625 0.035937500000000004 0.0478515625
0 0.42500000000000004 0.7646484375 0.078125 0.091796875
0 0.42578125 0.2373046875 0.06406250000000001 0.07421875
0 0.78671875 0.5830078125 0.078125 0.09765625
0 0.251171875 0.2509765625 0.07109375 0.080078125
0 0.7015625000000001 0.1337890625 0.051562500000000004 0.072265625
0 0.75546875 0.11474609375 0.060937500000000006 0.0810546875