0 0.20273437500000002 0.46533203125 0.08671875000000001 0.1025390625
0 0.728125 0.7001953125 0.078125 0.11328125
0 0.44765625000000003 0.43359375 0.09531250000000001 0.109375
0 0.7347656250000001 0.33251953125 0.06796875000000001 0.0927734375
0 0.491015625 0.7607421875 0.07890625000000001 0.078125
0 0.7386718750000001 0.11279296875 0.09765625 0.0927734375
0 0.665234375 0.6337890625 0.07265625 0.087890625
0 0.575390625 0.5263671875 0.06171875 0.0859375
0 0.857421875 0.3251953125 0.07109375 0.09765625
0 0.6484375 0.7119140625 0.07500000000000001 0.08984375
0 0.56484375 0.7802734375 0.08125 0.109375
0 0.11328125 0.04443359375 0.0578125 0.0751953125
1 0.34140625 0.70361328125 0.03125 0.0478515625
0 0.14296875 0.5419921875 0.06406250000000001 0.083984375
0 0.66953125 0.423828125 0.06406250000000001 0.0703125
0 0.049218750000000006 0.41748046875 0.065625 0.0791015625
0 0.255078125 0.08251953125 0.08203125 0.0712890625
0 0.30898437500000003 0.328125 0.055468750000000004 0.0703125
0 0.7386718750000001 0.59375 0.08984375 0.109375
0 0.5027343750000001 0.83984375 0.08671875000000001 0.099609375
0 0.800390625 0.20361328125 0.06484375 0.0830078125
0 0.5984375000000001 0.1435546875 0.0671875 0.083984375
0 0.92890625 0.0537109375 0.0734375 0.08203125
1 0.2625 0.34619140625 0.029687500000000002 0.0361328125
0 0.191796875 0.1298828125 0.06953125 0.078125
1 0.044140625 0.72802734375 0.025781250000000002 0.0361328125
0 0.51171875 0.5390625 0.06406250000000001 0.08203125
0 0.563671875 0.60498046875 0.06171875 0.0693359375
1 0.7878906250000001 0.498046875 0.030468750000000003 0.0390625
0 0.11015625000000001 0.37109375 0.059375000000000004 0.06640625
0 0.1234375 0.42529296875 0.0546875 0.0595703125
0 0.333984375 0.255859375 0.06171875 0.0859375
4 0.8562500000000001 0.46484375 0.0859375 0.09765625