0 0.691015625 0.13330078125 0.06796875000000001 0.1083984375
0 0.6179687500000001 0.1015625 0.1078125 0.12890625
0 0.22187500000000002 0.3232421875 0.078125 0.107421875
0 0.1875 0.21533203125 0.0921875 0.0966796875
0 0.385546875 0.7880859375 0.08359375000000001 0.107421875
0 0.434375 0.0615234375 0.07187500000000001 0.08203125
0 0.261328125 0.138671875 0.08515625 0.111328125
0 0.48085937500000003 0.63330078125 0.06484375 0.0732421875
0 0.405859375 0.509765625 0.06171875 0.083984375
0 0.465625 0.31201171875 0.08281250000000001 0.1044921875
0 0.543359375 0.15380859375 0.06953125 0.1044921875
0 0.34023437500000003 0.69775390625 0.07890625000000001 0.0986328125
0 0.394140625 0.66162109375 0.055468750000000004 0.0810546875
0 0.499609375 0.2275390625 0.08828125 0.10546875
0 0.44453125000000004 0.40234375 0.07187500000000001 0.09375
0 0.296875 0.19873046875 0.0546875 0.0595703125
0 0.628515625 0.86572265625 0.08046875 0.0986328125
1 0.63671875 0.58154296875 0.0328125 0.0439453125
0 0.462890625 0.79931640625 0.06796875000000001 0.0869140625
0 0.468359375 0.14013671875 0.07734375 0.0869140625