0 0.42500000000000004 0.5908203125 0.125 0.150390625
0 0.8765625 0.84619140625 0.0921875 0.1123046875
0 0.9535156250000001 0.89208984375 0.08046875 0.1142578125
0 0.408203125 0.26806640625 0.07890625000000001 0.0869140625
0 0.33437500000000003 0.0478515625 0.08281250000000001 0.095703125
0 0.64609375 0.66455078125 0.0921875 0.1142578125
3 0.751171875 0.7158203125 0.13046875 0.158203125
3 0.6492187500000001 0.86328125 0.11406250000000001 0.142578125
0 0.366796875 0.71142578125 0.08671875000000001 0.1044921875
0 0.07265625 0.279296875 0.09375 0.130859375
0 0.123046875 0.11083984375 0.07109375 0.0888671875
0 0.8765625 0.94140625 0.07500000000000001 0.091796875
0 0.4296875 0.1533203125 0.0578125 0.076171875
0 0.186328125 0.1201171875 0.06015625 0.08203125
1 0.7859375000000001 0.33935546875 0.03125 0.0439453125
0 0.6644531250000001 0.30126953125 0.07578125000000001 0.1025390625
0 0.12187500000000001 0.0361328125 0.0734375 0.072265625
0 0.375 0.1923828125 0.078125 0.083984375