0 0.113671875 0.365234375 0.08046875 0.09375
0 0.14609375 0.71044921875 0.07968750000000001 0.1044921875
0 0.579296875 0.65234375 0.07734375 0.103515625
0 0.439453125 0.751953125 0.08203125 0.095703125
0 0.7074218750000001 0.3359375 0.08046875 0.091796875
0 0.9183593750000001 0.41357421875 0.09921875000000001 0.1220703125
0 0.822265625 0.6962890625 0.07421875 0.09765625
0 0.860546875 0.0751953125 0.08515625 0.107421875
0 0.542578125 0.3828125 0.08359375000000001 0.09765625
0 0.85859375 0.9326171875 0.096875 0.12109375
0 0.384375 0.2041015625 0.078125 0.08984375
0 0.49375 0.89697265625 0.06406250000000001 0.0791015625
0 0.56484375 0.8662109375 0.060937500000000006 0.07421875
0 0.35625 0.76904296875 0.0578125 0.0693359375
0 0.393359375 0.43115234375 0.06015625 0.0673828125
0 0.6078125000000001 0.75146484375 0.059375000000000004 0.0771484375
0 0.20546875 0.93212890625 0.05625 0.0771484375
0 0.032421875 0.72314453125 0.06484375 0.0771484375
0 0.65390625 0.13818359375 0.0578125 0.0791015625
0 0.951171875 0.73583984375 0.07734375 0.0927734375
0 0.704296875 0.87841796875 0.06640625 0.0869140625
0 0.2234375 0.3671875 0.0765625 0.09765625
0 0.22773437500000002 0.70263671875 0.05078125 0.0693359375
0 0.276171875 0.66015625 0.06015625 0.06640625
0 0.18984375 0.6259765625 0.0734375 0.087890625
0 0.384765625 0.69580078125 0.05234375 0.0654296875
0 0.312109375 0.74658203125 0.05234375 0.0537109375
0 0.9 0.81884765625 0.05625 0.0712890625
0 0.757421875 0.50146484375 0.06484375 0.0751953125
0 0.30625 0.5244140625 0.060937500000000006 0.078125
0 0.09296875 0.4677734375 0.0703125 0.09375
0 0.5027343750000001 0.80859375 0.06328125 0.07421875
0 0.9597656250000001 0.826171875 0.06015625 0.080078125
4 0.8660156250000001 0.30859375 0.06640625 0.072265625
0 0.6875 0.47216796875 0.0734375 0.1064453125
0 0.40937500000000004 0.93994140625 0.05625 0.0654296875
0 0.5730468750000001 0.09130859375 0.06328125 0.0830078125
0 0.8734375000000001 0.19775390625 0.0734375 0.1005859375
0 0.948828125 0.1904296875 0.06328125 0.078125
0 0.828125 0.47119140625 0.060937500000000006 0.0751953125
0 0.40390625 0.52001953125 0.0890625 0.1142578125