0 0.361328125 0.4267578125 0.09921875000000001 0.123046875
0 0.286328125 0.486328125 0.10078125 0.125
0 0.8250000000000001 0.509765625 0.09062500000000001 0.123046875
0 0.528515625 0.076171875 0.08828125 0.09375
0 0.8343750000000001 0.24658203125 0.07187500000000001 0.0810546875
0 0.7937500000000001 0.16064453125 0.078125 0.0947265625
0 0.942578125 0.21044921875 0.06796875000000001 0.0927734375
0 0.899609375 0.26806640625 0.07578125000000001 0.0771484375
0 0.20429687500000002 0.046875 0.05859375 0.0703125
0 0.4078125 0.08642578125 0.065625 0.0830078125
1 0.47773437500000004 0.560546875 0.02890625 0.037109375
0 0.125390625 0.802734375 0.06328125 0.0859375
0 0.6292968750000001 0.16552734375 0.055468750000000004 0.0771484375
0 0.78515625 0.376953125 0.0546875 0.06640625
1 0.8914062500000001 0.4912109375 0.029687500000000002 0.037109375
0 0.8285156250000001 0.09033203125 0.05859375 0.0634765625
0 0.16718750000000002 0.1123046875 0.059375000000000004 0.078125
1 0.127734375 0.08056640625 0.03671875 0.0361328125
0 0.13593750000000002 0.41357421875 0.065625 0.0849609375
0 0.7820312500000001 0.28759765625 0.0578125 0.0830078125
1 0.12109375 0.96484375 0.0328125 0.04296875
0 0.43281250000000004 0.5224609375 0.05625 0.078125
0 0.240234375 0.3994140625 0.06015625 0.07421875
0 0.294140625 0.35693359375 0.06953125 0.0927734375
0 0.234375 0.5673828125 0.05625 0.087890625
0 0.669140625 0.09814453125 0.06171875 0.0771484375
0 0.876171875 0.3701171875 0.06953125 0.08984375
0 0.659375 0.39013671875 0.051562500000000004 0.0751953125
0 0.6640625 0.46044921875 0.0484375 0.0615234375
0 0.158203125 0.3330078125 0.06484375 0.076171875
0 0.144140625 0.6435546875 0.05859375 0.078125
0 0.601171875 0.04931640625 0.06015625 0.0712890625
0 0.26796875000000003 0.697265625 0.053125000000000006 0.06640625