0 0.844921875 0.7744140625 0.12265625000000001 0.154296875
0 0.172265625 0.61181640625 0.08359375000000001 0.1005859375
3 0.948828125 0.49755859375 0.08984375 0.1005859375
0 0.043359375000000006 0.59326171875 0.08515625 0.0966796875
0 0.11875000000000001 0.56640625 0.0734375 0.123046875
0 0.892578125 0.68115234375 0.06484375 0.0810546875
0 0.92578125 0.7939453125 0.060937500000000006 0.09765625
0 0.52265625 0.75244140625 0.05625 0.0712890625
1 0.7734375 0.501953125 0.034375 0.041015625
0 0.8828125 0.4638671875 0.0546875 0.072265625
0 0.829296875 0.65869140625 0.07109375 0.0849609375
0 0.8796875000000001 0.6064453125 0.0671875 0.076171875
1 0.8671875 0.9638671875 0.0328125 0.044921875
0 0.079296875 0.501953125 0.04609375 0.06640625