0 0.46210937500000004 0.87744140625 0.06015625 0.0791015625
0 0.526953125 0.86474609375 0.05390625 0.0732421875
0 0.4859375 0.759765625 0.065625 0.080078125
0 0.394140625 0.69873046875 0.07109375 0.0927734375
0 0.13398437500000002 0.13525390625 0.06015625 0.0712890625
1 0.73984375 0.64697265625 0.0328125 0.0439453125
0 0.535546875 0.0634765625 0.057031250000000006 0.0703125
1 0.7097656250000001 0.4580078125 0.03515625 0.046875
0 0.27734375 0.27880859375 0.08750000000000001 0.1240234375
0 0.28125 0.4013671875 0.0734375 0.1015625
1 0.6570312500000001 0.29150390625 0.03125 0.0400390625