0 0.759765625 0.06591796875 0.07421875 0.0888671875
0 0.6667968750000001 0.35107421875 0.06171875 0.0869140625
0 0.74375 0.5927734375 0.06406250000000001 0.07421875
0 0.366015625 0.75244140625 0.08828125 0.0888671875
0 0.288671875 0.7861328125 0.08359375000000001 0.177734375
0 0.06015625 0.57861328125 0.0578125 0.0830078125
0 0.25703125 0.61962890625 0.0734375 0.1416015625
1 0.21250000000000002 0.20751953125 0.0421875 0.0517578125
0 0.19257812500000002 0.63818359375 0.08515625 0.1044921875
1 0.536328125 0.3115234375 0.030468750000000003 0.04296875
1 0.6742187500000001 0.0634765625 0.0328125 0.04296875
1 0.716796875 0.13720703125 0.032031250000000004 0.0458984375
1 0.71640625 0.51806640625 0.05625 0.0673828125
1 0.08984375 0.2353515625 0.03125 0.041015625
1 0.1046875 0.32861328125 0.03125 0.0341796875