0 0.33984375 0.18994140625 0.09375 0.1240234375
0 0.714453125 0.31298828125 0.07890625000000001 0.0947265625
0 0.526953125 0.8994140625 0.07109375 0.080078125
0 0.312109375 0.91650390625 0.08984375 0.0966796875
0 0.08867187500000001 0.6767578125 0.05234375 0.076171875
0 0.79609375 0.66552734375 0.0625 0.0791015625
0 0.853515625 0.75 0.057031250000000006 0.0703125
0 0.24453125 0.873046875 0.053125000000000006 0.07421875
1 0.047265625000000006 0.5166015625 0.03515625 0.04296875
0 0.098828125 0.61181640625 0.06328125 0.0634765625
0 0.20234375000000002 0.39306640625 0.0546875 0.0693359375
0 0.29375 0.46923828125 0.0484375 0.0693359375
0 0.7996093750000001 0.73828125 0.05078125 0.05859375
0 0.847265625 0.58154296875 0.049218750000000006 0.0751953125
0 0.88046875 0.67236328125 0.0578125 0.0751953125
1 0.33320312500000004 0.78857421875 0.032031250000000004 0.0361328125
1 0.687109375 0.181640625 0.032031250000000004 0.044921875
0 0.21328125 0.83154296875 0.053125000000000006 0.0732421875
0 0.7605468750000001 0.60009765625 0.06171875 0.0830078125
0 0.11875000000000001 0.70361328125 0.046875 0.0576171875
1 0.335546875 0.74658203125 0.03671875 0.0419921875