0 0.17304687500000002 0.10595703125 0.06484375 0.0771484375
0 0.6082031250000001 0.44970703125 0.05859375 0.0634765625
0 0.265625 0.431640625 0.05625 0.068359375
0 0.7210937500000001 0.47802734375 0.053125000000000006 0.0615234375
4 0.6410156250000001 0.396484375 0.05234375 0.072265625
1 0.3921875 0.93505859375 0.03125 0.0341796875
0 0.679296875 0.119140625 0.06484375 0.0703125
0 0.7406250000000001 0.53369140625 0.043750000000000004 0.0615234375
0 0.504296875 0.751953125 0.04296875 0.05859375
0 0.6996093750000001 0.4267578125 0.06171875 0.080078125
0 0.6589843750000001 0.4736328125 0.041406250000000006 0.056640625
0 0.5378906250000001 0.34912109375 0.04296875 0.0615234375
1 0.77890625 0.47412109375 0.029687500000000002 0.0380859375