0 0.649609375 0.3486328125 0.07109375 0.08984375
0 0.6644531250000001 0.27197265625 0.07109375 0.0849609375
0 0.208984375 0.1943359375 0.06640625 0.078125
0 0.12734375 0.14404296875 0.0765625 0.0966796875
0 0.053515625000000004 0.74560546875 0.06484375 0.0771484375
0 0.09375 0.88671875 0.0671875 0.0859375
0 0.515625 0.85693359375 0.0625 0.0927734375
0 0.8113281250000001 0.42626953125 0.06328125 0.0888671875
0 0.8542968750000001 0.46435546875 0.07265625 0.0966796875
0 0.547265625 0.689453125 0.07265625 0.0625
1 0.217578125 0.77099609375 0.032031250000000004 0.0419921875
1 0.213671875 0.84228515625 0.03671875 0.0439453125