1 0.22968750000000002 0.51806640625 0.029687500000000002 0.0458984375
0 0.5750000000000001 0.5146484375 0.051562500000000004 0.0625
0 0.4453125 0.513671875 0.05625 0.07421875
1 0.062109375 0.1259765625 0.02734375 0.041015625
1 0.7644531250000001 0.28955078125 0.02890625 0.0380859375
1 0.9 0.21533203125 0.029687500000000002 0.0419921875
1 0.952734375 0.3525390625 0.02890625 0.037109375
1 0.8679687500000001 0.05078125 0.03125 0.0390625
0 0.727734375 0.53369140625 0.04296875 0.0654296875
1 0.935546875 0.51611328125 0.02734375 0.0322265625
1 0.1453125 0.9091796875 0.028125 0.03515625
1 0.534765625 0.7158203125 0.02890625 0.03125
1 0.33320312500000004 0.5390625 0.030468750000000003 0.033203125
4 0.88671875 0.48291015625 0.060937500000000006 0.0732421875
4 0.7347656250000001 0.6103515625 0.05234375 0.083984375
4 0.550390625 0.64404296875 0.047656250000000004 0.0693359375
0 0.655859375 0.43359375 0.05859375 0.072265625
0 0.722265625 0.46240234375 0.04609375 0.0693359375