0 0.5171875 0.0595703125 0.0546875 0.068359375
0 0.61484375 0.07861328125 0.0578125 0.0712890625
0 0.48945312500000004 0.2138671875 0.06484375 0.0703125
1 0.38906250000000003 0.337890625 0.029687500000000002 0.0390625
1 0.790234375 0.68017578125 0.030468750000000003 0.0361328125
0 0.274609375 0.21337890625 0.030468750000000003 0.0400390625
4 0.05859375 0.728515625 0.0734375 0.095703125
3 0.36640625000000004 0.8564453125 0.09531250000000001 0.10546875
0 0.33515625000000004 0.9404296875 0.0671875 0.078125
1 0.884375 0.6982421875 0.03125 0.04296875
1 0.6042968750000001 0.31201171875 0.02734375 0.0341796875