1 0.044921875 0.783203125 0.03828125 0.048828125
0 0.45820312500000004 0.64453125 0.039843750000000004 0.06640625
1 0.59375 0.06982421875 0.029687500000000002 0.0439453125
0 0.47578125000000004 0.509765625 0.046875 0.0546875
4 0.366796875 0.46435546875 0.05390625 0.0673828125
1 0.884375 0.23486328125 0.029687500000000002 0.0361328125
1 0.8601562500000001 0.45654296875 0.028125 0.0361328125
1 0.5 0.61376953125 0.026562500000000003 0.0302734375
1 0.44257812500000004 0.4189453125 0.030468750000000003 0.037109375
1 0.516015625 0.42138671875 0.02734375 0.0322265625
1 0.48046875 0.45166015625 0.028125 0.0380859375
1 0.597265625 0.802734375 0.025781250000000002 0.0390625
1 0.92890625 0.51416015625 0.029687500000000002 0.0380859375