1 0.884375 0.15625 0.037500000000000006 0.044921875
0 0.25390625 0.7080078125 0.059375000000000004 0.083984375
0 0.29453125 0.65478515625 0.053125000000000006 0.0615234375
1 0.152734375 0.83251953125 0.030468750000000003 0.0419921875
1 0.498828125 0.20263671875 0.02890625 0.0458984375
0 0.34296875000000004 0.638671875 0.0484375 0.0546875
1 0.06328125 0.640625 0.03125 0.041015625
1 0.9578125000000001 0.259765625 0.03125 0.037109375
1 0.9769531250000001 0.15087890625 0.030468750000000003 0.0283203125
1 0.9734375000000001 0.22607421875 0.028125 0.0361328125
1 0.23593750000000002 0.05810546875 0.0328125 0.0380859375