2 0.35859375000000004 0.4892578125 0.060937500000000006 0.068359375
2 0.19648437500000002 0.18798828125 0.055468750000000004 0.0654296875
2 0.758984375 0.6748046875 0.057031250000000006 0.060546875
2 0.603515625 0.599609375 0.04453125 0.052734375
2 0.09609375 0.64208984375 0.046875 0.0478515625
2 0.194140625 0.42822265625 0.04609375 0.0673828125
2 0.974609375 0.67822265625 0.04453125 0.0556640625
2 0.028125 0.7314453125 0.045312500000000006 0.05078125
2 0.479296875 0.20849609375 0.04453125 0.0478515625
2 0.790625 0.13623046875 0.043750000000000004 0.0556640625
2 0.9574218750000001 0.95654296875 0.041406250000000006 0.0556640625