1 0.038671875 0.537109375 0.03359375 0.041015625
1 0.409765625 0.7734375 0.03359375 0.044921875
1 0.318359375 0.3955078125 0.030468750000000003 0.046875
2 0.40234375 0.1875 0.045312500000000006 0.0546875
1 0.74921875 0.55224609375 0.034375 0.0419921875
1 0.751171875 0.82470703125 0.03671875 0.0400390625
1 0.33437500000000003 0.099609375 0.034375 0.05078125
1 0.3375 0.21826171875 0.0328125 0.0439453125
1 0.47187500000000004 0.3974609375 0.034375 0.04296875
1 0.09375 0.49755859375 0.0328125 0.0361328125
1 0.776953125 0.3505859375 0.02734375 0.0390625