1 0.7390625000000001 0.357421875 0.03125 0.041015625
1 0.5453125 0.1728515625 0.034375 0.046875
1 0.275390625 0.61669921875 0.030468750000000003 0.0380859375
1 0.046484375 0.73095703125 0.02734375 0.0419921875
1 0.44921875 0.568359375 0.034375 0.03125
1 0.83359375 0.806640625 0.03125 0.03515625
1 0.345703125 0.9580078125 0.03515625 0.0390625
1 0.06953125 0.955078125 0.029687500000000002 0.03515625
1 0.58203125 0.04345703125 0.029687500000000002 0.0380859375
1 0.9867187500000001 0.9130859375 0.025 0.03125
1 0.93671875 0.873046875 0.026562500000000003 0.03515625
1 0.40546875000000004 0.533203125 0.03125 0.03125