1 0.733984375 0.31201171875 0.032031250000000004 0.0341796875
1 0.81171875 0.34521484375 0.034375 0.0400390625
1 0.421875 0.38623046875 0.03125 0.0380859375
4 0.6875 0.595703125 0.07968750000000001 0.07421875
1 0.7425781250000001 0.53564453125 0.030468750000000003 0.0341796875
1 0.899609375 0.30712890625 0.02890625 0.0380859375
1 0.9007812500000001 0.8486328125 0.028125 0.03515625
1 0.7292968750000001 0.8505859375 0.02734375 0.03515625
1 0.740234375 0.81640625 0.030468750000000003 0.033203125
1 0.36835937500000004 0.7861328125 0.03671875 0.037109375
1 0.23359375000000002 0.04052734375 0.028125 0.0302734375
1 0.45390625 0.10791015625 0.026562500000000003 0.0380859375
1 0.10703125000000001 0.91748046875 0.03125 0.0400390625