1 0.26015625000000003 0.52978515625 0.035937500000000004 0.0439453125
1 0.578125 0.94921875 0.043750000000000004 0.0546875
1 0.6781250000000001 0.45849609375 0.035937500000000004 0.0498046875
1 0.63984375 0.14404296875 0.0328125 0.0498046875
1 0.7484375000000001 0.22802734375 0.0328125 0.0439453125
1 0.061328125000000004 0.25732421875 0.03828125 0.0419921875
1 0.40703125 0.060546875 0.035937500000000004 0.041015625
1 0.7703125000000001 0.94775390625 0.034375 0.0439453125
1 0.7125 0.79443359375 0.034375 0.0380859375
1 0.7292968750000001 0.76318359375 0.03515625 0.0419921875
1 0.7855468750000001 0.390625 0.030468750000000003 0.041015625
1 0.8367187500000001 0.36474609375 0.029687500000000002 0.0419921875
1 0.8894531250000001 0.36474609375 0.03515625 0.0419921875
1 0.26484375 0.02490234375 0.03125 0.0361328125
1 0.6234375000000001 0.32275390625 0.035937500000000004 0.0439453125
1 0.39453125 0.44287109375 0.029687500000000002 0.0400390625
1 0.39765625000000004 0.3486328125 0.03125 0.0390625