1 0.6761718750000001 0.701171875 0.03671875 0.04296875
1 0.8828125 0.240234375 0.0390625 0.05078125
0 0.32148437500000004 0.365234375 0.09140625000000001 0.083984375
1 0.213671875 0.31298828125 0.030468750000000003 0.0458984375
1 0.2625 0.0185546875 0.034375 0.037109375
1 0.7839843750000001 0.08251953125 0.03515625 0.0400390625
1 0.8640625000000001 0.87939453125 0.0390625 0.0419921875
1 0.37031250000000004 0.517578125 0.034375 0.0390625
1 0.409765625 0.77880859375 0.03359375 0.0419921875
1 0.302734375 0.4814453125 0.02890625 0.03515625
1 0.0140625 0.59765625 0.0234375 0.03515625