0 0.42890625000000004 0.494140625 0.0546875 0.06640625
0 0.650390625 0.27587890625 0.06796875000000001 0.0927734375
1 0.49296875 0.38916015625 0.035937500000000004 0.0458984375
1 0.60703125 0.38525390625 0.028125 0.0400390625
1 0.3140625 0.12255859375 0.035937500000000004 0.0419921875
1 0.655859375 0.119140625 0.030468750000000003 0.0390625
1 0.819921875 0.111328125 0.02890625 0.033203125
1 0.878125 0.16259765625 0.035937500000000004 0.0400390625
1 0.7328125000000001 0.3662109375 0.026562500000000003 0.033203125
1 0.7582031250000001 0.400390625 0.02734375 0.03125
1 0.587890625 0.21435546875 0.03359375 0.0400390625