1 0.375 0.7548828125 0.037500000000000006 0.056640625
1 0.45703125 0.77001953125 0.037500000000000006 0.0615234375
1 0.607421875 0.587890625 0.047656250000000004 0.0546875
1 0.388671875 0.24853515625 0.03515625 0.0478515625
2 0.14765625000000002 0.2138671875 0.0421875 0.05078125
1 0.274609375 0.82861328125 0.03671875 0.0400390625
1 0.3609375 0.50390625 0.035937500000000004 0.037109375
1 0.8679687500000001 0.22265625 0.035937500000000004 0.041015625
1 0.6804687500000001 0.07080078125 0.034375 0.0361328125
1 0.9242187500000001 0.5380859375 0.028125 0.037109375
1 0.5875 0.8603515625 0.029687500000000002 0.041015625
1 0.0484375 0.73095703125 0.0328125 0.0439453125
1 0.4 0.43701171875 0.034375 0.0458984375