1 0.412109375 0.3349609375 0.047656250000000004 0.0703125
1 0.26484375 0.36474609375 0.045312500000000006 0.0517578125
2 0.4265625 0.8125 0.06406250000000001 0.0625
2 0.78046875 0.57568359375 0.0546875 0.0634765625
1 0.858984375 0.271484375 0.047656250000000004 0.046875
1 0.648046875 0.05126953125 0.030468750000000003 0.0439453125
1 0.9476562500000001 0.31298828125 0.0328125 0.0458984375
1 0.74140625 0.91357421875 0.029687500000000002 0.0380859375
1 0.569921875 0.21142578125 0.03671875 0.0478515625
1 0.49843750000000003 0.3447265625 0.028125 0.0390625
1 0.669140625 0.33837890625 0.02734375 0.0419921875