4 0.38046875 0.46533203125 0.045312500000000006 0.0576171875
1 0.921875 0.22021484375 0.021875000000000002 0.0322265625
1 0.98203125 0.2294921875 0.0234375 0.025390625
1 0.8562500000000001 0.3232421875 0.0234375 0.029296875
1 0.9652343750000001 0.41845703125 0.017968750000000002 0.0283203125
1 0.84921875 0.11279296875 0.021875000000000002 0.0283203125
1 0.16171875000000002 0.23193359375 0.021875000000000002 0.0322265625
1 0.22187500000000002 0.21435546875 0.0234375 0.0244140625
0 0.47773437500000004 0.14208984375 0.04296875 0.0576171875
2 0.1125 0.81787109375 0.03125 0.0322265625
2 0.042578125 0.71826171875 0.025781250000000002 0.0361328125
2 0.07890625000000001 0.7578125 0.0234375 0.03515625
2 0.075390625 0.80322265625 0.025781250000000002 0.0361328125
4 0.52734375 0.31787109375 0.06406250000000001 0.0888671875
2 0.284375 0.2744140625 0.026562500000000003 0.037109375
2 0.358203125 0.23876953125 0.025781250000000002 0.0380859375
2 0.33242187500000003 0.15771484375 0.02421875 0.0341796875
2 0.286328125 0.1318359375 0.02734375 0.03125
2 0.6082031250000001 0.26416015625 0.02421875 0.0341796875
2 0.6394531250000001 0.24169921875 0.025781250000000002 0.0322265625
2 0.390234375 0.2353515625 0.02734375 0.033203125
2 0.328125 0.220703125 0.028125 0.033203125
2 0.080078125 0.40673828125 0.030468750000000003 0.0322265625
2 0.20273437500000002 0.716796875 0.03515625 0.0390625
4 0.32656250000000003 0.7060546875 0.045312500000000006 0.05859375
2 0.66953125 0.87060546875 0.029687500000000002 0.0322265625
3 0.7875000000000001 0.67626953125 0.078125 0.1044921875
2 0.19843750000000002 0.48046875 0.025 0.03125
2 0.577734375 0.21044921875 0.025781250000000002 0.0341796875