3 0.27734375 0.49951171875 0.1 0.1337890625
4 0.446875 0.3466796875 0.06406250000000001 0.072265625
4 0.805859375 0.14111328125 0.05234375 0.0712890625
1 0.06484375 0.4560546875 0.029687500000000002 0.03515625
1 0.403125 0.806640625 0.0234375 0.033203125
2 0.758984375 0.3037109375 0.02890625 0.037109375
2 0.17578125 0.75830078125 0.03125 0.0361328125
2 0.199609375 0.63623046875 0.030468750000000003 0.0361328125
2 0.37734375000000003 0.1142578125 0.028125 0.03515625
2 0.3515625 0.17724609375 0.029687500000000002 0.0361328125
2 0.7035156250000001 0.568359375 0.025781250000000002 0.041015625
2 0.755078125 0.587890625 0.02734375 0.033203125
2 0.716796875 0.6298828125 0.02734375 0.0390625
1 0.64453125 0.72509765625 0.03125 0.0400390625
1 0.8210937500000001 0.5576171875 0.025 0.02734375
1 0.802734375 0.2529296875 0.02734375 0.03125
1 0.8695312500000001 0.1884765625 0.0234375 0.03515625
1 0.467578125 0.11376953125 0.02890625 0.0283203125
1 0.43359375 0.22607421875 0.025 0.0322265625
1 0.509765625 0.21533203125 0.025781250000000002 0.0302734375
3 0.47500000000000003 0.17578125 0.051562500000000004 0.076171875
3 0.09375 0.1240234375 0.028125 0.0390625
3 0.18671875000000002 0.34912109375 0.0234375 0.0322265625
2 0.25859375 0.6494140625 0.034375 0.041015625
0 0.82421875 0.20068359375 0.05625 0.0673828125
2 0.563671875 0.43896484375 0.02734375 0.0380859375
2 0.51875 0.50244140625 0.028125 0.0341796875
2 0.49921875000000004 0.74755859375 0.034375 0.0439453125
2 0.14453125 0.7060546875 0.03125 0.03515625
0 0.444140625 0.5546875 0.06015625 0.064453125