0 0.5203125000000001 0.62060546875 0.06875 0.0966796875
0 0.603125 0.6318359375 0.06406250000000001 0.087890625
0 0.523046875 0.69873046875 0.08671875000000001 0.0869140625
0 0.42265625 0.6572265625 0.0625 0.087890625
0 0.657421875 0.4501953125 0.057031250000000006 0.072265625
0 0.632421875 0.384765625 0.057031250000000006 0.072265625
2 0.630078125 0.28955078125 0.030468750000000003 0.0341796875
2 0.7449218750000001 0.27001953125 0.02890625 0.0322265625
2 0.8949218750000001 0.2607421875 0.02421875 0.033203125
2 0.71640625 0.62890625 0.0234375 0.029296875
2 0.80390625 0.642578125 0.026562500000000003 0.03515625
2 0.770703125 0.64306640625 0.030468750000000003 0.0341796875
2 0.821484375 0.59228515625 0.02734375 0.0322265625
0 0.91796875 0.42919921875 0.0484375 0.0498046875
2 0.16796875 0.14306640625 0.025 0.0341796875
2 0.032421875 0.23291015625 0.03828125 0.0380859375
4 0.0890625 0.39453125 0.046875 0.0546875
2 0.38828125 0.39892578125 0.026562500000000003 0.0341796875
1 0.9285156250000001 0.22705078125 0.01953125 0.0263671875
2 0.8625 0.5830078125 0.025 0.03515625
0 0.649609375 0.59912109375 0.057031250000000006 0.0673828125
0 0.6820312500000001 0.529296875 0.0578125 0.07421875
0 0.36250000000000004 0.65966796875 0.060937500000000006 0.0888671875
0 0.43085937500000004 0.3330078125 0.04453125 0.052734375
2 0.98203125 0.474609375 0.03125 0.04296875
2 0.280078125 0.033203125 0.032031250000000004 0.03515625