2 0.73359375 0.46923828125 0.028125 0.0419921875
2 0.753125 0.4267578125 0.029687500000000002 0.03515625
2 0.94296875 0.56982421875 0.028125 0.0361328125
0 0.41640625000000003 0.48388671875 0.0703125 0.1064453125
0 0.35781250000000003 0.41455078125 0.0734375 0.1181640625
0 0.3484375 0.2958984375 0.08281250000000001 0.109375
3 0.30859375 0.21142578125 0.178125 0.1982421875
1 0.17500000000000002 0.72412109375 0.0234375 0.0302734375
1 0.21640625000000002 0.548828125 0.026562500000000003 0.03515625
1 0.16367187500000002 0.6875 0.01953125 0.02734375
2 0.125 0.74365234375 0.0328125 0.0380859375
0 0.526953125 0.90576171875 0.04609375 0.0712890625
2 0.7410156250000001 0.5673828125 0.025781250000000002 0.03515625
2 0.86875 0.59521484375 0.0328125 0.0361328125
1 0.8812500000000001 0.30615234375 0.0234375 0.0283203125
0 0.25390625 0.54931640625 0.043750000000000004 0.0537109375
2 0.787109375 0.1279296875 0.03828125 0.046875