0 0.6824218750000001 0.5029296875 0.07265625 0.09765625
0 0.2609375 0.70703125 0.08125 0.099609375
0 0.611328125 0.65283203125 0.07109375 0.0966796875
0 0.14453125 0.73828125 0.0765625 0.095703125
0 0.18281250000000002 0.921875 0.08125 0.10546875
0 0.4390625 0.85009765625 0.0578125 0.0791015625
0 0.41523437500000004 0.6123046875 0.05390625 0.06640625
0 0.8500000000000001 0.12158203125 0.060937500000000006 0.0751953125
0 0.7765625 0.19189453125 0.060937500000000006 0.0849609375
0 0.9183593750000001 0.14892578125 0.07421875 0.0986328125
0 0.133203125 0.44873046875 0.06015625 0.0751953125
0 0.22421875000000002 0.46728515625 0.06875 0.0927734375
1 0.371875 0.5771484375 0.0203125 0.033203125
1 0.7210937500000001 0.28515625 0.0203125 0.03515625
1 0.16015625 0.84423828125 0.021875000000000002 0.0322265625
0 0.16328125000000002 0.515625 0.0578125 0.07421875
0 0.26015625000000003 0.81640625 0.05625 0.07421875
0 0.2015625 0.78857421875 0.051562500000000004 0.0654296875
0 0.5183593750000001 0.35009765625 0.06015625 0.0771484375
0 0.733984375 0.3828125 0.06640625 0.080078125
0 0.8679687500000001 0.26513671875 0.051562500000000004 0.0693359375
0 0.855078125 0.19677734375 0.049218750000000006 0.0615234375
0 0.6824218750000001 0.27685546875 0.06015625 0.0732421875
0 0.290625 0.49365234375 0.0546875 0.0673828125
2 0.333984375 0.4814453125 0.03828125 0.05078125