0 0.20703125 0.49951171875 0.07500000000000001 0.1005859375
0 0.43671875000000004 0.90771484375 0.08281250000000001 0.0986328125
0 0.36562500000000003 0.88720703125 0.0625 0.0732421875
0 0.546484375 0.77490234375 0.06171875 0.0751953125
0 0.6453125000000001 0.73291015625 0.10625000000000001 0.1220703125
0 0.8246093750000001 0.5009765625 0.05390625 0.080078125
0 0.890234375 0.47998046875 0.05234375 0.0712890625
0 0.747265625 0.224609375 0.05859375 0.083984375
0 0.5339843750000001 0.5263671875 0.06171875 0.080078125
0 0.35390625000000003 0.20556640625 0.05625 0.0751953125
0 0.42031250000000003 0.22216796875 0.053125000000000006 0.0712890625
1 0.45429687500000004 0.23486328125 0.01640625 0.0322265625
1 0.8875000000000001 0.8466796875 0.0234375 0.02734375
1 0.9 0.873046875 0.021875000000000002 0.02734375
0 0.8523437500000001 0.92626953125 0.0578125 0.0810546875
0 0.7117187500000001 0.9306640625 0.053125000000000006 0.072265625
0 0.5234375 0.7021484375 0.06875 0.083984375
0 0.837890625 0.22021484375 0.06171875 0.0771484375
0 0.874609375 0.041015625 0.05859375 0.06640625
0 0.098046875 0.3623046875 0.05390625 0.0703125
0 0.4234375 0.453125 0.059375000000000004 0.076171875
0 0.46328125000000003 0.79443359375 0.051562500000000004 0.0751953125
0 0.594921875 0.87548828125 0.05078125 0.0634765625
0 0.6644531250000001 0.2744140625 0.06015625 0.076171875
0 0.696875 0.2099609375 0.053125000000000006 0.064453125
4 0.05234375 0.27880859375 0.08750000000000001 0.1103515625
0 0.27109375 0.1767578125 0.0578125 0.06640625
0 0.298046875 0.10888671875 0.06015625 0.0673828125
0 0.042578125 0.3759765625 0.05234375 0.072265625
4 0.9417968750000001 0.4921875 0.04609375 0.05859375