0 0.6062500000000001 0.271484375 0.078125 0.1015625
0 0.7140625 0.21484375 0.08281250000000001 0.099609375
0 0.201171875 0.55322265625 0.07421875 0.0947265625
1 0.16328125000000002 0.6357421875 0.021875000000000002 0.02734375
1 0.1640625 0.6064453125 0.025 0.029296875
0 0.5796875 0.45947265625 0.0625 0.0830078125
0 0.6218750000000001 0.5029296875 0.0625 0.078125
0 0.52578125 0.15234375 0.09062500000000001 0.126953125
2 0.47890625000000003 0.30126953125 0.03125 0.0400390625
0 0.29609375 0.93212890625 0.065625 0.0947265625
0 0.346484375 0.77978515625 0.06328125 0.0712890625
0 0.12070312500000001 0.255859375 0.055468750000000004 0.0703125
0 0.07890625000000001 0.70751953125 0.06875 0.0927734375
0 0.252734375 0.607421875 0.055468750000000004 0.072265625
1 0.7367187500000001 0.154296875 0.025 0.029296875