0 0.467578125 0.25146484375 0.07578125000000001 0.0947265625
0 0.298046875 0.36669921875 0.06015625 0.0751953125
0 0.5265625 0.38720703125 0.065625 0.0869140625
0 0.586328125 0.4296875 0.06328125 0.078125
0 0.551171875 0.5341796875 0.05078125 0.0703125
0 0.619140625 0.49755859375 0.05390625 0.0712890625
0 0.8035156250000001 0.44580078125 0.04609375 0.0693359375
0 0.8609375 0.52099609375 0.05625 0.0673828125
0 0.412890625 0.78564453125 0.06328125 0.0751953125
1 0.7777343750000001 0.65283203125 0.02734375 0.0361328125
1 0.7542968750000001 0.85791015625 0.025781250000000002 0.0283203125
1 0.720703125 0.833984375 0.025781250000000002 0.03125
0 0.966796875 0.52734375 0.05859375 0.072265625
0 0.401953125 0.2705078125 0.047656250000000004 0.060546875
0 0.42304687500000004 0.85302734375 0.055468750000000004 0.0673828125