0 0.9390625 0.4384765625 0.09531250000000001 0.126953125
0 0.443359375 0.72607421875 0.08828125 0.1005859375
0 0.32343750000000004 0.94091796875 0.0859375 0.1025390625
0 0.18085937500000002 0.42822265625 0.06953125 0.0947265625
0 0.113671875 0.19189453125 0.05859375 0.0771484375
1 0.420703125 0.0986328125 0.02734375 0.03125
1 0.13515625 0.14453125 0.021875000000000002 0.03125
1 0.12812500000000002 0.529296875 0.026562500000000003 0.033203125
1 0.5710937500000001 0.646484375 0.065625 0.08203125
1 0.749609375 0.6689453125 0.02421875 0.033203125
1 0.7972656250000001 0.37548828125 0.02421875 0.0302734375
0 0.362890625 0.7626953125 0.057031250000000006 0.07421875
0 0.7078125000000001 0.1982421875 0.06406250000000001 0.076171875
0 0.6359375 0.80224609375 0.05625 0.0654296875
1 0.637890625 0.85205078125 0.02109375 0.0263671875
4 0.103515625 0.046875 0.07421875 0.08984375