0 0.4890625 0.44384765625 0.060937500000000006 0.0810546875
0 0.474609375 0.84716796875 0.07421875 0.0849609375
0 0.533203125 0.93017578125 0.06953125 0.0966796875
0 0.2265625 0.37744140625 0.0703125 0.0888671875
0 0.27734375 0.10693359375 0.060937500000000006 0.0751953125
4 0.43125 0.51123046875 0.046875 0.0576171875
4 0.37343750000000003 0.83837890625 0.07187500000000001 0.0849609375
1 0.31093750000000003 0.83642578125 0.026562500000000003 0.0302734375
4 0.558203125 0.78857421875 0.047656250000000004 0.0615234375
0 0.7484375000000001 0.775390625 0.0703125 0.091796875
4 0.927734375 0.87451171875 0.049218750000000006 0.0654296875
0 0.32929687500000004 0.74658203125 0.049218750000000006 0.0654296875
4 0.6703125000000001 0.83056640625 0.0734375 0.0986328125
4 0.554296875 0.24755859375 0.06015625 0.0771484375
4 0.642578125 0.37060546875 0.057031250000000006 0.0654296875