0 0.505859375 0.06591796875 0.10390625 0.1318359375
0 0.7230468750000001 0.66064453125 0.06796875000000001 0.0869140625
0 0.6273437500000001 0.837890625 0.0765625 0.09375
0 0.48671875000000003 0.92724609375 0.0734375 0.0888671875
0 0.813671875 0.685546875 0.06640625 0.107421875
0 0.8460937500000001 0.30712890625 0.06406250000000001 0.1005859375
0 0.343359375 0.29931640625 0.07734375 0.0947265625
0 0.35625 0.45458984375 0.08125 0.1103515625
0 0.6917968750000001 0.09912109375 0.05859375 0.0771484375
0 0.6472656250000001 0.33349609375 0.055468750000000004 0.0732421875
0 0.7464843750000001 0.30859375 0.06953125 0.087890625
0 0.55703125 0.29443359375 0.0578125 0.0693359375
0 0.39492187500000003 0.37109375 0.06015625 0.072265625
4 0.118359375 0.14697265625 0.057031250000000006 0.0654296875
4 0.6078125000000001 0.26611328125 0.053125000000000006 0.0576171875
4 0.62890625 0.14794921875 0.053125000000000006 0.0712890625
0 0.9703125 0.40673828125 0.05625 0.0751953125
0 0.958984375 0.4794921875 0.06171875 0.07421875
0 0.201953125 0.28857421875 0.05234375 0.0654296875
4 0.3796875 0.083984375 0.0625 0.06640625
0 0.8910156250000001 0.63525390625 0.06015625 0.0693359375
0 0.155078125 0.7060546875 0.05390625 0.0703125
0 0.029687500000000002 0.162109375 0.05625 0.078125
0 0.6890625 0.17529296875 0.053125000000000006 0.0693359375
0 0.41171875 0.2919921875 0.051562500000000004 0.0625
0 0.5164062500000001 0.19482421875 0.0546875 0.0615234375