0 0.7515625 0.29443359375 0.09843750000000001 0.1259765625
0 0.479296875 0.47021484375 0.09609375 0.1279296875
0 0.491015625 0.26025390625 0.07265625 0.0908203125
0 0.65234375 0.4384765625 0.0734375 0.08984375
0 0.9546875 0.4541015625 0.08750000000000001 0.111328125
0 0.8828125 0.44482421875 0.0578125 0.0732421875
0 0.148828125 0.6640625 0.08359375000000001 0.095703125
1 0.728125 0.6904296875 0.026562500000000003 0.037109375
1 0.9496093750000001 0.79638671875 0.02421875 0.0302734375
1 0.9578125000000001 0.82177734375 0.0234375 0.0302734375
1 0.562109375 0.7802734375 0.022656250000000003 0.03125
1 0.51015625 0.92236328125 0.025 0.0244140625
0 0.34492187500000004 0.8916015625 0.06484375 0.087890625
1 0.44296875 0.25 0.0171875 0.029296875
4 0.366015625 0.6943359375 0.06953125 0.083984375
1 0.6257812500000001 0.63623046875 0.021875000000000002 0.0224609375
1 0.476171875 0.767578125 0.02421875 0.0234375
1 0.55703125 0.55322265625 0.0234375 0.0263671875
0 0.7406250000000001 0.52294921875 0.07187500000000001 0.0888671875
4 0.83203125 0.54296875 0.0625 0.095703125
1 0.251953125 0.96533203125 0.025781250000000002 0.0302734375
1 0.30312500000000003 0.97802734375 0.0203125 0.0283203125
0 0.8250000000000001 0.841796875 0.060937500000000006 0.0703125
0 0.87109375 0.759765625 0.0703125 0.087890625
0 0.7234375000000001 0.12646484375 0.07187500000000001 0.0810546875
1 0.7292968750000001 0.06982421875 0.030468750000000003 0.0380859375