0 0.18515625000000002 0.1220703125 0.08750000000000001 0.107421875
0 0.9617187500000001 0.92138671875 0.07500000000000001 0.0986328125
0 0.5921875 0.60107421875 0.065625 0.0849609375
0 0.19062500000000002 0.599609375 0.060937500000000006 0.0859375
1 0.2515625 0.5751953125 0.029687500000000002 0.029296875
1 0.068359375 0.6376953125 0.02734375 0.029296875
0 0.031640625 0.90966796875 0.06171875 0.0791015625
0 0.626953125 0.0693359375 0.06640625 0.083984375
1 0.5574218750000001 0.08154296875 0.025781250000000002 0.0283203125
4 0.276953125 0.11865234375 0.04453125 0.0537109375
4 0.33437500000000003 0.56396484375 0.05625 0.0654296875
0 0.256640625 0.42138671875 0.06171875 0.0791015625
0 0.7515625 0.95166015625 0.078125 0.0849609375
1 0.139453125 0.8505859375 0.02109375 0.02734375
4 0.692578125 0.56689453125 0.04609375 0.0498046875
0 0.7839843750000001 0.84228515625 0.06171875 0.0771484375
0 0.534765625 0.88720703125 0.055468750000000004 0.0751953125
0 0.846875 0.75830078125 0.07187500000000001 0.0869140625
4 0.21835937500000002 0.96240234375 0.06484375 0.0732421875
0 0.13671875 0.90673828125 0.0578125 0.0693359375