0 0.117578125 0.318359375 0.09140625000000001 0.1171875
0 0.53359375 0.9111328125 0.07500000000000001 0.103515625
0 0.702734375 0.93115234375 0.06640625 0.0791015625
4 0.53515625 0.31884765625 0.060937500000000006 0.0693359375
1 0.45625000000000004 0.330078125 0.021875000000000002 0.02734375
1 0.27265625 0.390625 0.025 0.03125
0 0.794921875 0.35595703125 0.06328125 0.0869140625
4 0.42265625 0.72216796875 0.05625 0.0693359375
1 0.34414062500000003 0.60498046875 0.01953125 0.0244140625
0 0.465625 0.1748046875 0.059375000000000004 0.083984375
0 0.39492187500000003 0.35546875 0.06484375 0.083984375
0 0.194140625 0.08203125 0.05859375 0.078125
4 0.8988281250000001 0.3212890625 0.047656250000000004 0.0546875
0 0.5125000000000001 0.67041015625 0.06406250000000001 0.0810546875
0 0.234765625 0.662109375 0.07890625000000001 0.0859375
1 0.246875 0.7177734375 0.028125 0.03125
4 0.806640625 0.82373046875 0.06171875 0.0751953125