0 0.30781250000000004 0.42822265625 0.0625 0.0791015625
0 0.43281250000000004 0.2666015625 0.0625 0.080078125
0 0.4703125 0.77978515625 0.0703125 0.0849609375
0 0.675 0.74609375 0.0734375 0.09765625
0 0.7425781250000001 0.22802734375 0.07265625 0.1044921875
0 0.8757812500000001 0.5888671875 0.059375000000000004 0.078125
4 0.049218750000000006 0.3935546875 0.0546875 0.06640625
1 0.7898437500000001 0.58251953125 0.018750000000000003 0.0322265625
0 0.653515625 0.291015625 0.06484375 0.0859375
0 0.761328125 0.32568359375 0.05859375 0.0634765625
4 0.40625 0.39306640625 0.0484375 0.0517578125
0 0.10703125000000001 0.32177734375 0.051562500000000004 0.0712890625
0 0.5847656250000001 0.509765625 0.06484375 0.076171875
0 0.498828125 0.66796875 0.057031250000000006 0.078125
0 0.5417968750000001 0.7294921875 0.06015625 0.076171875
0 0.31796875 0.89501953125 0.0625 0.0712890625
0 0.2515625 0.71435546875 0.059375000000000004 0.0712890625
0 0.8753906250000001 0.41845703125 0.05078125 0.0595703125