0 0.63671875 0.5029296875 0.0703125 0.08984375
0 0.409765625 0.0830078125 0.08203125 0.109375
0 0.8621093750000001 0.06591796875 0.06953125 0.0791015625
0 0.829296875 0.193359375 0.06015625 0.08984375
1 0.75703125 0.88916015625 0.03125 0.0380859375
1 0.071484375 0.80712890625 0.022656250000000003 0.0302734375
1 0.23398437500000002 0.64453125 0.017968750000000002 0.021484375
0 0.31171875000000004 0.82080078125 0.0625 0.0810546875
0 0.45820312500000004 0.7431640625 0.08203125 0.103515625
0 0.5609375 0.42578125 0.0671875 0.078125
4 0.486328125 0.44921875 0.04609375 0.05859375
0 0.39140625 0.2236328125 0.0625 0.076171875
1 0.6742187500000001 0.2685546875 0.025 0.029296875
1 0.6878906250000001 0.1953125 0.022656250000000003 0.03125
1 0.581640625 0.640625 0.022656250000000003 0.025390625
0 0.882421875 0.29345703125 0.057031250000000006 0.0791015625
0 0.8875000000000001 0.1455078125 0.06406250000000001 0.0703125
4 0.32539062500000004 0.708984375 0.05859375 0.07421875
0 0.7921875 0.65380859375 0.059375000000000004 0.0712890625
1 0.377734375 0.43212890625 0.017968750000000002 0.0283203125
0 0.20859375000000002 0.58984375 0.0546875 0.06640625
0 0.733984375 0.0634765625 0.06484375 0.076171875
0 0.5109375 0.3056640625 0.0546875 0.068359375
0 0.7253906250000001 0.68994140625 0.05078125 0.0654296875
0 0.78828125 0.8408203125 0.06406250000000001 0.076171875
0 0.7757812500000001 0.9443359375 0.0578125 0.06640625
0 0.543359375 0.5234375 0.057031250000000006 0.068359375
0 0.921875 0.5322265625 0.05 0.064453125
0 0.633984375 0.62109375 0.047656250000000004 0.064453125
0 0.55859375 0.61767578125 0.045312500000000006 0.0654296875
0 0.18085937500000002 0.04296875 0.05234375 0.060546875
0 0.31484375000000003 0.0625 0.05625 0.064453125
1 0.6296875000000001 0.048828125 0.03125 0.03515625
0 0.6515625 0.09228515625 0.05625 0.0634765625
0 0.2890625 0.45556640625 0.0484375 0.0615234375
0 0.15234375 0.64501953125 0.05625 0.0810546875
0 0.233203125 0.80322265625 0.06015625 0.0771484375