0 0.3296875 0.8740234375 0.0859375 0.111328125
0 0.19101562500000002 0.6796875 0.06171875 0.083984375
0 0.401171875 0.23828125 0.09296875 0.1171875
4 0.5925781250000001 0.27880859375 0.06015625 0.0751953125
0 0.09453125000000001 0.42138671875 0.065625 0.0810546875
1 0.228515625 0.2900390625 0.02109375 0.02734375
1 0.05 0.44775390625 0.018750000000000003 0.0302734375
0 0.7484375000000001 0.17529296875 0.06406250000000001 0.0908203125
1 0.7464843750000001 0.5947265625 0.025781250000000002 0.03125
1 0.722265625 0.703125 0.01953125 0.025390625
0 0.8343750000000001 0.857421875 0.059375000000000004 0.07421875
0 0.9109375000000001 0.68798828125 0.0546875 0.0712890625
0 0.08554687500000001 0.14501953125 0.06484375 0.0888671875
0 0.511328125 0.22021484375 0.06015625 0.0654296875
1 0.3359375 0.6513671875 0.028125 0.033203125
0 0.508984375 0.291015625 0.05078125 0.064453125