0 0.36875 0.62548828125 0.0859375 0.1103515625
0 0.27968750000000003 0.5712890625 0.084375 0.1015625
3 0.5457031250000001 0.65234375 0.08828125 0.1015625
0 0.595703125 0.42578125 0.06171875 0.087890625
0 0.7308593750000001 0.42431640625 0.06796875000000001 0.0830078125
1 0.234765625 0.37939453125 0.025781250000000002 0.0283203125
1 0.37421875000000004 0.3505859375 0.028125 0.029296875
0 0.30078125 0.2978515625 0.060937500000000006 0.072265625
0 0.48515625 0.77734375 0.0671875 0.08203125
0 0.6527343750000001 0.7373046875 0.06484375 0.07421875
0 0.453125 0.68017578125 0.06406250000000001 0.0732421875
0 0.826171875 0.91845703125 0.05390625 0.0712890625
0 0.223046875 0.74853515625 0.06953125 0.0869140625