0 0.616796875 0.66943359375 0.07578125000000001 0.1025390625
0 0.27734375 0.46240234375 0.07187500000000001 0.0947265625
0 0.7296875 0.5595703125 0.06406250000000001 0.08203125
0 0.71796875 0.45751953125 0.06406250000000001 0.0771484375
4 0.76171875 0.28857421875 0.0484375 0.0654296875
0 0.38671875 0.857421875 0.0625 0.080078125
0 0.172265625 0.89892578125 0.07578125000000001 0.0869140625
1 0.703125 0.853515625 0.025 0.033203125
0 0.44609375 0.68408203125 0.0671875 0.0927734375
2 0.6039062500000001 0.0244140625 0.03125 0.033203125
0 0.5320312500000001 0.03271484375 0.0546875 0.0615234375
1 0.06992187500000001 0.1162109375 0.02421875 0.03125
0 0.35078125000000004 0.1689453125 0.053125000000000006 0.068359375
0 0.41250000000000003 0.0859375 0.053125000000000006 0.0625
0 0.80390625 0.1962890625 0.051562500000000004 0.06640625