4 0.50546875 0.8095703125 0.06406250000000001 0.0703125
4 0.7347656250000001 0.1015625 0.06171875 0.068359375
1 0.207421875 0.5927734375 0.02421875 0.029296875
1 0.1453125 0.3271484375 0.025 0.029296875
1 0.095703125 0.33984375 0.02890625 0.033203125
1 0.94296875 0.400390625 0.0203125 0.029296875
4 0.591015625 0.8544921875 0.06953125 0.076171875
1 0.43203125000000003 0.93603515625 0.026562500000000003 0.0283203125
4 0.546484375 0.74365234375 0.05078125 0.0654296875
1 0.580078125 0.9140625 0.02734375 0.03125
1 0.26796875000000003 0.35400390625 0.026562500000000003 0.0302734375
1 0.144921875 0.44384765625 0.02109375 0.0263671875
1 0.1015625 0.46826171875 0.021875000000000002 0.0302734375
4 0.49609375 0.49755859375 0.07187500000000001 0.0927734375
1 0.67890625 0.5654296875 0.021875000000000002 0.029296875
1 0.13046875 0.1796875 0.026562500000000003 0.03125
2 0.280859375 0.41162109375 0.025781250000000002 0.0341796875
1 0.62421875 0.9658203125 0.0234375 0.02734375
4 0.84140625 0.86865234375 0.0546875 0.0791015625
1 0.1703125 0.87451171875 0.029687500000000002 0.0439453125
3 0.42226562500000003 0.5283203125 0.08515625 0.10546875
1 0.571484375 0.06689453125 0.02421875 0.0419921875
2 0.7210937500000001 0.7763671875 0.026562500000000003 0.041015625
1 0.49609375 0.96044921875 0.0234375 0.0361328125
2 0.17343750000000002 0.7451171875 0.028125 0.041015625
2 0.062890625 0.7763671875 0.039843750000000004 0.041015625
2 0.11484375000000001 0.77734375 0.03125 0.04296875
2 0.037109375 0.48583984375 0.025781250000000002 0.0478515625
2 0.05859375 0.42919921875 0.029687500000000002 0.0361328125
2 0.02890625 0.24853515625 0.034375 0.0341796875
1 0.02109375 0.296875 0.028125 0.03515625
2 0.31328125 0.431640625 0.034375 0.041015625
1 0.6292968750000001 0.30615234375 0.025781250000000002 0.0302734375
2 0.6828125 0.9814453125 0.034375 0.03515625
1 0.9734375000000001 0.46240234375 0.025 0.0361328125
2 0.326953125 0.556640625 0.032031250000000004 0.04296875
1 0.5546875 0.52685546875 0.0234375 0.0302734375
2 0.4140625 0.1689453125 0.03125 0.041015625
1 0.09453125000000001 0.11376953125 0.03125 0.0380859375
2 0.9691406250000001 0.9404296875 0.025781250000000002 0.0390625
2 0.6109375 0.560546875 0.035937500000000004 0.0390625
1 0.1296875 0.50732421875 0.026562500000000003 0.0341796875
1 0.07109375 0.06494140625 0.028125 0.0361328125
1 0.65625 0.12353515625 0.025 0.0361328125
4 0.72578125 0.85400390625 0.0671875 0.0869140625
0 0.21640625000000002 0.2001953125 0.060937500000000006 0.0625
3 0.24609375 0.69091796875 0.05625 0.0830078125