2 0.511328125 0.158203125 0.02734375 0.029296875
2 0.495703125 0.123046875 0.02890625 0.04296875
1 0.246484375 0.32666015625 0.01953125 0.0341796875
1 0.25429687500000003 0.42578125 0.02109375 0.02734375
1 0.16640625 0.47509765625 0.0234375 0.0302734375
1 0.228515625 0.16259765625 0.02734375 0.0361328125
1 0.205078125 0.201171875 0.02734375 0.037109375
1 0.0890625 0.140625 0.026562500000000003 0.025390625
1 0.091796875 0.212890625 0.02421875 0.025390625
1 0.58828125 0.25634765625 0.0203125 0.0302734375
1 0.6683593750000001 0.1953125 0.025781250000000002 0.029296875
1 0.7015625000000001 0.166015625 0.0203125 0.025390625
1 0.9593750000000001 0.046875 0.026562500000000003 0.033203125
1 0.39140625 0.59228515625 0.026562500000000003 0.0244140625
1 0.346484375 0.53076171875 0.02109375 0.0263671875
2 0.520703125 0.61962890625 0.02421875 0.0341796875
4 0.536328125 0.55322265625 0.05078125 0.0693359375
4 0.6078125000000001 0.771484375 0.0546875 0.09375
4 0.494140625 0.85400390625 0.05078125 0.0712890625
4 0.47500000000000003 0.52783203125 0.0578125 0.0673828125
1 0.6687500000000001 0.802734375 0.0234375 0.03125
4 0.6214843750000001 0.5703125 0.05078125 0.068359375
1 0.166796875 0.7939453125 0.02890625 0.03515625
1 0.2015625 0.9111328125 0.029687500000000002 0.037109375
1 0.9765625 0.1103515625 0.029687500000000002 0.03125
1 0.633984375 0.01220703125 0.025781250000000002 0.0244140625
1 0.12421875 0.62158203125 0.0234375 0.0322265625
1 0.147265625 0.61279296875 0.02734375 0.0322265625