1 0.603515625 0.84033203125 0.02890625 0.0283203125
1 0.11093750000000001 0.46923828125 0.025 0.0283203125
1 0.09296875 0.6494140625 0.029687500000000002 0.02734375
2 0.24609375 0.49951171875 0.0234375 0.0302734375
1 0.15000000000000002 0.2216796875 0.026562500000000003 0.03125
1 0.288671875 0.3427734375 0.025781250000000002 0.02734375
4 0.346484375 0.52685546875 0.06953125 0.0732421875
1 0.7386718750000001 0.3642578125 0.02734375 0.03515625
1 0.61484375 0.1259765625 0.025 0.029296875
2 0.925 0.1015625 0.0328125 0.0390625
4 0.505859375 0.625 0.06484375 0.08203125
1 0.298046875 0.9541015625 0.02734375 0.03515625
0 0.641796875 0.431640625 0.05859375 0.06640625
4 0.054296875 0.86376953125 0.05390625 0.0732421875
0 0.484375 0.2333984375 0.0671875 0.06640625
2 0.9015625 0.88720703125 0.028125 0.0400390625
2 0.582421875 0.6435546875 0.030468750000000003 0.03515625