4 0.3015625 0.4453125 0.053125000000000006 0.06640625
4 0.236328125 0.3759765625 0.05390625 0.068359375
1 0.224609375 0.244140625 0.02734375 0.025390625
1 0.25078125 0.275390625 0.0203125 0.029296875
1 0.575390625 0.06640625 0.02421875 0.03125
1 0.4625 0.5068359375 0.0203125 0.025390625
1 0.5027343750000001 0.3779296875 0.025781250000000002 0.025390625
0 0.53828125 0.31201171875 0.060937500000000006 0.0615234375
1 0.1484375 0.0537109375 0.028125 0.03515625
1 0.547265625 0.91796875 0.025781250000000002 0.03515625
1 0.605078125 0.89794921875 0.02421875 0.0302734375
4 0.19101562500000002 0.52392578125 0.06015625 0.0712890625
1 0.751171875 0.615234375 0.02734375 0.03125
1 0.915625 0.25732421875 0.021875000000000002 0.0302734375
1 0.6335937500000001 0.7685546875 0.025 0.03125
2 0.6296875000000001 0.2177734375 0.0328125 0.037109375
1 0.9753906250000001 0.68994140625 0.02734375 0.0302734375