3 0.848828125 0.16455078125 0.07421875 0.1025390625
1 0.62265625 0.1689453125 0.025 0.029296875
1 0.6531250000000001 0.09375 0.025 0.029296875
4 0.8148437500000001 0.7373046875 0.045312500000000006 0.060546875
1 0.611328125 0.75341796875 0.022656250000000003 0.0283203125
1 0.63203125 0.62939453125 0.026562500000000003 0.0283203125
1 0.38671875 0.77685546875 0.025 0.0302734375
1 0.304296875 0.884765625 0.022656250000000003 0.02734375
0 0.06171875 0.46044921875 0.06875 0.0869140625
1 0.403125 0.6494140625 0.0234375 0.02734375
1 0.284375 0.58935546875 0.0234375 0.0302734375
1 0.12265625000000001 0.67138671875 0.021875000000000002 0.0283203125
0 0.8757812500000001 0.83837890625 0.0546875 0.0654296875
1 0.46132812500000003 0.044921875 0.02109375 0.02734375
0 0.723828125 0.4150390625 0.05234375 0.0703125
1 0.926953125 0.8330078125 0.022656250000000003 0.037109375
1 0.16015625 0.4755859375 0.0234375 0.03515625
2 0.014453125 0.76708984375 0.02890625 0.0439453125
1 0.27109375 0.9814453125 0.03125 0.033203125
1 0.409765625 0.2451171875 0.030468750000000003 0.03515625
1 0.721875 0.8173828125 0.029687500000000002 0.03125