0 0.513671875 0.50048828125 0.049218750000000006 0.0654296875
1 0.8148437500000001 0.85205078125 0.0234375 0.0283203125
1 0.8890625000000001 0.8857421875 0.025 0.029296875
1 0.9015625 0.60595703125 0.026562500000000003 0.0302734375
1 0.8816406250000001 0.51953125 0.02421875 0.03125
2 0.7464843750000001 0.5419921875 0.025781250000000002 0.033203125
2 0.8519531250000001 0.44775390625 0.02734375 0.0361328125
4 0.585546875 0.0615234375 0.04453125 0.06640625
1 0.451171875 0.28857421875 0.01953125 0.0263671875
2 0.41718750000000004 0.2001953125 0.028125 0.029296875
1 0.04609375 0.3291015625 0.025 0.03125
4 0.223046875 0.74267578125 0.06171875 0.0771484375
4 0.377734375 0.51513671875 0.04609375 0.0791015625
1 0.571484375 0.4765625 0.01953125 0.029296875
1 0.6238281250000001 0.49658203125 0.02421875 0.0322265625
0 0.6351562500000001 0.70849609375 0.05625 0.0595703125
0 0.448828125 0.56494140625 0.05390625 0.0654296875
0 0.659765625 0.63427734375 0.05078125 0.0654296875
2 0.0578125 0.1005859375 0.034375 0.048828125
1 0.900390625 0.0771484375 0.032031250000000004 0.04296875
1 0.9480468750000001 0.20947265625 0.032031250000000004 0.0458984375
1 0.667578125 0.328125 0.03515625 0.04296875
2 0.27109375 0.03271484375 0.034375 0.0341796875
1 0.070703125 0.18212890625 0.02734375 0.0361328125
2 0.082421875 0.7900390625 0.02734375 0.037109375
2 0.29726562500000003 0.62646484375 0.032031250000000004 0.0400390625
2 0.353515625 0.63818359375 0.032031250000000004 0.0341796875
1 0.81015625 0.9697265625 0.0234375 0.03515625