1 0.51875 0.62451171875 0.025 0.0302734375
1 0.38398437500000004 0.830078125 0.022656250000000003 0.025390625
1 0.14453125 0.361328125 0.0234375 0.029296875
1 0.12617187500000002 0.244140625 0.02109375 0.02734375
1 0.067578125 0.35693359375 0.02421875 0.0302734375
1 0.2578125 0.1484375 0.028125 0.02734375
4 0.886328125 0.3232421875 0.05234375 0.0625
4 0.60078125 0.43212890625 0.05625 0.0732421875
4 0.83125 0.25244140625 0.06406250000000001 0.0732421875
1 0.733984375 0.72705078125 0.02109375 0.0283203125
1 0.7019531250000001 0.884765625 0.02109375 0.029296875
1 0.650390625 0.8916015625 0.02109375 0.029296875
1 0.8671875 0.4248046875 0.0234375 0.02734375
0 0.8914062500000001 0.2431640625 0.051562500000000004 0.0703125
0 0.496875 0.2783203125 0.046875 0.05859375
0 0.351171875 0.4169921875 0.06171875 0.0625
0 0.642578125 0.27587890625 0.05859375 0.0654296875
2 0.34882812500000004 0.52099609375 0.03359375 0.0380859375
1 0.531640625 0.88720703125 0.02890625 0.0341796875
1 0.10390625 0.84619140625 0.03125 0.0380859375
1 0.8140625 0.81884765625 0.026562500000000003 0.0322265625
2 0.887890625 0.521484375 0.02734375 0.037109375
1 0.8523437500000001 0.5556640625 0.025 0.029296875
1 0.384375 0.93359375 0.03125 0.044921875
1 0.5925781250000001 0.81201171875 0.025781250000000002 0.0361328125