1 0.7703125000000001 0.51318359375 0.0203125 0.0283203125
1 0.675390625 0.5771484375 0.02421875 0.02734375
1 0.45351562500000003 0.83349609375 0.02734375 0.0341796875
1 0.498046875 0.74169921875 0.025781250000000002 0.0302734375
1 0.32421875 0.7109375 0.025 0.02734375
1 0.20703125 0.619140625 0.025 0.02734375
1 0.22031250000000002 0.53955078125 0.025 0.0302734375
1 0.193359375 0.35107421875 0.022656250000000003 0.0302734375
1 0.22734375 0.4951171875 0.028125 0.029296875
1 0.08281250000000001 0.66552734375 0.028125 0.0322265625
1 0.23828125 0.73681640625 0.025 0.0302734375
2 0.280078125 0.23486328125 0.030468750000000003 0.0302734375
2 0.28515625 0.408203125 0.029687500000000002 0.04296875
1 0.480078125 0.96240234375 0.02734375 0.0322265625
0 0.393359375 0.271484375 0.05234375 0.07421875
4 0.460546875 0.45947265625 0.057031250000000006 0.0751953125
0 0.41523437500000004 0.34619140625 0.05234375 0.0673828125
1 0.65546875 0.09619140625 0.025 0.0322265625
1 0.54296875 0.1025390625 0.0234375 0.02734375
1 0.5 0.111328125 0.025 0.029296875
1 0.7855468750000001 0.412109375 0.025781250000000002 0.03125
1 0.8679687500000001 0.06787109375 0.025 0.0322265625
2 0.478125 0.62451171875 0.0234375 0.0380859375
2 0.85703125 0.8271484375 0.035937500000000004 0.041015625
1 0.8828125 0.60986328125 0.028125 0.0458984375
1 0.7699218750000001 0.59423828125 0.02734375 0.0361328125
2 0.525 0.37841796875 0.037500000000000006 0.0419921875
1 0.933203125 0.37451171875 0.02109375 0.0380859375
1 0.983984375 0.44140625 0.025781250000000002 0.03515625
1 0.552734375 0.48779296875 0.030468750000000003 0.0322265625
1 0.137109375 0.90673828125 0.02734375 0.0361328125
1 0.21796875000000002 0.20458984375 0.029687500000000002 0.0380859375
1 0.130859375 0.27294921875 0.025781250000000002 0.0341796875
1 0.39570312500000004 0.03857421875 0.032031250000000004 0.0361328125
1 0.6953125 0.75048828125 0.03125 0.0341796875
0 0.3453125 0.25146484375 0.0546875 0.0732421875
2 0.300390625 0.322265625 0.02890625 0.041015625
0 0.440234375 0.28662109375 0.039843750000000004 0.0595703125