0 0.675390625 0.3642578125 0.07109375 0.087890625
1 0.8324218750000001 0.634765625 0.02109375 0.037109375
2 0.775 0.64794921875 0.026562500000000003 0.0341796875
1 0.640625 0.75048828125 0.0234375 0.0263671875
1 0.7386718750000001 0.7255859375 0.02890625 0.03125
0 0.503515625 0.5927734375 0.05234375 0.06640625
1 0.278125 0.7060546875 0.0234375 0.03125
4 0.7046875 0.44921875 0.05625 0.06640625
1 0.8546875 0.751953125 0.025 0.03515625
1 0.31953125000000004 0.17626953125 0.028125 0.0322265625
0 0.8078125 0.29150390625 0.051562500000000004 0.0576171875
1 0.519140625 0.0986328125 0.02421875 0.03125
1 0.490234375 0.26025390625 0.022656250000000003 0.0283203125
0 0.562109375 0.5107421875 0.06328125 0.07421875
0 0.30195312500000004 0.90966796875 0.05078125 0.0537109375
1 0.208984375 0.3115234375 0.022656250000000003 0.03125
0 0.591015625 0.30419921875 0.05234375 0.0712890625
0 0.491015625 0.71826171875 0.05078125 0.0771484375
1 0.52734375 0.82666015625 0.029687500000000002 0.0361328125
1 0.555859375 0.962890625 0.02890625 0.04296875
1 0.18515625000000002 0.87841796875 0.026562500000000003 0.0341796875
1 0.058203125 0.90283203125 0.02890625 0.0380859375
1 0.102734375 0.56005859375 0.030468750000000003 0.0380859375
0 0.886328125 0.287109375 0.04453125 0.048828125
1 0.6277343750000001 0.82958984375 0.025781250000000002 0.0361328125
2 0.491015625 0.47216796875 0.032031250000000004 0.0380859375
1 0.41250000000000003 0.02880859375 0.0328125 0.0419921875
2 0.071484375 0.64013671875 0.032031250000000004 0.0380859375