0 0.52578125 0.14501953125 0.060937500000000006 0.0673828125
1 0.6316406250000001 0.42333984375 0.030468750000000003 0.0302734375
2 0.59296875 0.5390625 0.0328125 0.0390625
2 0.566796875 0.56005859375 0.03359375 0.0361328125
1 0.5007812500000001 0.6826171875 0.026562500000000003 0.03515625
2 0.41718750000000004 0.96337890625 0.029687500000000002 0.0361328125
1 0.46953125 0.59375 0.028125 0.03125
1 0.20664062500000002 0.35302734375 0.02734375 0.0263671875
0 0.6882812500000001 0.33447265625 0.051562500000000004 0.0654296875
2 0.9441406250000001 0.37353515625 0.02890625 0.0419921875
0 0.57578125 0.30322265625 0.065625 0.0712890625
4 0.896484375 0.2509765625 0.039843750000000004 0.060546875
0 0.024609375000000003 0.91796875 0.039843750000000004 0.052734375
2 0.770703125 0.53466796875 0.030468750000000003 0.0400390625
2 0.21796875000000002 0.82861328125 0.035937500000000004 0.0419921875
1 0.148828125 0.34716796875 0.03828125 0.0361328125
1 0.10507812500000001 0.310546875 0.032031250000000004 0.04296875
1 0.027734375000000002 0.482421875 0.032031250000000004 0.044921875
1 0.58359375 0.0869140625 0.03125 0.041015625
1 0.981640625 0.83837890625 0.030468750000000003 0.0361328125
1 0.323828125 0.6005859375 0.030468750000000003 0.041015625
2 0.25625000000000003 0.59326171875 0.037500000000000006 0.0419921875
1 0.12578125 0.92529296875 0.03125 0.0361328125
1 0.17578125 0.97314453125 0.029687500000000002 0.0380859375
1 0.035546875 0.650390625 0.030468750000000003 0.037109375
1 0.15742187500000002 0.09814453125 0.02890625 0.0361328125
1 0.819921875 0.49267578125 0.032031250000000004 0.0380859375
2 0.468359375 0.40673828125 0.02890625 0.0400390625
1 0.536328125 0.90087890625 0.032031250000000004 0.0361328125
1 0.32539062500000004 0.97216796875 0.032031250000000004 0.0400390625
1 0.501171875 0.82958984375 0.030468750000000003 0.0419921875
1 0.97578125 0.90380859375 0.028125 0.0361328125
1 0.73359375 0.2783203125 0.029687500000000002 0.04296875
2 0.9281250000000001 0.302734375 0.034375 0.03515625
1 0.38398437500000004 0.39404296875 0.02890625 0.0341796875
1 0.515234375 0.4306640625 0.02734375 0.0390625