0 0.7718750000000001 0.71728515625 0.0546875 0.0732421875
1 0.6472656250000001 0.6416015625 0.02421875 0.03125
1 0.700390625 0.548828125 0.030468750000000003 0.037109375
1 0.4578125 0.50341796875 0.026562500000000003 0.0302734375
1 0.530859375 0.4208984375 0.02421875 0.03515625
2 0.49843750000000003 0.12548828125 0.029687500000000002 0.0302734375
2 0.623046875 0.08154296875 0.02734375 0.0361328125
1 0.9710937500000001 0.56591796875 0.021875000000000002 0.0341796875
0 0.68515625 0.720703125 0.0546875 0.0703125
0 0.892578125 0.1650390625 0.06328125 0.080078125
1 0.571875 0.265625 0.026562500000000003 0.029296875
2 0.42226562500000003 0.41064453125 0.02890625 0.0400390625
1 0.040234375 0.5087890625 0.025781250000000002 0.03125
0 0.33828125000000003 0.541015625 0.051562500000000004 0.0625
2 0.369921875 0.7470703125 0.032031250000000004 0.044921875
2 0.47187500000000004 0.78271484375 0.029687500000000002 0.0419921875
1 0.260546875 0.27197265625 0.030468750000000003 0.0419921875
1 0.534375 0.2041015625 0.034375 0.033203125
0 0.421875 0.9130859375 0.0625 0.078125
1 0.4265625 0.56884765625 0.028125 0.0322265625
2 0.790625 0.25 0.03125 0.037109375
0 0.08750000000000001 0.8251953125 0.078125 0.080078125
1 0.08281250000000001 0.90771484375 0.03125 0.0400390625
1 0.034375 0.87255859375 0.029687500000000002 0.0341796875
1 0.225390625 0.76708984375 0.030468750000000003 0.0341796875
1 0.063671875 0.40625 0.02890625 0.037109375
1 0.38671875 0.26171875 0.026562500000000003 0.03515625
1 0.73984375 0.8681640625 0.025 0.0390625
1 0.929296875 0.71337890625 0.032031250000000004 0.0341796875
1 0.6746093750000001 0.25927734375 0.02890625 0.0361328125
1 0.33632812500000003 0.9501953125 0.02421875 0.0390625
1 0.330078125 0.35888671875 0.02421875 0.0400390625
1 0.48164062500000004 0.0185546875 0.032031250000000004 0.037109375
2 0.49335937500000004 0.078125 0.03359375 0.0390625
1 0.6003906250000001 0.7900390625 0.025781250000000002 0.037109375
1 0.8656250000000001 0.90771484375 0.029687500000000002 0.0380859375