0 0.7332031250000001 0.19580078125 0.09921875000000001 0.1220703125
0 0.035937500000000004 0.626953125 0.05625 0.068359375
1 0.10859375 0.47802734375 0.026562500000000003 0.0341796875
1 0.14765625000000002 0.2763671875 0.021875000000000002 0.033203125
2 0.061328125000000004 0.36279296875 0.02890625 0.0361328125
0 0.8128906250000001 0.05615234375 0.07421875 0.0869140625
1 0.36484375 0.3291015625 0.0203125 0.029296875
4 0.48554687500000004 0.1923828125 0.04453125 0.056640625
4 0.537109375 0.16650390625 0.06328125 0.0830078125
0 0.385546875 0.80322265625 0.057031250000000006 0.0810546875
4 0.5390625 0.52001953125 0.045312500000000006 0.0693359375
1 0.34023437500000003 0.24365234375 0.02890625 0.0361328125
4 0.27382812500000003 0.53662109375 0.05390625 0.0595703125
1 0.166796875 0.34326171875 0.030468750000000003 0.0361328125
1 0.7839843750000001 0.2734375 0.025781250000000002 0.029296875
0 0.062890625 0.11328125 0.04609375 0.05859375
0 0.123046875 0.85693359375 0.06484375 0.0830078125
0 0.08164062500000001 0.17236328125 0.05390625 0.0576171875
2 0.5625 0.75146484375 0.037500000000000006 0.0419921875
0 0.619140625 0.72802734375 0.05859375 0.0751953125
0 0.523828125 0.86767578125 0.06640625 0.0810546875
1 0.958203125 0.87744140625 0.032031250000000004 0.0439453125
1 0.79453125 0.84130859375 0.03125 0.0341796875
1 0.708984375 0.7509765625 0.02421875 0.033203125