0 0.270703125 0.13818359375 0.10859375 0.1259765625
1 0.326953125 0.33349609375 0.022656250000000003 0.0380859375
1 0.415625 0.29345703125 0.026562500000000003 0.0322265625
1 0.4703125 0.25439453125 0.028125 0.0361328125
1 0.48515625 0.20458984375 0.026562500000000003 0.0380859375
1 0.56484375 0.232421875 0.029687500000000002 0.03125
0 0.947265625 0.083984375 0.05390625 0.078125
4 0.45351562500000003 0.8916015625 0.049218750000000006 0.072265625
4 0.43085937500000004 0.4658203125 0.047656250000000004 0.05859375
0 0.8828125 0.3154296875 0.05625 0.080078125
1 0.7984375 0.173828125 0.025 0.03125
1 0.6015625 0.18505859375 0.025 0.0322265625
0 0.89375 0.90283203125 0.060937500000000006 0.0751953125
1 0.828125 0.90283203125 0.025 0.0322265625
4 0.25546875 0.79296875 0.053125000000000006 0.0703125
1 0.769140625 0.53955078125 0.025781250000000002 0.0302734375
4 0.41523437500000004 0.72265625 0.04453125 0.05859375
0 0.091015625 0.63818359375 0.05234375 0.0693359375
1 0.546875 0.4638671875 0.025 0.033203125
1 0.584375 0.5263671875 0.028125 0.03125
1 0.428515625 0.57421875 0.030468750000000003 0.03515625
2 0.909375 0.5712890625 0.028125 0.033203125
1 0.619140625 0.4541015625 0.02734375 0.033203125
1 0.511328125 0.05615234375 0.032031250000000004 0.0341796875
1 0.117578125 0.7392578125 0.02890625 0.03515625
0 0.9734375000000001 0.1962890625 0.051562500000000004 0.072265625
1 0.7464843750000001 0.0380859375 0.02890625 0.03515625
1 0.68359375 0.13037109375 0.0234375 0.0361328125
0 0.690625 0.1748046875 0.043750000000000004 0.060546875
1 0.7203125 0.6455078125 0.026562500000000003 0.029296875