0 0.596875 0.53466796875 0.09062500000000001 0.1220703125
4 0.45546875000000003 0.36865234375 0.0421875 0.0517578125
1 0.7445312500000001 0.61865234375 0.028125 0.0361328125
4 0.255078125 0.81298828125 0.049218750000000006 0.0556640625
0 0.6898437500000001 0.22802734375 0.060937500000000006 0.0732421875
1 0.483984375 0.650390625 0.02734375 0.037109375
1 0.08554687500000001 0.30859375 0.02734375 0.0390625
4 0.40273437500000003 0.50048828125 0.049218750000000006 0.0595703125
1 0.692578125 0.30859375 0.02421875 0.03125
0 0.27265625 0.208984375 0.06406250000000001 0.07421875
1 0.366015625 0.12646484375 0.02734375 0.0322265625
1 0.9453125 0.06298828125 0.03125 0.0361328125
4 0.51328125 0.25634765625 0.05 0.0576171875
0 0.8562500000000001 0.13134765625 0.05625 0.0693359375
1 0.9476562500000001 0.18896484375 0.025 0.0322265625
0 0.759765625 0.2470703125 0.049218750000000006 0.060546875
1 0.83203125 0.5166015625 0.028125 0.02734375
4 0.86640625 0.82275390625 0.053125000000000006 0.0712890625
0 0.23789062500000002 0.5439453125 0.05078125 0.0703125
2 0.22265625 0.15966796875 0.029687500000000002 0.0380859375
1 0.017968750000000002 0.0439453125 0.026562500000000003 0.033203125
2 0.827734375 0.375 0.032031250000000004 0.0390625
1 0.93515625 0.2578125 0.021875000000000002 0.029296875
0 0.478515625 0.16796875 0.04609375 0.05859375
1 0.597265625 0.376953125 0.022656250000000003 0.0390625