0 0.49375 0.56103515625 0.20625000000000002 0.2607421875
0 0.7972656250000001 0.80322265625 0.057031250000000006 0.0693359375
1 0.18046875 0.2783203125 0.029687500000000002 0.033203125
1 0.6414062500000001 0.61865234375 0.025 0.0361328125
0 0.37578125 0.77685546875 0.0546875 0.0732421875
4 0.8816406250000001 0.80859375 0.041406250000000006 0.068359375
4 0.46523437500000003 0.1494140625 0.03828125 0.056640625
4 0.505859375 0.1318359375 0.04453125 0.056640625
1 0.533203125 0.8857421875 0.02890625 0.037109375
1 0.33359375 0.50927734375 0.0234375 0.0302734375
2 0.365234375 0.08154296875 0.025781250000000002 0.0322265625
1 0.040625 0.80078125 0.021875000000000002 0.02734375
0 0.478515625 0.93408203125 0.04453125 0.0673828125
1 0.7859375000000001 0.88916015625 0.028125 0.0302734375
1 0.649609375 0.84521484375 0.02734375 0.0380859375
0 0.47109375000000003 0.73388671875 0.07187500000000001 0.0888671875
1 0.01953125 0.4404296875 0.028125 0.03515625
1 0.6082031250000001 0.458984375 0.025781250000000002 0.03515625