0 0.164453125 0.53173828125 0.08515625 0.0927734375
0 0.734375 0.75634765625 0.1421875 0.1767578125
4 0.628515625 0.35791015625 0.05234375 0.0771484375
1 0.727734375 0.3740234375 0.025781250000000002 0.029296875
1 0.630078125 0.45654296875 0.025781250000000002 0.0361328125
1 0.34453125 0.81396484375 0.026562500000000003 0.0322265625
4 0.27968750000000003 0.1220703125 0.0546875 0.064453125
0 0.15351562500000002 0.33349609375 0.047656250000000004 0.0615234375
1 0.215234375 0.79736328125 0.030468750000000003 0.0361328125
1 0.44765625000000003 0.39794921875 0.025 0.0283203125
4 0.487890625 0.43212890625 0.047656250000000004 0.0673828125
0 0.03125 0.06494140625 0.05625 0.0771484375
1 0.5964843750000001 0.2705078125 0.02421875 0.029296875
1 0.703125 0.1416015625 0.025 0.02734375
1 0.376953125 0.04541015625 0.032031250000000004 0.0283203125
1 0.3609375 0.1181640625 0.025 0.033203125
4 0.203125 0.42431640625 0.046875 0.0595703125
1 0.095703125 0.18212890625 0.030468750000000003 0.0322265625
2 0.571484375 0.40673828125 0.02890625 0.0361328125
4 0.9695312500000001 0.49755859375 0.0484375 0.0615234375
4 0.8367187500000001 0.88330078125 0.0421875 0.0498046875
1 0.579296875 0.619140625 0.030468750000000003 0.033203125
4 0.5796875 0.8994140625 0.059375000000000004 0.080078125
0 0.2484375 0.94677734375 0.053125000000000006 0.0615234375
4 0.76171875 0.091796875 0.06875 0.08984375
1 0.0546875 0.3193359375 0.028125 0.037109375
1 0.10390625 0.78125 0.028125 0.0390625
1 0.046484375 0.7626953125 0.02734375 0.029296875
0 0.6843750000000001 0.89697265625 0.053125000000000006 0.0673828125
1 0.916015625 0.49072265625 0.022656250000000003 0.0322265625
1 0.118359375 0.2265625 0.025781250000000002 0.033203125