0 0.74765625 0.82177734375 0.045312500000000006 0.0615234375
0 0.64609375 0.75048828125 0.0578125 0.0712890625
1 0.7429687500000001 0.66650390625 0.0203125 0.0380859375
1 0.6960937500000001 0.59765625 0.0203125 0.02734375
4 0.79453125 0.48486328125 0.0765625 0.0927734375
1 0.3171875 0.2294921875 0.025 0.033203125
1 0.342578125 0.28857421875 0.02890625 0.0361328125
4 0.4 0.6357421875 0.0578125 0.072265625
1 0.10898437500000001 0.4287109375 0.025781250000000002 0.03515625
0 0.80078125 0.16064453125 0.0546875 0.0654296875
4 0.45351562500000003 0.43212890625 0.06953125 0.0771484375
0 0.5828125000000001 0.66796875 0.059375000000000004 0.07421875
1 0.48945312500000004 0.86083984375 0.025781250000000002 0.0341796875
1 0.9496093750000001 0.4638671875 0.03359375 0.03125
1 0.8953125000000001 0.248046875 0.028125 0.03125
1 0.9148437500000001 0.046875 0.025 0.033203125
2 0.805859375 0.029296875 0.03359375 0.037109375
4 0.628515625 0.14306640625 0.06640625 0.0693359375
1 0.22265625 0.17578125 0.028125 0.03515625
1 0.06640625 0.13623046875 0.029687500000000002 0.0380859375
1 0.08828125 0.064453125 0.029687500000000002 0.037109375
1 0.10507812500000001 0.32080078125 0.02890625 0.0283203125
1 0.24570312500000002 0.09619140625 0.025781250000000002 0.0302734375
1 0.23398437500000002 0.4384765625 0.025781250000000002 0.037109375
1 0.38125000000000003 0.7265625 0.026562500000000003 0.03515625
1 0.5437500000000001 0.37646484375 0.0234375 0.0322265625
1 0.80234375 0.36083984375 0.025 0.0322265625