0 0.259765625 0.470703125 0.14140625 0.173828125
4 0.8054687500000001 0.50146484375 0.059375000000000004 0.0673828125
4 0.508984375 0.05712890625 0.04296875 0.0576171875
1 0.5261718750000001 0.54931640625 0.02734375 0.0322265625
2 0.43359375 0.45361328125 0.03125 0.0400390625
1 0.696484375 0.0927734375 0.02109375 0.02734375
1 0.7820312500000001 0.1328125 0.0234375 0.029296875
4 0.13515625 0.56591796875 0.037500000000000006 0.0537109375
1 0.38203125000000004 0.357421875 0.0203125 0.02734375
0 0.8968750000000001 0.79833984375 0.0484375 0.0634765625
1 0.433203125 0.3837890625 0.025781250000000002 0.03125
2 0.35664062500000004 0.55078125 0.030468750000000003 0.03125
0 0.13671875 0.0927734375 0.05625 0.06640625
1 0.217578125 0.0302734375 0.030468750000000003 0.03515625
1 0.620703125 0.21240234375 0.032031250000000004 0.0322265625
1 0.59140625 0.68310546875 0.026562500000000003 0.0302734375
1 0.189453125 0.21240234375 0.025781250000000002 0.0263671875
4 0.19609375 0.2578125 0.045312500000000006 0.0625
1 0.987890625 0.78515625 0.022656250000000003 0.037109375
1 0.8132812500000001 0.169921875 0.025 0.029296875
1 0.6015625 0.8173828125 0.028125 0.03125
0 0.66328125 0.455078125 0.045312500000000006 0.05078125
1 0.95234375 0.5244140625 0.025 0.03515625
1 0.4109375 0.06396484375 0.028125 0.0380859375
0 0.321875 0.04541015625 0.0546875 0.0595703125
0 0.144140625 0.78076171875 0.05390625 0.0693359375
1 0.64375 0.89599609375 0.025 0.0283203125
1 0.8792968750000001 0.0244140625 0.02734375 0.029296875
1 0.69296875 0.3935546875 0.029687500000000002 0.033203125