0 0.5437500000000001 0.64208984375 0.09843750000000001 0.1201171875
0 0.563671875 0.82666015625 0.07109375 0.0927734375
0 0.38593750000000004 0.20849609375 0.059375000000000004 0.0732421875
1 0.806640625 0.5341796875 0.02109375 0.03125
1 0.623046875 0.5068359375 0.02421875 0.03125
1 0.6765625000000001 0.9228515625 0.028125 0.029296875
1 0.27187500000000003 0.56787109375 0.03125 0.0283203125
2 0.637890625 0.39501953125 0.02734375 0.0361328125
1 0.869140625 0.32421875 0.025781250000000002 0.03125
0 0.7996093750000001 0.943359375 0.05390625 0.068359375
1 0.8890625000000001 0.0693359375 0.028125 0.029296875
1 0.270703125 0.2021484375 0.02734375 0.03515625
0 0.34218750000000003 0.78857421875 0.060937500000000006 0.0595703125