0 0.4078125 0.7548828125 0.09062500000000001 0.111328125
4 0.5847656250000001 0.6015625 0.055468750000000004 0.076171875
0 0.3953125 0.10498046875 0.06406250000000001 0.0712890625
2 0.828125 0.46923828125 0.026562500000000003 0.0380859375
1 0.46328125000000003 0.45068359375 0.018750000000000003 0.0244140625
1 0.19257812500000002 0.67431640625 0.025781250000000002 0.0302734375
4 0.7890625 0.49267578125 0.05 0.0537109375
1 0.759375 0.9697265625 0.026562500000000003 0.03125
1 0.583984375 0.80224609375 0.025781250000000002 0.0283203125
4 0.6449218750000001 0.9541015625 0.05078125 0.06640625
0 0.2484375 0.865234375 0.05625 0.068359375
1 0.355078125 0.64599609375 0.025781250000000002 0.0341796875
1 0.796875 0.6689453125 0.029687500000000002 0.033203125
1 0.6449218750000001 0.833984375 0.02734375 0.03125
0 0.319140625 0.19091796875 0.04609375 0.0556640625
0 0.27187500000000003 0.3642578125 0.065625 0.0625
1 0.055859375 0.60791015625 0.02890625 0.0322265625
1 0.508984375 0.83544921875 0.02734375 0.0400390625
1 0.8308593750000001 0.80859375 0.025781250000000002 0.03125
0 0.56484375 0.35986328125 0.05625 0.0654296875
1 0.6531250000000001 0.47265625 0.029687500000000002 0.037109375
1 0.6785156250000001 0.3115234375 0.030468750000000003 0.029296875