0 0.42226562500000003 0.60498046875 0.11171875 0.1435546875
4 0.370703125 0.84228515625 0.06015625 0.0693359375
0 0.58046875 0.60009765625 0.053125000000000006 0.0634765625
1 0.8285156250000001 0.77001953125 0.022656250000000003 0.0341796875
1 0.8949218750000001 0.25830078125 0.030468750000000003 0.0361328125
4 0.475390625 0.3623046875 0.057031250000000006 0.08203125
1 0.1390625 0.283203125 0.0234375 0.02734375
0 0.6468750000000001 0.61767578125 0.0625 0.0634765625
1 0.326171875 0.5966796875 0.025781250000000002 0.033203125
4 0.55390625 0.80712890625 0.043750000000000004 0.0849609375
4 0.278125 0.80224609375 0.053125000000000006 0.0712890625
4 0.8382812500000001 0.62646484375 0.045312500000000006 0.0693359375
2 0.8246093750000001 0.68896484375 0.030468750000000003 0.0361328125
1 0.11875000000000001 0.36572265625 0.0203125 0.0341796875
1 0.094921875 0.42626953125 0.02734375 0.0341796875
1 0.0734375 0.65087890625 0.03125 0.0380859375
1 0.706640625 0.048828125 0.030468750000000003 0.037109375
0 0.796875 0.2734375 0.0578125 0.072265625
1 0.75546875 0.29052734375 0.026562500000000003 0.0361328125
1 0.857421875 0.10498046875 0.02890625 0.0361328125
1 0.7292968750000001 0.1005859375 0.030468750000000003 0.033203125
1 0.51328125 0.21044921875 0.028125 0.0341796875
4 0.883984375 0.64501953125 0.047656250000000004 0.0888671875
1 0.977734375 0.3828125 0.022656250000000003 0.03125
1 0.687109375 0.5029296875 0.030468750000000003 0.03125
0 0.041796875000000004 0.81201171875 0.047656250000000004 0.0693359375
1 0.166015625 0.89208984375 0.02734375 0.0302734375