3 0.865234375 0.27490234375 0.10078125 0.1103515625
0 0.86875 0.74267578125 0.0625 0.0908203125
1 0.81015625 0.814453125 0.0203125 0.033203125
0 0.51953125 0.548828125 0.0765625 0.095703125
1 0.595703125 0.0458984375 0.02421875 0.029296875
0 0.581640625 0.47119140625 0.04453125 0.0712890625
0 0.598828125 0.396484375 0.05078125 0.0625
1 0.234375 0.771484375 0.026562500000000003 0.03125
1 0.114453125 0.66650390625 0.03359375 0.0400390625
0 0.060937500000000006 0.0673828125 0.0671875 0.08203125
1 0.38398437500000004 0.4345703125 0.032031250000000004 0.03125
4 0.7742187500000001 0.32275390625 0.046875 0.0673828125
0 0.46132812500000003 0.90673828125 0.06484375 0.0791015625
0 0.15195312500000002 0.31201171875 0.06640625 0.0810546875
0 0.275390625 0.23974609375 0.06171875 0.0654296875
0 0.298046875 0.3876953125 0.05234375 0.056640625
2 0.3375 0.39453125 0.03125 0.0390625
1 0.366796875 0.08447265625 0.025781250000000002 0.0302734375
0 0.260546875 0.13623046875 0.049218750000000006 0.0615234375
1 0.5921875 0.15478515625 0.025 0.0341796875
0 0.41796875 0.46630859375 0.05625 0.0673828125
1 0.131640625 0.892578125 0.02890625 0.037109375
1 0.06992187500000001 0.861328125 0.032031250000000004 0.041015625
1 0.2015625 0.9404296875 0.026562500000000003 0.033203125
0 0.156640625 0.076171875 0.05234375 0.068359375
1 0.675 0.08154296875 0.0234375 0.0302734375
1 0.63671875 0.84814453125 0.028125 0.0380859375
1 0.7015625000000001 0.73388671875 0.021875000000000002 0.0361328125
0 0.6171875 0.67431640625 0.060937500000000006 0.0693359375
1 0.3796875 0.14794921875 0.025 0.0283203125
1 0.50390625 0.119140625 0.025 0.033203125