0 0.25625000000000003 0.49658203125 0.065625 0.0732421875
0 0.18906250000000002 0.53369140625 0.05625 0.0595703125
0 0.32343750000000004 0.3466796875 0.059375000000000004 0.060546875
2 0.436328125 0.7666015625 0.030468750000000003 0.0390625
0 0.14765625000000002 0.94580078125 0.053125000000000006 0.0654296875
0 0.31640625 0.716796875 0.051562500000000004 0.072265625
0 0.326953125 0.15869140625 0.055468750000000004 0.0732421875
0 0.427734375 0.31640625 0.047656250000000004 0.05859375
0 0.36562500000000003 0.189453125 0.053125000000000006 0.05859375
0 0.384765625 0.232421875 0.04609375 0.05078125
0 0.1328125 0.51025390625 0.046875 0.0556640625
1 0.526953125 0.626953125 0.030468750000000003 0.046875
1 0.5496093750000001 0.61083984375 0.03359375 0.0419921875