0 0.7039062500000001 0.4130859375 0.1 0.1328125
1 0.6578125 0.57861328125 0.026562500000000003 0.0322265625
1 0.373046875 0.58740234375 0.02734375 0.0322265625
1 0.22617187500000002 0.4765625 0.030468750000000003 0.033203125
1 0.24296875 0.24267578125 0.0328125 0.0400390625
1 0.066796875 0.07666015625 0.02890625 0.0341796875
1 0.07421875 0.16796875 0.026562500000000003 0.03515625
1 0.19921875 0.6943359375 0.028125 0.033203125
1 0.32734375000000004 0.72021484375 0.0234375 0.0380859375
1 0.40390625 0.69921875 0.037500000000000006 0.044921875
1 0.6140625000000001 0.48388671875 0.034375 0.0400390625
1 0.183984375 0.11474609375 0.02890625 0.0400390625
1 0.91796875 0.193359375 0.026562500000000003 0.037109375
1 0.076171875 0.2919921875 0.02890625 0.037109375
1 0.02109375 0.6474609375 0.03125 0.044921875