1 0.679296875 0.32568359375 0.02109375 0.0341796875
1 0.74375 0.724609375 0.03125 0.041015625
1 0.620703125 0.8662109375 0.022656250000000003 0.029296875
0 0.259375 0.59814453125 0.0484375 0.0517578125
1 0.25625000000000003 0.70947265625 0.025 0.0283203125
1 0.292578125 0.8701171875 0.02734375 0.033203125
1 0.11601562500000001 0.69970703125 0.02734375 0.0361328125
1 0.529296875 0.3984375 0.02734375 0.0390625
1 0.6484375 0.236328125 0.0234375 0.03515625
1 0.400390625 0.685546875 0.022656250000000003 0.029296875
1 0.6421875 0.7451171875 0.025 0.033203125
1 0.259375 0.18994140625 0.028125 0.0302734375
1 0.107421875 0.48779296875 0.02734375 0.0341796875
1 0.30078125 0.259765625 0.025 0.03125
1 0.21171875 0.44091796875 0.028125 0.0341796875
1 0.91953125 0.72216796875 0.028125 0.0322265625
1 0.5609375 0.82958984375 0.026562500000000003 0.0341796875
1 0.810546875 0.24853515625 0.02890625 0.0322265625
1 0.23671875 0.87158203125 0.028125 0.0380859375
1 0.5515625000000001 0.607421875 0.025 0.033203125