0 0.5515625000000001 0.74365234375 0.046875 0.0732421875
1 0.300390625 0.6962890625 0.032031250000000004 0.033203125
1 0.331640625 0.37646484375 0.022656250000000003 0.0380859375
1 0.15585937500000002 0.423828125 0.02421875 0.033203125
1 0.7351562500000001 0.35546875 0.0234375 0.03515625
1 0.8386718750000001 0.421875 0.022656250000000003 0.037109375
1 0.7582031250000001 0.76318359375 0.025781250000000002 0.0302734375
1 0.6941406250000001 0.4951171875 0.02734375 0.041015625
1 0.78828125 0.21728515625 0.029687500000000002 0.0322265625
1 0.022265625 0.25830078125 0.02734375 0.0419921875
1 0.50625 0.73681640625 0.021875000000000002 0.0283203125