0 0.511328125 0.52099609375 0.05390625 0.0693359375
1 0.6140625000000001 0.4287109375 0.03125 0.03515625
1 0.9203125000000001 0.35498046875 0.03125 0.0341796875
1 0.8871093750000001 0.53759765625 0.025781250000000002 0.0283203125
1 0.6468750000000001 0.7744140625 0.026562500000000003 0.03125
1 0.45234375000000004 0.6796875 0.025 0.041015625
1 0.09335937500000001 0.509765625 0.025781250000000002 0.04296875
1 0.09921875000000001 0.40283203125 0.0234375 0.0302734375
1 0.09453125000000001 0.24658203125 0.0203125 0.0322265625
1 0.92890625 0.14453125 0.03125 0.03515625
1 0.323828125 0.60009765625 0.02734375 0.0302734375
1 0.303515625 0.49462890625 0.02734375 0.0341796875
1 0.21445312500000002 0.69970703125 0.02890625 0.0400390625
1 0.45937500000000003 0.16357421875 0.034375 0.0400390625
1 0.5164062500000001 0.9150390625 0.025 0.03125
1 0.47968750000000004 0.90576171875 0.029687500000000002 0.0380859375
1 0.319921875 0.07861328125 0.032031250000000004 0.0361328125
1 0.09453125000000001 0.16552734375 0.029687500000000002 0.0361328125
1 0.7828125 0.7568359375 0.0234375 0.03125