0 0.53828125 0.40576171875 0.06406250000000001 0.0869140625
0 0.34492187500000004 0.89453125 0.10078125 0.126953125
0 0.861328125 0.71728515625 0.08359375000000001 0.1044921875
1 0.59921875 0.81689453125 0.0421875 0.0458984375
1 0.515625 0.873046875 0.034375 0.04296875
0 0.55234375 0.20556640625 0.1 0.1142578125
1 0.7468750000000001 0.3271484375 0.0390625 0.04296875
1 0.38710937500000003 0.4248046875 0.02890625 0.03515625
1 0.9050781250000001 0.86083984375 0.030468750000000003 0.0439453125
1 0.20390625 0.07080078125 0.0328125 0.0439453125
1 0.87265625 0.2783203125 0.035937500000000004 0.0390625
1 0.48164062500000004 0.35498046875 0.030468750000000003 0.0380859375
0 0.596875 0.37548828125 0.065625 0.0947265625
1 0.8050781250000001 0.13818359375 0.03828125 0.0517578125
2 0.40937500000000004 0.7275390625 0.045312500000000006 0.0546875
1 0.37734375000000003 0.2275390625 0.028125 0.037109375
1 0.23593750000000002 0.94580078125 0.0328125 0.0380859375
1 0.37226562500000004 0.81787109375 0.03828125 0.0361328125
1 0.409765625 0.88134765625 0.03671875 0.0439453125
1 0.939453125 0.6826171875 0.039843750000000004 0.052734375
1 0.663671875 0.14990234375 0.032031250000000004 0.0419921875
1 0.48203125 0.47265625 0.0390625 0.046875
1 0.556640625 0.08544921875 0.032031250000000004 0.0458984375