0 0.276171875 0.81787109375 0.06953125 0.0966796875
0 0.81015625 0.6376953125 0.0703125 0.095703125
0 0.7718750000000001 0.2119140625 0.0671875 0.08203125
1 0.7132812500000001 0.79296875 0.035937500000000004 0.05078125
0 0.925 0.23876953125 0.06406250000000001 0.0595703125
1 0.43203125000000003 0.478515625 0.034375 0.044921875
0 0.774609375 0.3779296875 0.049218750000000006 0.068359375
0 0.8425781250000001 0.06787109375 0.06171875 0.0771484375
0 0.85859375 0.6181640625 0.0546875 0.05859375
1 0.809765625 0.70068359375 0.03359375 0.0439453125
1 0.41250000000000003 0.82421875 0.037500000000000006 0.046875
0 0.8246093750000001 0.16259765625 0.05390625 0.0654296875