0 0.30507812500000003 0.486328125 0.07734375 0.09375
0 0.33671875 0.2109375 0.0703125 0.091796875
0 0.33671875 0.40380859375 0.0734375 0.0810546875
0 0.274609375 0.37109375 0.06640625 0.087890625
1 0.4625 0.19189453125 0.040625 0.0478515625
1 0.4453125 0.7060546875 0.0421875 0.044921875
1 0.5164062500000001 0.52587890625 0.035937500000000004 0.0478515625
1 0.7000000000000001 0.2314453125 0.035937500000000004 0.04296875
1 0.047265625000000006 0.2998046875 0.03359375 0.041015625
1 0.248046875 0.2177734375 0.03671875 0.048828125
1 0.85703125 0.7041015625 0.035937500000000004 0.044921875
1 0.9460937500000001 0.84765625 0.045312500000000006 0.0546875
1 0.5847656250000001 0.21728515625 0.039843750000000004 0.0498046875
1 0.833984375 0.39453125 0.039843750000000004 0.044921875
1 0.7359375 0.9267578125 0.034375 0.041015625
1 0.191796875 0.3544921875 0.030468750000000003 0.037109375
1 0.76953125 0.6455078125 0.037500000000000006 0.046875