0 0.30898437500000003 0.32470703125 0.08671875000000001 0.0986328125
0 0.3125 0.2314453125 0.078125 0.09765625
0 0.37226562500000004 0.28466796875 0.06015625 0.0791015625
2 0.865234375 0.30029296875 0.04453125 0.0556640625
1 0.972265625 0.66064453125 0.03515625 0.0458984375
2 0.5867187500000001 0.42041015625 0.035937500000000004 0.0537109375
1 0.022265625 0.55078125 0.02890625 0.03515625
1 0.47734375 0.205078125 0.037500000000000006 0.0390625
1 0.8718750000000001 0.35546875 0.0328125 0.048828125
1 0.44062500000000004 0.1982421875 0.03125 0.04296875
1 0.21640625000000002 0.95703125 0.040625 0.0390625