0 0.25820312500000003 0.7060546875 0.07578125000000001 0.099609375
0 0.22812500000000002 0.603515625 0.06875 0.083984375
0 0.261328125 0.865234375 0.09765625 0.119140625
0 0.197265625 0.76708984375 0.08359375000000001 0.1044921875
1 0.58828125 0.5791015625 0.037500000000000006 0.044921875
0 0.544921875 0.15185546875 0.11171875 0.1494140625
1 0.22421875000000002 0.44677734375 0.037500000000000006 0.0439453125
0 0.27578125000000003 0.55712890625 0.0484375 0.0693359375
1 0.5632812500000001 0.2880859375 0.034375 0.046875
1 0.08750000000000001 0.28857421875 0.037500000000000006 0.0439453125
1 0.1953125 0.85302734375 0.0328125 0.0439453125