0 0.5296875 0.86865234375 0.0921875 0.1357421875
0 0.45 0.53564453125 0.09062500000000001 0.1005859375
0 0.548046875 0.3818359375 0.07890625000000001 0.107421875
0 0.37109375 0.5 0.06875 0.083984375
0 0.452734375 0.302734375 0.10703125000000001 0.138671875
0 0.44843750000000004 0.43603515625 0.08125 0.1103515625
1 0.0390625 0.24169921875 0.0390625 0.0537109375
1 0.274609375 0.89892578125 0.03671875 0.0458984375
1 0.21250000000000002 0.20556640625 0.028125 0.0380859375
1 0.6941406250000001 0.63623046875 0.041406250000000006 0.0439453125
1 0.8050781250000001 0.048828125 0.039843750000000004 0.056640625
1 0.10234375000000001 0.75830078125 0.037500000000000006 0.0419921875
1 0.138671875 0.7890625 0.03359375 0.037109375
1 0.035937500000000004 0.75341796875 0.043750000000000004 0.0458984375
1 0.30781250000000004 0.45654296875 0.0328125 0.0439453125
1 0.5281250000000001 0.49658203125 0.034375 0.0361328125
1 0.369921875 0.3564453125 0.03359375 0.033203125
1 0.323828125 0.3564453125 0.03828125 0.046875
1 0.483984375 0.07373046875 0.030468750000000003 0.0361328125
0 0.369140625 0.4208984375 0.05859375 0.07421875
1 0.467578125 0.908203125 0.03515625 0.048828125
1 0.44257812500000004 0.06005859375 0.03515625 0.0380859375
1 0.370703125 0.12109375 0.039843750000000004 0.046875
1 0.29531250000000003 0.38720703125 0.029687500000000002 0.0419921875
1 0.22421875000000002 0.146484375 0.037500000000000006 0.046875