0 0.50546875 0.69580078125 0.0765625 0.1005859375
0 0.49843750000000003 0.78515625 0.0765625 0.087890625
0 0.692578125 0.45947265625 0.08515625 0.1162109375
4 0.5808593750000001 0.77734375 0.09296875 0.125
0 0.53359375 0.87255859375 0.0765625 0.1025390625
0 0.3828125 0.271484375 0.078125 0.099609375
1 0.296484375 0.67333984375 0.03359375 0.0458984375
1 0.36328125 0.51904296875 0.035937500000000004 0.0517578125
1 0.6734375 0.32568359375 0.035937500000000004 0.0537109375
1 0.739453125 0.73388671875 0.03828125 0.0458984375
1 0.434375 0.96630859375 0.0390625 0.0478515625
1 0.417578125 0.7060546875 0.03828125 0.0390625
1 0.18359375 0.1357421875 0.040625 0.05078125
1 0.5183593750000001 0.17138671875 0.03828125 0.0458984375
1 0.28945312500000003 0.40673828125 0.03359375 0.0419921875
1 0.63828125 0.958984375 0.035937500000000004 0.046875
1 0.33359375 0.95654296875 0.0390625 0.0419921875
1 0.8933593750000001 0.9326171875 0.03828125 0.044921875
1 0.8910156250000001 0.482421875 0.039843750000000004 0.04296875
1 0.63671875 0.11181640625 0.035937500000000004 0.0458984375
0 0.64375 0.73779296875 0.046875 0.0595703125
1 0.75390625 0.88623046875 0.035937500000000004 0.0341796875