0 0.27890625 0.47998046875 0.09062500000000001 0.1240234375
0 0.7484375000000001 0.10595703125 0.109375 0.1298828125
0 0.75 0.2158203125 0.07500000000000001 0.103515625
1 0.7230468750000001 0.33349609375 0.04609375 0.0537109375
0 0.20234375000000002 0.44677734375 0.0734375 0.0986328125
1 0.36054687500000004 0.86669921875 0.03671875 0.0439453125
2 0.6878906250000001 0.55810546875 0.04453125 0.0458984375
2 0.45546875000000003 0.58447265625 0.0421875 0.0576171875
1 0.41054687500000003 0.5712890625 0.03828125 0.046875
1 0.8828125 0.78466796875 0.0484375 0.0478515625
1 0.5906250000000001 0.9111328125 0.0328125 0.048828125
1 0.8757812500000001 0.44287109375 0.034375 0.0458984375
0 0.7605468750000001 0.62109375 0.07421875 0.087890625
0 0.353515625 0.201171875 0.06328125 0.076171875
1 0.47265625 0.23046875 0.035937500000000004 0.041015625
1 0.24960937500000002 0.1953125 0.03515625 0.0390625
1 0.228515625 0.32080078125 0.032031250000000004 0.0478515625
0 0.43046875 0.4072265625 0.07187500000000001 0.095703125
0 0.330859375 0.34912109375 0.07265625 0.0791015625
1 0.335546875 0.291015625 0.02890625 0.03515625
1 0.8703125 0.6474609375 0.025 0.033203125
1 0.1453125 0.3349609375 0.035937500000000004 0.048828125
1 0.03515625 0.1044921875 0.034375 0.044921875
1 0.83125 0.7509765625 0.029687500000000002 0.0390625
1 0.79453125 0.69482421875 0.029687500000000002 0.0400390625
1 0.4140625 0.322265625 0.028125 0.033203125
1 0.37617187500000004 0.34033203125 0.025781250000000002 0.0400390625
1 0.362109375 0.41943359375 0.02890625 0.0400390625
1 0.389453125 0.435546875 0.032031250000000004 0.037109375
1 0.16914062500000002 0.3037109375 0.030468750000000003 0.033203125
1 0.8167968750000001 0.0927734375 0.039843750000000004 0.044921875