3 0.5171875 0.697265625 0.1375 0.185546875
3 0.798046875 0.30859375 0.15546875000000002 0.19921875
0 0.34804687500000003 0.78564453125 0.09609375 0.1181640625
0 0.74609375 0.39599609375 0.06406250000000001 0.0732421875
0 0.6277343750000001 0.3681640625 0.07578125000000001 0.091796875
3 0.500390625 0.857421875 0.07890625000000001 0.1015625
1 0.892578125 0.52734375 0.03515625 0.044921875
1 0.9105468750000001 0.46728515625 0.03359375 0.0419921875
1 0.9109375000000001 0.02685546875 0.034375 0.0458984375
1 0.8296875 0.1005859375 0.035937500000000004 0.041015625
1 0.090234375 0.32177734375 0.032031250000000004 0.0400390625
0 0.7046875 0.361328125 0.05 0.06640625
0 0.505859375 0.48681640625 0.05390625 0.0732421875
1 0.841015625 0.1953125 0.03359375 0.03515625
1 0.09453125000000001 0.12109375 0.037500000000000006 0.046875
1 0.187890625 0.0732421875 0.03671875 0.041015625
1 0.2921875 0.03662109375 0.03125 0.0380859375
0 0.6273437500000001 0.52783203125 0.053125000000000006 0.0673828125
1 0.44609375 0.87939453125 0.028125 0.0458984375
1 0.614453125 0.67041015625 0.032031250000000004 0.0302734375
0 0.591796875 0.59423828125 0.055468750000000004 0.0615234375
1 0.016796875 0.2490234375 0.03359375 0.044921875
1 0.878125 0.37841796875 0.0328125 0.0439453125
1 0.9 0.291015625 0.0328125 0.037109375
1 0.861328125 0.21875 0.03671875 0.037109375
1 0.6472656250000001 0.595703125 0.03515625 0.0390625
1 0.46640625 0.48828125 0.029687500000000002 0.046875
1 0.44609375 0.54833984375 0.034375 0.0439453125
1 0.487109375 0.3896484375 0.03828125 0.048828125
1 0.616796875 0.25732421875 0.02890625 0.0439453125
1 0.61875 0.30419921875 0.034375 0.0380859375
1 0.57734375 0.28759765625 0.035937500000000004 0.0361328125
1 0.759765625 0.44873046875 0.02890625 0.0419921875
1 0.7921875 0.423828125 0.026562500000000003 0.041015625
1 0.556640625 0.32275390625 0.025781250000000002 0.0380859375
1 0.5007812500000001 0.421875 0.026562500000000003 0.029296875
0 0.4890625 0.54541015625 0.05 0.0634765625