0 0.342578125 0.609375 0.08984375 0.1171875
4 0.51953125 0.55859375 0.125 0.15625
0 0.42031250000000003 0.65771484375 0.0890625 0.1181640625
4 0.42695312500000004 0.3203125 0.09609375 0.1015625
1 0.915234375 0.49658203125 0.03671875 0.0478515625
1 0.585546875 0.23974609375 0.04453125 0.0458984375
1 0.19609375 0.34423828125 0.035937500000000004 0.0419921875
1 0.09843750000000001 0.677734375 0.043750000000000004 0.046875
1 0.306640625 0.16357421875 0.03671875 0.0458984375
1 0.34101562500000004 0.6748046875 0.02734375 0.037109375
1 0.349609375 0.73583984375 0.02890625 0.0419921875
1 0.49375 0.314453125 0.026562500000000003 0.044921875
1 0.043359375000000006 0.06005859375 0.039843750000000004 0.0419921875
1 0.974609375 0.26123046875 0.03359375 0.0537109375
1 0.978515625 0.35693359375 0.03359375 0.0439453125
1 0.458984375 0.419921875 0.03359375 0.044921875
1 0.36875 0.2548828125 0.028125 0.0390625
0 0.38710937500000003 0.3984375 0.05859375 0.078125
1 0.27382812500000003 0.16796875 0.032031250000000004 0.04296875
1 0.335546875 0.39306640625 0.03671875 0.0458984375
1 0.197265625 0.3056640625 0.041406250000000006 0.0390625