0 0.48125 0.6494140625 0.08750000000000001 0.119140625
0 0.06953125 0.09521484375 0.1078125 0.1220703125
0 0.53359375 0.1630859375 0.0734375 0.111328125
0 0.71796875 0.60791015625 0.0703125 0.0771484375
1 0.8859375 0.43359375 0.029687500000000002 0.046875
2 0.143359375 0.673828125 0.03359375 0.046875
1 0.181640625 0.3681640625 0.032031250000000004 0.03515625
1 0.40273437500000003 0.28759765625 0.02890625 0.0419921875
0 0.58203125 0.3310546875 0.08281250000000001 0.08984375
0 0.6058593750000001 0.3994140625 0.08046875 0.080078125
0 0.6101562500000001 0.49853515625 0.06875 0.0869140625
2 0.559765625 0.4951171875 0.03359375 0.041015625
1 0.681640625 0.482421875 0.025781250000000002 0.03515625
0 0.5046875000000001 0.31591796875 0.060937500000000006 0.0751953125