0 0.52578125 0.3388671875 0.1375 0.1640625
0 0.66796875 0.57177734375 0.1125 0.1044921875
0 0.583984375 0.72216796875 0.06953125 0.0888671875
0 0.499609375 0.4931640625 0.06171875 0.08984375
0 0.71484375 0.4287109375 0.059375000000000004 0.0859375
1 0.847265625 0.24853515625 0.02890625 0.0478515625
1 0.947265625 0.18310546875 0.02734375 0.0361328125
1 0.7800781250000001 0.166015625 0.02734375 0.046875
1 0.809765625 0.1806640625 0.030468750000000003 0.041015625
1 0.8777343750000001 0.17333984375 0.030468750000000003 0.0341796875
1 0.20273437500000002 0.10302734375 0.03515625 0.0419921875
1 0.216796875 0.1728515625 0.030468750000000003 0.04296875
1 0.540234375 0.9208984375 0.025781250000000002 0.041015625
1 0.7933593750000001 0.09423828125 0.02734375 0.0380859375