0 0.61875 0.6572265625 0.1046875 0.1328125
0 0.32265625000000003 0.72412109375 0.0765625 0.0771484375
0 0.3296875 0.79638671875 0.0921875 0.0771484375
0 0.6550781250000001 0.521484375 0.08828125 0.115234375
0 0.2671875 0.60546875 0.0671875 0.08984375
0 0.256640625 0.6923828125 0.06484375 0.078125
0 0.346484375 0.6220703125 0.06328125 0.083984375
0 0.439453125 0.55859375 0.06640625 0.083984375
1 0.76953125 0.15576171875 0.0328125 0.0419921875
1 0.6421875 0.314453125 0.0234375 0.033203125
1 0.6507812500000001 0.3525390625 0.028125 0.03125
0 0.3796875 0.68408203125 0.05625 0.0751953125
1 0.7507812500000001 0.44775390625 0.028125 0.0361328125
1 0.4421875 0.46044921875 0.026562500000000003 0.0263671875