0 0.291796875 0.083984375 0.09296875 0.138671875
0 0.376953125 0.36328125 0.15703125 0.154296875
0 0.516015625 0.13916015625 0.09921875000000001 0.1748046875
0 0.39960937500000004 0.13525390625 0.12265625000000001 0.1552734375
0 0.162890625 0.171875 0.08359375000000001 0.162109375
2 0.46132812500000003 0.591796875 0.041406250000000006 0.046875
0 0.374609375 0.91015625 0.06796875000000001 0.08203125
0 0.794140625 0.65869140625 0.09453125000000001 0.1337890625
0 0.883984375 0.6884765625 0.08671875000000001 0.107421875
1 0.09609375 0.76025390625 0.028125 0.0439453125
0 0.736328125 0.84423828125 0.07265625 0.0966796875
1 0.57734375 0.5263671875 0.0328125 0.041015625
2 0.09140625000000001 0.3212890625 0.0328125 0.044921875
0 0.5144531250000001 0.36376953125 0.07421875 0.0927734375
1 0.59765625 0.83203125 0.0328125 0.037109375
1 0.5171875 0.48974609375 0.029687500000000002 0.0341796875
0 0.591015625 0.87841796875 0.04453125 0.0595703125