0 0.12421875 0.13330078125 0.1265625 0.1591796875
0 0.2390625 0.3642578125 0.051562500000000004 0.08203125
0 0.2890625 0.3740234375 0.06406250000000001 0.103515625
0 0.712109375 0.8291015625 0.07890625000000001 0.0859375
0 0.18671875000000002 0.51171875 0.0734375 0.078125
1 0.451171875 0.0439453125 0.03359375 0.0390625
1 0.8656250000000001 0.17236328125 0.034375 0.0458984375
0 0.09921875000000001 0.287109375 0.0671875 0.1015625
0 0.7914062500000001 0.57177734375 0.065625 0.0908203125
0 0.31875000000000003 0.22216796875 0.065625 0.0927734375
1 0.30976562500000004 0.05859375 0.030468750000000003 0.037109375