0 0.7359375 0.91259765625 0.0890625 0.1142578125
1 0.6605468750000001 0.65478515625 0.032031250000000004 0.0439453125
1 0.525 0.4697265625 0.03125 0.041015625
1 0.649609375 0.322265625 0.032031250000000004 0.04296875
1 0.32109375 0.3017578125 0.034375 0.04296875
3 0.6664062500000001 0.0732421875 0.109375 0.1328125
0 0.26171875 0.6328125 0.0765625 0.1171875
0 0.21171875 0.67333984375 0.0765625 0.0927734375
0 0.144921875 0.78955078125 0.06953125 0.1103515625
1 0.334765625 0.48046875 0.03515625 0.04296875
0 0.8582031250000001 0.8642578125 0.08359375000000001 0.099609375
1 0.645703125 0.79052734375 0.032031250000000004 0.0322265625
1 0.2890625 0.45361328125 0.034375 0.0439453125
1 0.172265625 0.19189453125 0.03671875 0.0498046875
1 0.55703125 0.125 0.03125 0.0390625
1 0.8046875 0.84716796875 0.03125 0.0400390625
1 0.20039062500000002 0.376953125 0.03359375 0.037109375