0 0.42695312500000004 0.748046875 0.06328125 0.095703125
0 0.34609375000000003 0.1904296875 0.0859375 0.099609375
0 0.44609375 0.17041015625 0.0625 0.0888671875
2 0.50625 0.17333984375 0.034375 0.0439453125
0 0.5691406250000001 0.11865234375 0.11953125 0.1123046875
0 0.393359375 0.11962890625 0.05859375 0.0712890625
1 0.1171875 0.07275390625 0.03125 0.0400390625
0 0.35273437500000004 0.78466796875 0.07265625 0.0830078125
0 0.09921875000000001 0.77294921875 0.0671875 0.0888671875
0 0.10859375 0.95068359375 0.065625 0.0927734375
0 0.147265625 0.86279296875 0.06484375 0.0888671875
0 0.08554687500000001 0.86962890625 0.06796875000000001 0.0869140625
0 0.375 0.9462890625 0.07500000000000001 0.095703125
1 0.5554687500000001 0.6865234375 0.0328125 0.041015625
1 0.069140625 0.03173828125 0.03828125 0.0400390625
0 0.291015625 0.49658203125 0.06171875 0.0673828125