0 0.148828125 0.6865234375 0.10078125 0.1640625
0 0.362890625 0.814453125 0.08359375000000001 0.095703125
0 0.49335937500000004 0.361328125 0.09453125000000001 0.1171875
0 0.18125000000000002 0.404296875 0.0734375 0.12109375
0 0.102734375 0.4326171875 0.07265625 0.095703125
0 0.255859375 0.4228515625 0.05390625 0.083984375
2 0.68515625 0.47216796875 0.029687500000000002 0.0439453125
1 0.8171875000000001 0.6552734375 0.03125 0.0390625
0 0.7000000000000001 0.40185546875 0.09375 0.1044921875
0 0.620703125 0.4921875 0.07265625 0.087890625
0 0.55234375 0.53759765625 0.07187500000000001 0.0888671875
0 0.46171875 0.46728515625 0.07187500000000001 0.0966796875
0 0.4546875 0.95849609375 0.0765625 0.0791015625
1 0.134375 0.21142578125 0.037500000000000006 0.0380859375
1 0.37578125 0.0859375 0.034375 0.0390625
1 0.1390625 0.17236328125 0.03125 0.0380859375
1 0.23789062500000002 0.193359375 0.03359375 0.041015625
0 0.12578125 0.35546875 0.05625 0.068359375
0 0.38593750000000004 0.2939453125 0.07187500000000001 0.083984375
0 0.39570312500000004 0.3623046875 0.06796875000000001 0.07421875
1 0.637890625 0.759765625 0.030468750000000003 0.037109375
0 0.8093750000000001 0.576171875 0.0671875 0.095703125
2 0.9671875000000001 0.14013671875 0.040625 0.0537109375
0 0.060937500000000006 0.6767578125 0.07187500000000001 0.099609375
0 0.6199218750000001 0.59423828125 0.06796875000000001 0.0908203125
1 0.24531250000000002 0.73388671875 0.028125 0.0361328125
1 0.21640625000000002 0.87744140625 0.03125 0.0283203125
1 0.030468750000000003 0.05322265625 0.029687500000000002 0.0302734375
0 0.6117187500000001 0.40234375 0.05 0.072265625