0 0.053515625000000004 0.5869140625 0.10703125000000001 0.1484375
2 0.170703125 0.4736328125 0.041406250000000006 0.046875
2 0.21210937500000002 0.396484375 0.03359375 0.046875
0 0.123046875 0.39697265625 0.08046875 0.0869140625
0 0.767578125 0.72216796875 0.08359375000000001 0.1005859375
0 0.7203125 0.58447265625 0.0734375 0.0771484375
0 0.8851562500000001 0.51025390625 0.084375 0.1044921875
0 0.9457031250000001 0.76171875 0.10703125000000001 0.146484375
0 0.22031250000000002 0.7607421875 0.09843750000000001 0.142578125
1 0.5496093750000001 0.34765625 0.02890625 0.041015625
2 0.6160156250000001 0.5380859375 0.04453125 0.048828125
2 0.4546875 0.947265625 0.035937500000000004 0.041015625
1 0.56875 0.24755859375 0.03125 0.0439453125
1 0.498828125 0.1298828125 0.03515625 0.0390625
0 0.115234375 0.31396484375 0.05859375 0.0908203125
0 0.158984375 0.27880859375 0.07109375 0.0927734375
1 0.946875 0.396484375 0.03125 0.04296875
0 0.8484375000000001 0.7412109375 0.0703125 0.087890625
0 0.883984375 0.8544921875 0.06796875000000001 0.091796875
0 0.441015625 0.82275390625 0.06484375 0.0810546875
0 0.898046875 0.60498046875 0.06171875 0.0966796875
0 0.8363281250000001 0.65234375 0.06171875 0.072265625
1 0.451953125 0.150390625 0.030468750000000003 0.033203125