0 0.7664062500000001 0.392578125 0.09843750000000001 0.099609375
0 0.6527343750000001 0.53515625 0.07890625000000001 0.099609375
0 0.5078125 0.35546875 0.07187500000000001 0.107421875
1 0.601171875 0.06103515625 0.03515625 0.0361328125
1 0.201171875 0.44384765625 0.03828125 0.0419921875
0 0.33671875 0.46435546875 0.0890625 0.0966796875
0 0.33671875 0.53515625 0.065625 0.060546875
0 0.80625 0.205078125 0.1015625 0.103515625
0 0.6804687500000001 0.8525390625 0.0765625 0.1015625
1 0.696875 0.75830078125 0.026562500000000003 0.0380859375
2 0.10507812500000001 0.46240234375 0.04609375 0.0498046875
1 0.783203125 0.46044921875 0.030468750000000003 0.0419921875