0 0.6640625 0.35498046875 0.0890625 0.1083984375
0 0.28828125 0.79736328125 0.084375 0.0810546875
0 0.353125 0.4443359375 0.06875 0.078125
0 0.23359375000000002 0.61376953125 0.053125000000000006 0.0927734375
0 0.28164062500000003 0.61181640625 0.05234375 0.0830078125
0 0.0546875 0.2998046875 0.0734375 0.08984375
0 0.11953125 0.31494140625 0.07500000000000001 0.1142578125
0 0.283984375 0.244140625 0.08359375000000001 0.109375
0 0.412109375 0.46826171875 0.06171875 0.0986328125
0 0.7992187500000001 0.7998046875 0.065625 0.087890625
0 0.36796875 0.63232421875 0.06875 0.0869140625
0 0.366015625 0.85791015625 0.08203125 0.0986328125
1 0.13828125 0.92333984375 0.035937500000000004 0.0361328125
1 0.20390625 0.50390625 0.028125 0.03515625
1 0.046484375 0.38232421875 0.03359375 0.0361328125
1 0.519921875 0.25390625 0.03515625 0.041015625
0 0.79453125 0.4443359375 0.059375000000000004 0.068359375
0 0.7445312500000001 0.46826171875 0.065625 0.0869140625
0 0.759375 0.642578125 0.0546875 0.0703125
0 0.36171875000000003 0.76318359375 0.06875 0.0947265625
0 0.229296875 0.1357421875 0.06796875000000001 0.078125
1 0.18359375 0.1767578125 0.028125 0.033203125
0 0.487109375 0.51708984375 0.08046875 0.0966796875
0 0.6371093750000001 0.45068359375 0.06171875 0.0693359375
0 0.24335937500000002 0.85693359375 0.06328125 0.0712890625
1 0.804296875 0.88525390625 0.022656250000000003 0.0361328125
1 0.8714843750000001 0.53662109375 0.03359375 0.0361328125
0 0.8929687500000001 0.68994140625 0.0625 0.0712890625
1 0.539453125 0.80029296875 0.02421875 0.0400390625
1 0.35078125000000004 0.22802734375 0.028125 0.0283203125
1 0.303515625 0.3525390625 0.02890625 0.03515625