0 0.42226562500000003 0.14990234375 0.10390625 0.1708984375
0 0.6742187500000001 0.93212890625 0.08281250000000001 0.1083984375
0 0.069140625 0.85498046875 0.06953125 0.0966796875
0 0.42421875000000003 0.7197265625 0.06875 0.095703125
1 0.08203125 0.5078125 0.035937500000000004 0.05078125
1 0.07500000000000001 0.2041015625 0.034375 0.044921875
1 0.042578125 0.2939453125 0.025781250000000002 0.0390625
1 0.8050781250000001 0.46923828125 0.032031250000000004 0.0439453125
0 0.49609375 0.654296875 0.1015625 0.134765625
1 0.6996093750000001 0.06982421875 0.03515625 0.0380859375
1 0.8562500000000001 0.1787109375 0.028125 0.037109375
1 0.49726562500000004 0.13525390625 0.032031250000000004 0.0380859375
0 0.540234375 0.1416015625 0.057031250000000006 0.068359375