0 0.19609375 0.4931640625 0.084375 0.103515625
0 0.705078125 0.69287109375 0.08203125 0.0986328125
0 0.533203125 0.6337890625 0.08359375000000001 0.10546875
0 0.48476562500000003 0.5322265625 0.09453125000000001 0.1171875
1 0.6097656250000001 0.099609375 0.032031250000000004 0.044921875
1 0.9242187500000001 0.1396484375 0.037500000000000006 0.041015625
1 0.8015625000000001 0.9375 0.035937500000000004 0.04296875
1 0.23984375000000002 0.69775390625 0.0328125 0.0537109375
4 0.67578125 0.52392578125 0.0625 0.0751953125
1 0.25820312500000003 0.28271484375 0.032031250000000004 0.0419921875
1 0.736328125 0.15673828125 0.030468750000000003 0.0380859375
1 0.5457031250000001 0.7099609375 0.032031250000000004 0.04296875
1 0.72578125 0.595703125 0.034375 0.037109375