0 0.43085937500000004 0.8193359375 0.11953125 0.146484375
0 0.507421875 0.74462890625 0.09453125000000001 0.1103515625
0 0.58359375 0.68408203125 0.0765625 0.1064453125
0 0.9320312500000001 0.357421875 0.0859375 0.1171875
1 0.7984375 0.61376953125 0.034375 0.0439453125
1 0.7273437500000001 0.65380859375 0.029687500000000002 0.0400390625
1 0.7136718750000001 0.77587890625 0.032031250000000004 0.0419921875
1 0.665234375 0.716796875 0.030468750000000003 0.044921875
1 0.56953125 0.4033203125 0.029687500000000002 0.04296875
1 0.5105468750000001 0.3671875 0.03515625 0.046875
1 0.49765625 0.19189453125 0.025 0.0341796875
1 0.751953125 0.43603515625 0.03515625 0.0439453125
1 0.685546875 0.54443359375 0.030468750000000003 0.0361328125
1 0.630078125 0.76611328125 0.030468750000000003 0.0380859375
1 0.0703125 0.9560546875 0.040625 0.04296875
1 0.240234375 0.15966796875 0.03671875 0.0439453125
1 0.533203125 0.2421875 0.03359375 0.0390625
1 0.7359375 0.38134765625 0.03125 0.0322265625
1 0.685546875 0.59326171875 0.02734375 0.0361328125