0 0.257421875 0.1337890625 0.14921875 0.203125
0 0.5710937500000001 0.431640625 0.06875 0.099609375
0 0.649609375 0.29638671875 0.09765625 0.1123046875
0 0.5296875 0.26318359375 0.0859375 0.1162109375
1 0.796484375 0.162109375 0.02890625 0.04296875
1 0.9027343750000001 0.234375 0.03671875 0.048828125
1 0.9246093750000001 0.49853515625 0.032031250000000004 0.0517578125
1 0.7703125000000001 0.03564453125 0.034375 0.0498046875
0 0.6238281250000001 0.39404296875 0.057031250000000006 0.0771484375
1 0.6449218750000001 0.2255859375 0.032031250000000004 0.037109375
1 0.036328125 0.9013671875 0.032031250000000004 0.0390625
1 0.937109375 0.34814453125 0.032031250000000004 0.0439453125