4 0.17148437500000002 0.5986328125 0.06640625 0.0859375
1 0.5300781250000001 0.91259765625 0.032031250000000004 0.0478515625
1 0.75 0.712890625 0.029687500000000002 0.048828125
0 0.47187500000000004 0.5732421875 0.07968750000000001 0.09375
0 0.577734375 0.51318359375 0.07421875 0.0869140625
0 0.45820312500000004 0.49267578125 0.08359375000000001 0.0908203125
0 0.55 0.41650390625 0.06875 0.1083984375
1 0.8207031250000001 0.2900390625 0.03828125 0.046875
1 0.05625 0.5361328125 0.0390625 0.046875
1 0.9285156250000001 0.8974609375 0.03671875 0.0390625
1 0.8796875000000001 0.111328125 0.034375 0.041015625