2 0.8828125 0.25146484375 0.034375 0.0537109375
1 0.64765625 0.2294921875 0.037500000000000006 0.04296875
1 0.5710937500000001 0.35498046875 0.0484375 0.0478515625
1 0.512109375 0.47216796875 0.03359375 0.0439453125
0 0.127734375 0.81591796875 0.07421875 0.1064453125
0 0.23593750000000002 0.90576171875 0.084375 0.1357421875
1 0.41015625 0.69091796875 0.034375 0.0458984375
1 0.7992187500000001 0.66455078125 0.0484375 0.0498046875
1 0.81953125 0.52587890625 0.035937500000000004 0.0537109375
3 0.890625 0.15869140625 0.05625 0.0888671875
4 0.9519531250000001 0.201171875 0.06171875 0.0859375
1 0.6179687500000001 0.47265625 0.03125 0.041015625
1 0.1265625 0.11328125 0.034375 0.041015625
1 0.020703125000000003 0.33984375 0.030468750000000003 0.041015625
1 0.837890625 0.96435546875 0.03359375 0.0400390625