0 0.420703125 0.35693359375 0.08359375000000001 0.1005859375
1 0.48671875000000003 0.298828125 0.028125 0.041015625
1 0.0703125 0.66552734375 0.0421875 0.0419921875
1 0.41953125 0.8671875 0.026562500000000003 0.041015625
1 0.628515625 0.7529296875 0.03515625 0.0390625
1 0.14453125 0.89501953125 0.0328125 0.0419921875
1 0.74375 0.1943359375 0.028125 0.037109375
1 0.829296875 0.63623046875 0.03515625 0.0458984375
0 0.419921875 0.45068359375 0.08828125 0.1005859375
0 0.34375 0.4541015625 0.078125 0.0859375
0 0.34296875000000004 0.35693359375 0.0859375 0.1005859375
1 0.28984375 0.548828125 0.034375 0.0390625
1 0.28125 0.14453125 0.03125 0.044921875