0 0.644140625 0.31201171875 0.09609375 0.1298828125
4 0.92890625 0.50048828125 0.059375000000000004 0.0654296875
4 0.861328125 0.5126953125 0.06328125 0.06640625
4 0.2546875 0.5927734375 0.06406250000000001 0.072265625
1 0.611328125 0.01806640625 0.041406250000000006 0.0361328125
4 0.6589843750000001 0.4306640625 0.09453125000000001 0.115234375
4 0.587890625 0.390625 0.06953125 0.1015625
0 0.7816406250000001 0.30078125 0.10390625 0.12890625
1 0.53046875 0.09814453125 0.0328125 0.0419921875
4 0.655859375 0.55859375 0.08671875000000001 0.1015625
0 0.547265625 0.27294921875 0.06484375 0.0908203125
1 0.54453125 0.58251953125 0.03125 0.0400390625
0 0.283984375 0.53173828125 0.055468750000000004 0.0595703125
4 0.528515625 0.39599609375 0.06640625 0.0791015625
4 0.694921875 0.6328125 0.07109375 0.0859375
1 0.378515625 0.833984375 0.03515625 0.044921875
0 0.872265625 0.58203125 0.05078125 0.076171875
0 0.7265625 0.376953125 0.07187500000000001 0.083984375
1 0.33515625000000004 0.083984375 0.035937500000000004 0.04296875
1 0.6179687500000001 0.08349609375 0.029687500000000002 0.0341796875