0 0.42265625 0.39599609375 0.0890625 0.1103515625
0 0.509375 0.43115234375 0.07968750000000001 0.1064453125
0 0.39609375 0.30322265625 0.08125 0.0966796875
0 0.296484375 0.4033203125 0.09140625000000001 0.103515625
0 0.28750000000000003 0.52880859375 0.09531250000000001 0.1064453125
0 0.31171875000000004 0.720703125 0.1125 0.126953125
0 0.198046875 0.7841796875 0.09140625000000001 0.099609375
0 0.15078125 0.73193359375 0.06875 0.0693359375
0 0.133203125 0.666015625 0.05859375 0.08203125
0 0.7683593750000001 0.4306640625 0.08671875000000001 0.126953125
4 0.9617187500000001 0.1982421875 0.060937500000000006 0.0625
1 0.48085937500000003 0.806640625 0.04296875 0.0390625
1 0.17343750000000002 0.93017578125 0.034375 0.0380859375
0 0.6890625 0.3798828125 0.08125 0.09765625
0 0.8484375000000001 0.37744140625 0.0484375 0.0693359375
4 0.9078125 0.4130859375 0.05625 0.064453125
0 0.523046875 0.24365234375 0.05859375 0.0771484375
0 0.38984375000000004 0.59814453125 0.06406250000000001 0.0771484375
0 0.220703125 0.6943359375 0.057031250000000006 0.0703125
1 0.43867187500000004 0.04345703125 0.03671875 0.0380859375
0 0.9480468750000001 0.11474609375 0.06640625 0.0908203125
1 0.673828125 0.60498046875 0.03359375 0.0400390625
0 0.421875 0.83642578125 0.06406250000000001 0.0634765625
1 0.135546875 0.24951171875 0.03359375 0.0419921875
0 0.5906250000000001 0.25 0.05625 0.068359375