0 0.419921875 0.59228515625 0.07578125000000001 0.0810546875
0 0.1859375 0.27587890625 0.06406250000000001 0.0908203125
0 0.298046875 0.2978515625 0.05078125 0.091796875
0 0.2328125 0.353515625 0.08281250000000001 0.08203125
4 0.294921875 0.40185546875 0.06015625 0.0732421875
0 0.079296875 0.705078125 0.06484375 0.083984375
0 0.19648437500000002 0.64794921875 0.07578125000000001 0.0712890625
0 0.45703125 0.84033203125 0.09375 0.1103515625
4 0.74765625 0.39404296875 0.0484375 0.0537109375
0 0.727734375 0.50634765625 0.06796875000000001 0.0869140625
0 0.4296875 0.66650390625 0.0859375 0.0712890625
0 0.3359375 0.62890625 0.0671875 0.08984375
0 0.2515625 0.6923828125 0.0671875 0.115234375
0 0.630859375 0.1416015625 0.07421875 0.09765625
0 0.744140625 0.048828125 0.07734375 0.09765625
0 0.646484375 0.23291015625 0.07109375 0.0888671875
0 0.8406250000000001 0.353515625 0.06875 0.083984375
0 0.823828125 0.5234375 0.06484375 0.076171875
4 0.671875 0.7158203125 0.06406250000000001 0.091796875
0 0.56953125 0.31787109375 0.0765625 0.0830078125
0 0.29296875 0.78759765625 0.059375000000000004 0.0810546875
0 0.8699218750000001 0.1826171875 0.06015625 0.080078125
0 0.65625 0.3154296875 0.0703125 0.072265625
0 0.511328125 0.912109375 0.06484375 0.080078125
4 0.7312500000000001 0.9619140625 0.0625 0.07421875
0 0.36015625 0.82470703125 0.0625 0.0654296875
0 0.680859375 0.45849609375 0.049218750000000006 0.0693359375
0 0.6292968750000001 0.4501953125 0.06015625 0.08203125
1 0.8699218750000001 0.787109375 0.032031250000000004 0.0390625
1 0.9070312500000001 0.927734375 0.03125 0.03515625