0 0.73828125 0.4287109375 0.1125 0.14453125
0 0.12460937500000001 0.23486328125 0.09765625 0.1083984375
0 0.205859375 0.56591796875 0.08359375000000001 0.1181640625
4 0.2515625 0.376953125 0.08281250000000001 0.08203125
0 0.55078125 0.671875 0.09062500000000001 0.099609375
0 0.714453125 0.693359375 0.07890625000000001 0.103515625
0 0.6648437500000001 0.57275390625 0.0890625 0.1123046875
0 0.515625 0.8115234375 0.0859375 0.12109375
0 0.074609375 0.70654296875 0.06328125 0.0771484375
1 0.416796875 0.68115234375 0.03671875 0.0439453125
1 0.17500000000000002 0.7822265625 0.028125 0.03125
0 0.6890625 0.20068359375 0.0734375 0.0966796875
1 0.628125 0.4228515625 0.08750000000000001 0.09765625
4 0.8328125000000001 0.1962890625 0.060937500000000006 0.07421875
4 0.37226562500000004 0.55517578125 0.07265625 0.0908203125
4 0.8578125000000001 0.76513671875 0.0484375 0.0595703125
4 0.7875000000000001 0.9580078125 0.06406250000000001 0.078125
0 0.6023437500000001 0.50244140625 0.060937500000000006 0.0615234375
0 0.49062500000000003 0.544921875 0.05625 0.0703125
0 0.6332031250000001 0.2275390625 0.06484375 0.0859375
0 0.591796875 0.83349609375 0.057031250000000006 0.0751953125
0 0.626953125 0.904296875 0.06796875000000001 0.080078125
0 0.953125 0.8310546875 0.084375 0.08984375
1 0.8347656250000001 0.94921875 0.039843750000000004 0.0390625
1 0.232421875 0.208984375 0.03359375 0.037109375
1 0.171875 0.935546875 0.035937500000000004 0.03515625