0 0.56875 0.32080078125 0.07968750000000001 0.0947265625
0 0.34882812500000004 0.69384765625 0.07265625 0.0810546875
4 0.428515625 0.849609375 0.09921875000000001 0.10546875
0 0.54921875 0.6201171875 0.07968750000000001 0.095703125
3 0.6449218750000001 0.67333984375 0.09609375 0.1279296875
0 0.06171875 0.833984375 0.065625 0.0703125
0 0.42500000000000004 0.6748046875 0.06406250000000001 0.072265625
1 0.632421875 0.03515625 0.03515625 0.0546875
1 0.810546875 0.3330078125 0.025781250000000002 0.033203125
1 0.9382812500000001 0.2783203125 0.034375 0.04296875
1 0.9226562500000001 0.15283203125 0.03125 0.0458984375
0 0.5296875 0.521484375 0.0734375 0.09375
0 0.401171875 0.60693359375 0.06328125 0.0791015625
0 0.252734375 0.705078125 0.09453125000000001 0.125
1 0.550390625 0.95751953125 0.032031250000000004 0.0419921875
4 0.76328125 0.06787109375 0.060937500000000006 0.0634765625
0 0.55703125 0.720703125 0.0671875 0.087890625
0 0.59609375 0.4443359375 0.053125000000000006 0.078125
0 0.54453125 0.41748046875 0.0625 0.0830078125
1 0.853125 0.2275390625 0.034375 0.0390625
4 0.2546875 0.16650390625 0.0625 0.0810546875
0 0.49140625000000004 0.69384765625 0.0703125 0.1005859375
4 0.727734375 0.72119140625 0.07265625 0.0986328125
4 0.9460937500000001 0.65869140625 0.065625 0.0908203125