0 0.49843750000000003 0.3896484375 0.13125 0.181640625
0 0.49335937500000004 0.79638671875 0.08515625 0.1142578125
0 0.258984375 0.82470703125 0.07109375 0.0927734375
0 0.44062500000000004 0.09423828125 0.084375 0.1083984375
0 0.530859375 0.236328125 0.07421875 0.119140625
0 0.571875 0.6318359375 0.0734375 0.09375
4 0.915234375 0.966796875 0.05234375 0.064453125
0 0.48046875 0.54296875 0.07187500000000001 0.08984375
0 0.33671875 0.57373046875 0.06406250000000001 0.0810546875
0 0.525390625 0.10302734375 0.06171875 0.0712890625
0 0.556640625 0.15380859375 0.06015625 0.0810546875
0 0.412890625 0.21044921875 0.07265625 0.0908203125
0 0.40273437500000003 0.349609375 0.06171875 0.08984375
0 0.276953125 0.68994140625 0.06015625 0.0888671875
0 0.400390625 0.43212890625 0.06640625 0.0732421875
1 0.8031250000000001 0.82763671875 0.03125 0.0380859375
1 0.935546875 0.7822265625 0.030468750000000003 0.04296875
1 0.6921875000000001 0.126953125 0.029687500000000002 0.04296875
0 0.419921875 0.841796875 0.07109375 0.080078125
1 0.10390625 0.63232421875 0.029687500000000002 0.0380859375
0 0.33359375 0.42041015625 0.0734375 0.0771484375