0 0.6488281250000001 0.576171875 0.06953125 0.095703125
0 0.728515625 0.7568359375 0.06796875000000001 0.083984375
0 0.9437500000000001 0.3173828125 0.065625 0.076171875
0 0.821484375 0.19189453125 0.08671875000000001 0.1044921875
0 0.415625 0.69140625 0.0703125 0.103515625
0 0.237109375 0.302734375 0.07578125000000001 0.09765625
0 0.298046875 0.40087890625 0.12109375 0.1572265625
0 0.265625 0.6669921875 0.08281250000000001 0.107421875
0 0.377734375 0.36376953125 0.057031250000000006 0.0908203125
0 0.7515625 0.15771484375 0.065625 0.0791015625
0 0.0734375 0.5810546875 0.0703125 0.1015625
0 0.14570312500000002 0.6279296875 0.06015625 0.078125
0 0.16523437500000002 0.54638671875 0.06953125 0.0927734375
1 0.677734375 0.2392578125 0.032031250000000004 0.0390625
1 0.7875000000000001 0.82373046875 0.026562500000000003 0.0341796875
1 0.425390625 0.9462890625 0.03359375 0.044921875
1 0.9597656250000001 0.8359375 0.03515625 0.04296875
0 0.901953125 0.24951171875 0.057031250000000006 0.0771484375
0 0.8074218750000001 0.3076171875 0.07109375 0.08984375
0 0.6746093750000001 0.4677734375 0.06796875000000001 0.08203125
0 0.212890625 0.5 0.06953125 0.068359375
1 0.09765625 0.84814453125 0.034375 0.0380859375
1 0.171875 0.7763671875 0.029687500000000002 0.033203125