0 0.076171875 0.7021484375 0.08984375 0.1171875
0 0.20546875 0.8037109375 0.0859375 0.111328125
4 0.38203125000000004 0.7236328125 0.065625 0.0703125
0 0.296484375 0.578125 0.06484375 0.0859375
4 0.32539062500000004 0.8779296875 0.05390625 0.05859375
0 0.23750000000000002 0.51171875 0.0625 0.080078125
1 0.6921875000000001 0.1787109375 0.028125 0.03125
0 0.653515625 0.2783203125 0.09140625000000001 0.119140625
1 0.6589843750000001 0.37841796875 0.02890625 0.0380859375
1 0.7957031250000001 0.7587890625 0.03515625 0.046875
1 0.8171875000000001 0.31494140625 0.03125 0.0341796875
0 0.29453125 0.46337890625 0.0625 0.0810546875
0 0.35664062500000004 0.50634765625 0.06328125 0.0751953125
0 0.102734375 0.4931640625 0.07109375 0.07421875
0 0.059765625 0.564453125 0.07265625 0.0859375
0 0.142578125 0.912109375 0.07578125000000001 0.095703125
4 0.048046875 0.8408203125 0.06171875 0.072265625