0 0.15859375 0.90771484375 0.09062500000000001 0.1103515625
0 0.6000000000000001 0.189453125 0.07187500000000001 0.09375
0 0.8601562500000001 0.4677734375 0.0671875 0.08984375
0 0.78515625 0.52099609375 0.059375000000000004 0.0732421875
0 0.704296875 0.58935546875 0.08828125 0.1181640625
0 0.148046875 0.48046875 0.07265625 0.095703125
4 0.472265625 0.31884765625 0.05234375 0.0673828125
0 0.5710937500000001 0.89697265625 0.065625 0.0654296875
0 0.07695312500000001 0.8662109375 0.07890625000000001 0.09375
0 0.919921875 0.39404296875 0.07109375 0.0869140625
0 0.939453125 0.4658203125 0.06640625 0.080078125
0 0.89453125 0.56982421875 0.0546875 0.0693359375
0 0.2734375 0.8798828125 0.059375000000000004 0.076171875
0 0.267578125 0.958984375 0.057031250000000006 0.07421875
1 0.08750000000000001 0.27978515625 0.026562500000000003 0.0400390625
1 0.38906250000000003 0.79052734375 0.0328125 0.0361328125