0 0.6316406250000001 0.767578125 0.10703125000000001 0.1328125
0 0.40703125 0.9423828125 0.08750000000000001 0.11328125
0 0.55234375 0.1171875 0.0703125 0.083984375
0 0.483984375 0.1025390625 0.07265625 0.087890625
0 0.166015625 0.25341796875 0.08046875 0.0849609375
0 0.6371093750000001 0.90185546875 0.06953125 0.0830078125
4 0.05234375 0.37548828125 0.0578125 0.0673828125
1 0.37539062500000003 0.23486328125 0.03828125 0.0361328125
1 0.941015625 0.42919921875 0.032031250000000004 0.0361328125
0 0.7210937500000001 0.74072265625 0.059375000000000004 0.0732421875
0 0.5875 0.611328125 0.06406250000000001 0.083984375
1 0.48554687500000004 0.470703125 0.02734375 0.0390625
1 0.97265625 0.78857421875 0.034375 0.0361328125