0 0.420703125 0.4306640625 0.08359375000000001 0.103515625
0 0.673828125 0.46337890625 0.07109375 0.0888671875
0 0.7679687500000001 0.52197265625 0.07187500000000001 0.0869140625
0 0.732421875 0.6611328125 0.06796875000000001 0.09375
0 0.8386718750000001 0.7919921875 0.08671875000000001 0.103515625
0 0.915234375 0.8203125 0.07109375 0.080078125
0 0.892578125 0.49169921875 0.07109375 0.0986328125
0 0.587890625 0.638671875 0.06953125 0.080078125
0 0.369140625 0.6455078125 0.06015625 0.076171875
0 0.04609375 0.453125 0.060937500000000006 0.0703125
2 0.6882812500000001 0.89111328125 0.028125 0.0361328125
2 0.49609375 0.65966796875 0.029687500000000002 0.0341796875
1 0.60546875 0.3369140625 0.03125 0.033203125
4 0.53359375 0.37158203125 0.051562500000000004 0.0576171875
1 0.41835937500000003 0.166015625 0.032031250000000004 0.033203125
4 0.25625000000000003 0.103515625 0.0625 0.078125
0 0.9066406250000001 0.73486328125 0.05390625 0.0732421875
0 0.964453125 0.341796875 0.06640625 0.09765625
0 0.9730468750000001 0.4716796875 0.05234375 0.083984375
0 0.958984375 0.5283203125 0.05859375 0.06640625
0 0.5890625 0.505859375 0.06406250000000001 0.078125
1 0.6332031250000001 0.23828125 0.032031250000000004 0.03515625
1 0.650390625 0.0283203125 0.03515625 0.041015625
1 0.172265625 0.23583984375 0.03359375 0.0400390625
0 0.29140625000000003 0.646484375 0.065625 0.0703125
2 0.8406250000000001 0.97705078125 0.035937500000000004 0.0439453125
1 0.870703125 0.20263671875 0.032031250000000004 0.0419921875
0 0.649609375 0.662109375 0.06015625 0.087890625