0 0.34140625 0.53515625 0.07968750000000001 0.1015625
0 0.716796875 0.599609375 0.08203125 0.109375
0 0.890625 0.7666015625 0.0703125 0.087890625
0 0.64453125 0.51904296875 0.0765625 0.0927734375
0 0.257421875 0.4130859375 0.06953125 0.076171875
0 0.172265625 0.43359375 0.07109375 0.0859375
1 0.6859375000000001 0.27783203125 0.028125 0.0302734375
1 0.47500000000000003 0.73291015625 0.0234375 0.0361328125
0 0.266796875 0.48046875 0.055468750000000004 0.064453125
0 0.638671875 0.611328125 0.05859375 0.08203125
1 0.7484375000000001 0.9326171875 0.029687500000000002 0.03515625
1 0.512890625 0.94921875 0.030468750000000003 0.037109375
1 0.8171875000000001 0.12109375 0.025 0.037109375