0 0.571875 0.505859375 0.07187500000000001 0.091796875
0 0.6941406250000001 0.88134765625 0.06796875000000001 0.1142578125
0 0.776953125 0.912109375 0.08984375 0.11328125
0 0.7734375 0.28125 0.0671875 0.080078125
4 0.78125 0.361328125 0.059375000000000004 0.06640625
0 0.48046875 0.06591796875 0.05625 0.0693359375
4 0.256640625 0.35791015625 0.06953125 0.0947265625
0 0.06484375 0.37353515625 0.065625 0.0771484375
0 0.9187500000000001 0.28125 0.0546875 0.078125
3 0.34687500000000004 0.26318359375 0.1390625 0.1728515625
3 0.43515625 0.578125 0.08125 0.09375
0 0.653515625 0.642578125 0.06953125 0.09765625
0 0.582421875 0.62451171875 0.055468750000000004 0.0771484375
1 0.42421875000000003 0.64990234375 0.029687500000000002 0.0322265625
0 0.6296875000000001 0.55126953125 0.045312500000000006 0.0634765625
0 0.6804687500000001 0.5546875 0.065625 0.076171875
0 0.677734375 0.47607421875 0.06015625 0.0908203125
1 0.21640625000000002 0.1728515625 0.03125 0.03515625
1 0.81953125 0.7041015625 0.0328125 0.04296875
1 0.9847656250000001 0.45751953125 0.02734375 0.0380859375
0 0.665234375 0.77587890625 0.07421875 0.0888671875
0 0.312109375 0.09033203125 0.06484375 0.0712890625