0 0.27890625 0.70654296875 0.08125 0.1005859375
0 0.56171875 0.248046875 0.0703125 0.09765625
0 0.553125 0.34375 0.08750000000000001 0.10546875
0 0.339453125 0.3935546875 0.06640625 0.087890625
0 0.40703125 0.34765625 0.078125 0.078125
0 0.20468750000000002 0.4296875 0.08281250000000001 0.0859375
0 0.6453125000000001 0.38134765625 0.0734375 0.0830078125
0 0.5140625 0.5615234375 0.08125 0.09765625
0 0.47265625 0.29150390625 0.0671875 0.0810546875
0 0.634375 0.21630859375 0.084375 0.1044921875
0 0.40234375 0.42529296875 0.060937500000000006 0.0810546875
0 0.20234375000000002 0.85546875 0.065625 0.078125
0 0.40664062500000003 0.24560546875 0.06953125 0.0771484375
0 0.20039062500000002 0.6572265625 0.07265625 0.07421875
1 0.041796875000000004 0.91552734375 0.03515625 0.0439453125
0 0.5789062500000001 0.52880859375 0.059375000000000004 0.0830078125
0 0.8933593750000001 0.94921875 0.08359375000000001 0.099609375
0 0.919140625 0.1806640625 0.05390625 0.072265625
0 0.39296875000000003 0.13916015625 0.0734375 0.0869140625
1 0.3984375 0.744140625 0.034375 0.0390625
1 0.689453125 0.826171875 0.03671875 0.041015625
0 0.52890625 0.41552734375 0.053125000000000006 0.0537109375
0 0.276171875 0.30322265625 0.05078125 0.0771484375