0 0.44453125000000004 0.17626953125 0.1171875 0.1455078125
0 0.435546875 0.322265625 0.07578125000000001 0.095703125
0 0.32070312500000003 0.56591796875 0.06328125 0.0791015625
0 0.39101562500000003 0.599609375 0.07265625 0.09765625
0 0.52265625 0.6328125 0.065625 0.087890625
0 0.39140625 0.7685546875 0.08125 0.095703125
0 0.30507812500000003 0.93212890625 0.06796875000000001 0.0947265625
0 0.6664062500000001 0.669921875 0.06406250000000001 0.08984375
1 0.82578125 0.48046875 0.028125 0.052734375
1 0.8835937500000001 0.53515625 0.034375 0.0390625
0 0.46523437500000003 0.51171875 0.06484375 0.078125
0 0.396484375 0.400390625 0.06640625 0.0859375
0 0.298046875 0.84814453125 0.05859375 0.0654296875
1 0.09296875 0.21923828125 0.035937500000000004 0.0380859375
1 0.89453125 0.79345703125 0.0328125 0.0400390625
1 0.9296875 0.94775390625 0.035937500000000004 0.0419921875
0 0.42421875000000003 0.97021484375 0.05 0.0556640625
1 0.16523437500000002 0.90869140625 0.03515625 0.0400390625
0 0.5 0.36474609375 0.0546875 0.0712890625
1 0.470703125 0.82177734375 0.025781250000000002 0.0341796875
1 0.919140625 0.57666015625 0.025781250000000002 0.0322265625
1 0.72421875 0.1572265625 0.026562500000000003 0.033203125
1 0.666015625 0.32177734375 0.02734375 0.0322265625
1 0.9609375 0.390625 0.035937500000000004 0.0390625
1 0.019921875000000002 0.533203125 0.02890625 0.029296875
1 0.628125 0.4296875 0.0234375 0.033203125