0 0.6195312500000001 0.6025390625 0.06875 0.083984375
0 0.538671875 0.57470703125 0.06484375 0.0869140625
0 0.6312500000000001 0.49951171875 0.0703125 0.1064453125
0 0.71640625 0.6015625 0.06406250000000001 0.072265625
0 0.290625 0.6904296875 0.06406250000000001 0.07421875
0 0.539453125 0.12841796875 0.07734375 0.0771484375
0 0.7097656250000001 0.5078125 0.06640625 0.083984375
0 0.5671875000000001 0.18310546875 0.0703125 0.0771484375
0 0.478515625 0.5126953125 0.06796875000000001 0.083984375
1 0.747265625 0.28759765625 0.032031250000000004 0.0439453125
1 0.327734375 0.3564453125 0.03359375 0.03125
0 0.7253906250000001 0.744140625 0.06171875 0.078125
0 0.9636718750000001 0.7919921875 0.055468750000000004 0.0703125
1 0.749609375 0.49755859375 0.02734375 0.0361328125
0 0.185546875 0.56591796875 0.057031250000000006 0.0693359375
1 0.33984375 0.283203125 0.0328125 0.041015625
1 0.8234375 0.09033203125 0.03125 0.0341796875
4 0.9027343750000001 0.77978515625 0.06015625 0.0673828125
1 0.0625 0.6416015625 0.0328125 0.033203125
1 0.12421875 0.09326171875 0.0328125 0.0361328125
1 0.619140625 0.82666015625 0.03828125 0.0400390625
0 0.36953125000000003 0.05322265625 0.0734375 0.0908203125
1 0.5300781250000001 0.4453125 0.02890625 0.03515625
1 0.409765625 0.78125 0.030468750000000003 0.033203125
1 0.52109375 0.9267578125 0.028125 0.041015625
0 0.262890625 0.58642578125 0.07265625 0.0771484375
1 0.39296875000000003 0.55712890625 0.028125 0.0341796875