0 0.770703125 0.45166015625 0.06953125 0.1064453125
0 0.7507812500000001 0.55908203125 0.0625 0.0908203125
0 0.6734375 0.5390625 0.06875 0.0859375
0 0.146484375 0.47265625 0.07734375 0.08984375
0 0.42265625 0.6396484375 0.06875 0.0703125
0 0.8464843750000001 0.5595703125 0.05859375 0.08203125
0 0.671875 0.078125 0.059375000000000004 0.080078125
0 0.119140625 0.23291015625 0.07578125000000001 0.0849609375
4 0.55 0.16015625 0.045312500000000006 0.052734375
1 0.463671875 0.30810546875 0.03359375 0.0380859375
0 0.8421875000000001 0.46044921875 0.0625 0.0888671875
0 0.86875 0.63134765625 0.0671875 0.0849609375
0 0.614453125 0.462890625 0.06640625 0.0859375
0 0.7117187500000001 0.13916015625 0.06875 0.0791015625
1 0.8832031250000001 0.24267578125 0.03515625 0.0478515625
1 0.8929687500000001 0.1279296875 0.034375 0.0390625
0 0.3453125 0.09912109375 0.0625 0.0751953125
0 0.035546875 0.2861328125 0.05234375 0.080078125
0 0.050390625 0.2099609375 0.06015625 0.072265625
0 0.32070312500000003 0.51220703125 0.055468750000000004 0.0654296875
0 0.031640625 0.51123046875 0.06171875 0.0732421875
0 0.852734375 0.70166015625 0.057031250000000006 0.0751953125
1 0.70078125 0.95166015625 0.03125 0.0419921875
1 0.538671875 0.732421875 0.032031250000000004 0.033203125
1 0.47578125000000004 0.232421875 0.0328125 0.033203125
2 0.241015625 0.94970703125 0.03828125 0.0458984375
1 0.197265625 0.58447265625 0.03359375 0.0341796875
0 0.22968750000000002 0.248046875 0.0578125 0.07421875
1 0.23046875 0.0576171875 0.028125 0.033203125