0 0.280859375 0.26806640625 0.09140625000000001 0.1044921875
0 0.23164062500000002 0.60888671875 0.10234375000000001 0.1162109375
0 0.649609375 0.74267578125 0.09453125000000001 0.1220703125
0 0.404296875 0.80224609375 0.08671875000000001 0.0908203125
4 0.36484375 0.87158203125 0.065625 0.0576171875
0 0.2734375 0.8798828125 0.0859375 0.1015625
0 0.309375 0.72607421875 0.06875 0.0771484375
0 0.37578125 0.71826171875 0.06875 0.0927734375
0 0.794140625 0.31298828125 0.07109375 0.0927734375
0 0.596875 0.48486328125 0.09531250000000001 0.1142578125
0 0.31171875000000004 0.1064453125 0.07968750000000001 0.10546875
0 0.40703125 0.08203125 0.0765625 0.10546875
0 0.3640625 0.3779296875 0.07968750000000001 0.09375
0 0.325 0.45703125 0.0625 0.07421875
0 0.286328125 0.5322265625 0.06015625 0.087890625
0 0.16640625 0.41015625 0.0671875 0.0859375
0 0.478515625 0.8046875 0.07890625000000001 0.091796875
4 0.9480468750000001 0.50244140625 0.06015625 0.0693359375
0 0.7898437500000001 0.39208984375 0.0625 0.0830078125
0 0.7683593750000001 0.4638671875 0.055468750000000004 0.07421875
0 0.18359375 0.92529296875 0.0671875 0.0791015625
1 0.480078125 0.0341796875 0.03515625 0.03515625
1 0.027734375000000002 0.02099609375 0.03515625 0.0400390625
0 0.37343750000000003 0.63037109375 0.0546875 0.0615234375
1 0.02734375 0.73046875 0.028125 0.0390625
1 0.207421875 0.6884765625 0.030468750000000003 0.037109375
0 0.7332031250000001 0.5966796875 0.05078125 0.06640625
0 0.806640625 0.53076171875 0.055468750000000004 0.0712890625
0 0.8835937500000001 0.52001953125 0.05625 0.0849609375
4 0.359375 0.2646484375 0.045312500000000006 0.076171875