0 0.579296875 0.47119140625 0.09140625000000001 0.1142578125
0 0.6960937500000001 0.46533203125 0.065625 0.0927734375
0 0.9398437500000001 0.630859375 0.09062500000000001 0.109375
0 0.857421875 0.81640625 0.07421875 0.10546875
0 0.10546875 0.65869140625 0.0734375 0.0849609375
0 0.56640625 0.61328125 0.065625 0.107421875
0 0.42031250000000003 0.34130859375 0.06875 0.0908203125
0 0.49062500000000003 0.72998046875 0.0671875 0.0791015625
0 0.284375 0.6953125 0.0671875 0.07421875
0 0.091796875 0.57421875 0.07109375 0.087890625
0 0.5109375 0.56494140625 0.0625 0.0751953125
0 0.12890625 0.482421875 0.0765625 0.09765625
0 0.92734375 0.8115234375 0.059375000000000004 0.07421875
0 0.146484375 0.75 0.05859375 0.1015625
0 0.2171875 0.66064453125 0.0578125 0.0771484375
0 0.05625 0.83984375 0.059375000000000004 0.0703125
0 0.515234375 0.64013671875 0.05234375 0.0751953125
1 0.6628906250000001 0.57568359375 0.02890625 0.0439453125
1 0.9144531250000001 0.46240234375 0.03671875 0.0400390625
0 0.8558593750000001 0.73193359375 0.055468750000000004 0.0693359375