0 0.48164062500000004 0.41796875 0.09921875000000001 0.1171875
0 0.408984375 0.33740234375 0.09453125000000001 0.1376953125
0 0.45234375000000004 0.59375 0.0890625 0.115234375
0 0.5109375 0.69873046875 0.07968750000000001 0.1298828125
0 0.61328125 0.75390625 0.0734375 0.119140625
0 0.57265625 0.85986328125 0.0859375 0.1142578125
0 0.6468750000000001 0.91015625 0.09062500000000001 0.11328125
1 0.8656250000000001 0.7041015625 0.037500000000000006 0.041015625
0 0.3484375 0.23583984375 0.08125 0.1103515625
0 0.4421875 0.22314453125 0.0859375 0.1123046875
4 0.27734375 0.095703125 0.060937500000000006 0.087890625
1 0.8972656250000001 0.97119140625 0.02734375 0.0380859375