0 0.225390625 0.400390625 0.11328125 0.138671875
0 0.43671875000000004 0.52001953125 0.0859375 0.0966796875
0 0.3765625 0.61181640625 0.07968750000000001 0.1201171875
0 0.13046875 0.66845703125 0.0859375 0.1083984375
4 0.444140625 0.82177734375 0.049218750000000006 0.0517578125
4 0.3484375 0.7890625 0.05625 0.06640625
0 0.055078125000000006 0.86279296875 0.06640625 0.0908203125
0 0.2734375 0.2666015625 0.07968750000000001 0.078125
0 0.33671875 0.3447265625 0.10312500000000001 0.10546875
0 0.6316406250000001 0.08984375 0.06484375 0.072265625
0 0.527734375 0.11962890625 0.07421875 0.0947265625
0 0.16640625 0.21728515625 0.084375 0.0908203125
0 0.35468750000000004 0.50634765625 0.0859375 0.0927734375
1 0.14921875 0.52392578125 0.03125 0.0400390625
0 0.246875 0.533203125 0.0625 0.078125