0 0.532421875 0.63720703125 0.07890625000000001 0.1044921875
0 0.21406250000000002 0.7822265625 0.0484375 0.06640625
3 0.630859375 0.43701171875 0.07578125000000001 0.0849609375
3 0.697265625 0.4736328125 0.07734375 0.10546875
1 0.26953125 0.4091796875 0.029687500000000002 0.037109375
1 0.2015625 0.28173828125 0.029687500000000002 0.0380859375
1 0.8140625 0.2802734375 0.026562500000000003 0.037109375
1 0.6957031250000001 0.6806640625 0.02421875 0.033203125
1 0.6199218750000001 0.75732421875 0.03359375 0.0400390625
1 0.40351562500000004 0.6533203125 0.02421875 0.033203125
2 0.579296875 0.1474609375 0.03828125 0.03515625
2 0.892578125 0.1328125 0.030468750000000003 0.037109375
2 0.98046875 0.56494140625 0.03125 0.0322265625
2 0.9050781250000001 0.79248046875 0.030468750000000003 0.0380859375
2 0.9546875 0.82177734375 0.0328125 0.0400390625
1 0.048828125 0.4775390625 0.02421875 0.029296875
1 0.21171875 0.12744140625 0.035937500000000004 0.0361328125
1 0.6941406250000001 0.27783203125 0.02890625 0.0322265625
1 0.62890625 0.07080078125 0.029687500000000002 0.0380859375
1 0.771484375 0.0966796875 0.02890625 0.0390625
2 0.48984375 0.74609375 0.026562500000000003 0.029296875
1 0.23593750000000002 0.7216796875 0.0234375 0.03515625
1 0.503515625 0.94482421875 0.022656250000000003 0.0322265625
1 0.7214843750000001 0.78564453125 0.025781250000000002 0.0341796875
2 0.831640625 0.6513671875 0.032031250000000004 0.041015625
1 0.937109375 0.6298828125 0.02421875 0.029296875
1 0.194140625 0.3837890625 0.032031250000000004 0.0390625
1 0.32656250000000003 0.18115234375 0.03125 0.0322265625
1 0.54609375 0.2666015625 0.0234375 0.029296875
1 0.3953125 0.8603515625 0.028125 0.041015625
1 0.436328125 0.2939453125 0.025781250000000002 0.03515625
1 0.27734375 0.4921875 0.026562500000000003 0.033203125
1 0.122265625 0.55810546875 0.02734375 0.0322265625
1 0.94296875 0.2958984375 0.029687500000000002 0.03125