0 0.17500000000000002 0.5615234375 0.05625 0.07421875
0 0.7453125 0.68017578125 0.07187500000000001 0.0888671875
0 0.7921875 0.06591796875 0.0625 0.0732421875
0 0.34921875 0.80859375 0.065625 0.083984375
0 0.23164062500000002 0.42138671875 0.07421875 0.0849609375
0 0.9695312500000001 0.5068359375 0.0546875 0.078125
2 0.0234375 0.77978515625 0.034375 0.0458984375
1 0.808203125 0.29150390625 0.022656250000000003 0.0302734375
2 0.39453125 0.205078125 0.025 0.037109375
2 0.13593750000000002 0.32861328125 0.03125 0.0419921875
1 0.587109375 0.7080078125 0.02734375 0.03515625
2 0.1 0.11181640625 0.034375 0.0380859375
2 0.6082031250000001 0.41015625 0.030468750000000003 0.037109375
1 0.7609375 0.185546875 0.029687500000000002 0.033203125
2 0.486328125 0.61376953125 0.039843750000000004 0.0419921875
2 0.37539062500000003 0.3876953125 0.032031250000000004 0.03515625
2 0.9070312500000001 0.8955078125 0.035937500000000004 0.04296875
2 0.689453125 0.84130859375 0.02890625 0.0361328125
1 0.822265625 0.77734375 0.030468750000000003 0.0390625
1 0.10078125 0.29638671875 0.0328125 0.0341796875
1 0.19921875 0.7021484375 0.034375 0.0390625
1 0.6394531250000001 0.7880859375 0.025781250000000002 0.03515625
1 0.5066406250000001 0.13623046875 0.030468750000000003 0.0302734375
1 0.484375 0.33740234375 0.0234375 0.0283203125
1 0.234375 0.7744140625 0.029687500000000002 0.033203125