0 0.589453125 0.1943359375 0.06796875000000001 0.095703125
0 0.28164062500000003 0.7587890625 0.06796875000000001 0.087890625
0 0.2265625 0.59716796875 0.0734375 0.0947265625
0 0.11992187500000001 0.71630859375 0.08359375000000001 0.0986328125
0 0.636328125 0.7294921875 0.07421875 0.095703125
0 0.658203125 0.837890625 0.057031250000000006 0.072265625
1 0.88671875 0.35400390625 0.03125 0.0400390625
1 0.68515625 0.3974609375 0.028125 0.033203125
1 0.51875 0.75146484375 0.029687500000000002 0.0341796875
1 0.7562500000000001 0.52880859375 0.037500000000000006 0.0380859375
2 0.38789062500000004 0.04638671875 0.032031250000000004 0.0361328125
1 0.09726562500000001 0.29833984375 0.02421875 0.0361328125
2 0.8113281250000001 0.166015625 0.03515625 0.046875
1 0.7679687500000001 0.66064453125 0.025 0.0341796875
2 0.413671875 0.82177734375 0.030468750000000003 0.0361328125
2 0.54140625 0.31201171875 0.0328125 0.0419921875
1 0.7371093750000001 0.96533203125 0.02421875 0.0302734375
2 0.42812500000000003 0.34912109375 0.034375 0.0400390625
2 0.43359375 0.3916015625 0.035937500000000004 0.046875
1 0.32343750000000004 0.4638671875 0.03125 0.033203125
2 0.49648437500000003 0.57421875 0.032031250000000004 0.04296875
2 0.23789062500000002 0.51611328125 0.030468750000000003 0.0419921875
1 0.775390625 0.8173828125 0.02890625 0.03515625
0 0.6863281250000001 0.72802734375 0.04453125 0.0576171875
1 0.7699218750000001 0.03173828125 0.032031250000000004 0.0361328125
2 0.6628906250000001 0.107421875 0.032031250000000004 0.037109375