0 0.0890625 0.8388671875 0.109375 0.123046875
0 0.35234375 0.74755859375 0.084375 0.1025390625
0 0.36640625000000004 0.90087890625 0.07187500000000001 0.0849609375
0 0.474609375 0.82421875 0.08203125 0.099609375
0 0.583984375 0.7333984375 0.057031250000000006 0.0703125
0 0.89453125 0.0625 0.0734375 0.08984375
2 0.78671875 0.6103515625 0.034375 0.041015625
1 0.244140625 0.58837890625 0.030468750000000003 0.0302734375
0 0.375 0.1982421875 0.05 0.064453125
2 0.340625 0.2333984375 0.03125 0.0390625
1 0.44453125000000004 0.56689453125 0.025 0.0380859375
1 0.345703125 0.51171875 0.02734375 0.03515625
1 0.6953125 0.09326171875 0.0234375 0.0361328125
2 0.8617187500000001 0.2890625 0.029687500000000002 0.041015625
2 0.9242187500000001 0.35302734375 0.029687500000000002 0.0400390625
2 0.586328125 0.912109375 0.03359375 0.033203125
2 0.0765625 0.13427734375 0.0328125 0.0361328125
1 0.194140625 0.50146484375 0.02890625 0.0361328125
2 0.284375 0.3671875 0.040625 0.044921875
1 0.55625 0.1259765625 0.028125 0.02734375
2 0.25859375 0.03125 0.0328125 0.033203125
1 0.119140625 0.2783203125 0.02890625 0.03515625
2 0.8109375000000001 0.19384765625 0.0328125 0.0419921875
1 0.6707031250000001 0.43115234375 0.02734375 0.0322265625
1 0.484375 0.4052734375 0.0234375 0.03125
2 0.22421875000000002 0.7138671875 0.03125 0.0390625
1 0.13984375000000002 0.59130859375 0.026562500000000003 0.0322265625