0 0.74609375 0.802734375 0.084375 0.095703125
0 0.513671875 0.71923828125 0.08828125 0.0849609375
0 0.47109375000000003 0.6484375 0.0703125 0.095703125
0 0.46640625 0.75390625 0.05625 0.076171875
1 0.630859375 0.36083984375 0.02890625 0.0361328125
1 0.7152343750000001 0.38134765625 0.025781250000000002 0.0380859375
0 0.43476562500000004 0.70458984375 0.06484375 0.0732421875
1 0.22421875000000002 0.0927734375 0.03125 0.037109375
1 0.9015625 0.33349609375 0.026562500000000003 0.0419921875
1 0.44257812500000004 0.28466796875 0.02734375 0.0361328125
2 0.074609375 0.18798828125 0.032031250000000004 0.0419921875
0 0.5328125 0.65771484375 0.059375000000000004 0.0791015625
2 0.354296875 0.19287109375 0.03359375 0.0419921875
1 0.56171875 0.2265625 0.03125 0.033203125
1 0.724609375 0.68212890625 0.025781250000000002 0.0322265625
1 0.6273437500000001 0.78076171875 0.029687500000000002 0.0322265625
2 0.68671875 0.9501953125 0.03125 0.041015625
1 0.186328125 0.71875 0.025781250000000002 0.037109375
1 0.177734375 0.28125 0.032031250000000004 0.03515625
1 0.7734375 0.09326171875 0.0328125 0.0302734375
1 0.07500000000000001 0.69482421875 0.026562500000000003 0.0341796875
1 0.8207031250000001 0.470703125 0.025781250000000002 0.029296875
1 0.33125000000000004 0.017578125 0.026562500000000003 0.033203125
1 0.708203125 0.310546875 0.02890625 0.03125
1 0.306640625 0.244140625 0.02890625 0.033203125
1 0.62890625 0.1552734375 0.028125 0.03515625
1 0.700390625 0.57861328125 0.02734375 0.0283203125
1 0.531640625 0.85302734375 0.02421875 0.0302734375
1 0.32460937500000003 0.33154296875 0.02890625 0.0322265625