0 0.259375 0.4423828125 0.084375 0.095703125
0 0.7777343750000001 0.09814453125 0.05859375 0.0771484375
0 0.90234375 0.62353515625 0.0578125 0.0751953125
0 0.94296875 0.5732421875 0.059375000000000004 0.07421875
2 0.594921875 0.7626953125 0.030468750000000003 0.046875
0 0.641796875 0.79150390625 0.08046875 0.0986328125
1 0.4703125 0.716796875 0.028125 0.041015625
1 0.7347656250000001 0.37646484375 0.030468750000000003 0.0380859375
1 0.6433593750000001 0.1865234375 0.02734375 0.037109375
2 0.31796875 0.349609375 0.0328125 0.037109375
1 0.13828125 0.61767578125 0.026562500000000003 0.0341796875
1 0.21328125 0.68505859375 0.025 0.0283203125
1 0.66328125 0.3271484375 0.0234375 0.037109375
2 0.8480468750000001 0.58056640625 0.02890625 0.0361328125
2 0.5859375 0.3779296875 0.0328125 0.044921875
1 0.5265625 0.05322265625 0.029687500000000002 0.0283203125
1 0.6703125000000001 0.07470703125 0.025 0.0341796875
1 0.8402343750000001 0.08544921875 0.02734375 0.0322265625
1 0.7351562500000001 0.8056640625 0.03125 0.037109375
1 0.584375 0.572265625 0.026562500000000003 0.03515625
1 0.4921875 0.4658203125 0.026562500000000003 0.03515625
1 0.170703125 0.28076171875 0.030468750000000003 0.0380859375
1 0.146484375 0.12451171875 0.02421875 0.0400390625
1 0.94140625 0.06787109375 0.029687500000000002 0.0341796875
1 0.8757812500000001 0.73095703125 0.03125 0.0341796875