0 0.7859375000000001 0.69873046875 0.09843750000000001 0.1298828125
0 0.796875 0.080078125 0.0921875 0.107421875
0 0.7347656250000001 0.865234375 0.09765625 0.12890625
0 0.25703125 0.61181640625 0.09843750000000001 0.1318359375
1 0.483203125 0.59716796875 0.03515625 0.0419921875
1 0.4265625 0.5263671875 0.0328125 0.04296875
1 0.315234375 0.134765625 0.030468750000000003 0.037109375
1 0.18281250000000002 0.1259765625 0.034375 0.033203125
1 0.01953125 0.58740234375 0.029687500000000002 0.0361328125
1 0.595703125 0.6572265625 0.032031250000000004 0.041015625
1 0.6082031250000001 0.59619140625 0.02890625 0.0361328125
1 0.39921875 0.90185546875 0.026562500000000003 0.0341796875
1 0.433203125 0.67626953125 0.03515625 0.0361328125
1 0.16328125000000002 0.80029296875 0.028125 0.0419921875
1 0.827734375 0.36865234375 0.030468750000000003 0.0400390625
1 0.220703125 0.1953125 0.032031250000000004 0.0390625