0 0.1375 0.40771484375 0.07968750000000001 0.1025390625
0 0.6296875000000001 0.06103515625 0.0734375 0.0927734375
0 0.9167968750000001 0.8984375 0.08515625 0.099609375
2 0.5164062500000001 0.74609375 0.034375 0.046875
2 0.24179687500000002 0.88671875 0.03515625 0.0390625
1 0.54921875 0.529296875 0.0234375 0.03125
1 0.758984375 0.25927734375 0.02890625 0.0380859375
2 0.211328125 0.32470703125 0.03515625 0.0419921875
2 0.5417968750000001 0.3828125 0.03359375 0.037109375
1 0.7660156250000001 0.337890625 0.02890625 0.03515625
1 0.66171875 0.3720703125 0.029687500000000002 0.0390625
1 0.42304687500000004 0.48291015625 0.02890625 0.0400390625
2 0.68359375 0.0244140625 0.040625 0.044921875
1 0.25820312500000003 0.07421875 0.030468750000000003 0.03515625
1 0.24921875000000002 0.2353515625 0.0328125 0.041015625
1 0.390234375 0.958984375 0.02421875 0.033203125
1 0.160546875 0.65966796875 0.030468750000000003 0.0361328125
2 0.9402343750000001 0.6416015625 0.03828125 0.04296875
1 0.796875 0.794921875 0.028125 0.037109375
2 0.7292968750000001 0.6650390625 0.030468750000000003 0.044921875
1 0.848828125 0.5107421875 0.025781250000000002 0.033203125
1 0.480078125 0.08837890625 0.02734375 0.0322265625
1 0.42617187500000003 0.22705078125 0.030468750000000003 0.0341796875
1 0.32539062500000004 0.38330078125 0.02890625 0.0302734375
1 0.30234375 0.53857421875 0.029687500000000002 0.0341796875