0 0.21875 0.25439453125 0.084375 0.1083984375
0 0.8621093750000001 0.8642578125 0.07421875 0.1015625
2 0.776953125 0.8828125 0.032031250000000004 0.0390625
0 0.5457031250000001 0.17822265625 0.08046875 0.1064453125
0 0.722265625 0.18505859375 0.06171875 0.0849609375
0 0.6843750000000001 0.11865234375 0.0734375 0.1025390625
2 0.439453125 0.40380859375 0.03359375 0.0419921875
2 0.23164062500000002 0.626953125 0.03671875 0.044921875
2 0.884765625 0.69091796875 0.02734375 0.0439453125
2 0.796875 0.345703125 0.034375 0.044921875
1 0.326953125 0.48681640625 0.02421875 0.0341796875
1 0.17148437500000002 0.41455078125 0.02890625 0.0361328125
1 0.751953125 0.6201171875 0.02890625 0.041015625
1 0.358984375 0.69775390625 0.02890625 0.0361328125
1 0.32343750000000004 0.064453125 0.0328125 0.03125
1 0.58984375 0.01953125 0.0328125 0.0390625
2 0.9207031250000001 0.07421875 0.03515625 0.0390625
2 0.51875 0.42626953125 0.035937500000000004 0.0419921875
1 0.9652343750000001 0.4169921875 0.032031250000000004 0.0390625
1 0.8464843750000001 0.54443359375 0.030468750000000003 0.0380859375
1 0.6781250000000001 0.52880859375 0.026562500000000003 0.0322265625
2 0.71640625 0.87890625 0.0328125 0.0390625
1 0.70625 0.68994140625 0.0328125 0.0419921875
1 0.6839843750000001 0.61865234375 0.02890625 0.0361328125
1 0.315234375 0.84912109375 0.02890625 0.0400390625
1 0.562890625 0.5263671875 0.02734375 0.03125