0 0.8304687500000001 0.6806640625 0.09843750000000001 0.1328125
0 0.21484375 0.53955078125 0.08125 0.0966796875
0 0.140234375 0.55908203125 0.08984375 0.1142578125
0 0.7136718750000001 0.7568359375 0.11640625 0.142578125
0 0.8386718750000001 0.5498046875 0.06484375 0.076171875
2 0.9265625000000001 0.50341796875 0.029687500000000002 0.0478515625
2 0.7621093750000001 0.04541015625 0.03828125 0.0380859375
2 0.63984375 0.14697265625 0.0328125 0.0419921875
2 0.067578125 0.9521484375 0.03515625 0.044921875
1 0.27421875 0.26611328125 0.029687500000000002 0.0341796875
1 0.7527343750000001 0.26953125 0.030468750000000003 0.037109375
2 0.8187500000000001 0.22509765625 0.034375 0.0419921875
2 0.13671875 0.72216796875 0.029687500000000002 0.0380859375
2 0.92109375 0.61767578125 0.03125 0.0361328125
1 0.81953125 0.9189453125 0.026562500000000003 0.037109375
1 0.930859375 0.93408203125 0.032031250000000004 0.0322265625
1 0.94921875 0.66552734375 0.028125 0.0302734375
1 0.6507812500000001 0.3876953125 0.029687500000000002 0.03515625
1 0.9398437500000001 0.3740234375 0.028125 0.037109375
2 0.465625 0.22314453125 0.029687500000000002 0.0419921875
1 0.094140625 0.34521484375 0.030468750000000003 0.0322265625
1 0.08945312500000001 0.408203125 0.025781250000000002 0.03125
2 0.31679687500000003 0.08740234375 0.02890625 0.0322265625
1 0.9691406250000001 0.16455078125 0.02734375 0.0322265625
2 0.52265625 0.666015625 0.029687500000000002 0.041015625
2 0.491796875 0.60009765625 0.030468750000000003 0.0380859375
1 0.194140625 0.8056640625 0.02734375 0.037109375
1 0.587109375 0.8955078125 0.02734375 0.03125
1 0.509375 0.85107421875 0.029687500000000002 0.0380859375