0 0.8832031250000001 0.58984375 0.09609375 0.109375
0 0.8546875 0.4404296875 0.09062500000000001 0.111328125
0 0.9265625000000001 0.458984375 0.07187500000000001 0.09765625
0 0.054296875 0.8740234375 0.07265625 0.08984375
2 0.496875 0.6796875 0.034375 0.046875
1 0.453125 0.78515625 0.028125 0.033203125
2 0.10546875 0.30419921875 0.028125 0.0341796875
1 0.541015625 0.50048828125 0.02734375 0.0400390625
2 0.67890625 0.50390625 0.0390625 0.046875
2 0.728515625 0.25341796875 0.02890625 0.0400390625
2 0.428515625 0.21630859375 0.02890625 0.0380859375
2 0.35664062500000004 0.1572265625 0.02890625 0.03515625
2 0.8972656250000001 0.3603515625 0.032031250000000004 0.0390625
1 0.6687500000000001 0.9130859375 0.029687500000000002 0.0390625
1 0.599609375 0.84521484375 0.03359375 0.0283203125
1 0.788671875 0.8671875 0.02421875 0.029296875
1 0.16484375 0.6318359375 0.026562500000000003 0.03515625
2 0.341796875 0.08642578125 0.032031250000000004 0.0380859375
1 0.27382812500000003 0.43408203125 0.025781250000000002 0.0322265625
1 0.22187500000000002 0.49560546875 0.0234375 0.0283203125
1 0.7921875 0.048828125 0.029687500000000002 0.03515625
1 0.38359375 0.7431640625 0.03125 0.037109375
1 0.7855468750000001 0.9638671875 0.02890625 0.041015625
1 0.423828125 0.91064453125 0.030468750000000003 0.0380859375
2 0.8582031250000001 0.21533203125 0.02890625 0.0380859375
1 0.702734375 0.5751953125 0.022656250000000003 0.03125
1 0.794140625 0.697265625 0.02890625 0.03125
2 0.251171875 0.36474609375 0.039843750000000004 0.0419921875