0 0.4296875 0.5791015625 0.0734375 0.099609375
0 0.5796875 0.68408203125 0.0703125 0.0849609375
0 0.49726562500000004 0.7548828125 0.07421875 0.08984375
0 0.43125 0.82958984375 0.115625 0.1181640625
2 0.45546875000000003 0.92236328125 0.03125 0.0380859375
2 0.6984375 0.39501953125 0.03125 0.0439453125
2 0.48515625 0.44287109375 0.028125 0.0361328125
1 0.299609375 0.6650390625 0.030468750000000003 0.037109375
1 0.228515625 0.82421875 0.030468750000000003 0.0390625
2 0.6996093750000001 0.7021484375 0.025781250000000002 0.0390625
2 0.69921875 0.9130859375 0.03125 0.046875
0 0.253125 0.09716796875 0.0734375 0.0927734375
1 0.263671875 0.98046875 0.032031250000000004 0.037109375
1 0.17539062500000002 0.47509765625 0.02890625 0.0400390625
2 0.42421875000000003 0.287109375 0.029687500000000002 0.037109375
2 0.35273437500000004 0.20654296875 0.02890625 0.0341796875
2 0.93671875 0.396484375 0.0328125 0.03515625
1 0.85546875 0.69580078125 0.028125 0.0322265625
1 0.8601562500000001 0.55517578125 0.028125 0.0361328125
1 0.07734375 0.71044921875 0.028125 0.0380859375
1 0.09375 0.40185546875 0.026562500000000003 0.0341796875
2 0.203515625 0.1162109375 0.032031250000000004 0.041015625
1 0.37812500000000004 0.06103515625 0.029687500000000002 0.0380859375
1 0.529296875 0.16064453125 0.02890625 0.0361328125