0 0.178125 0.4462890625 0.109375 0.134765625
0 0.6058593750000001 0.24853515625 0.12578125 0.1572265625
0 0.45703125 0.2919921875 0.1421875 0.171875
1 0.8363281250000001 0.59033203125 0.025781250000000002 0.0341796875
1 0.441015625 0.6884765625 0.03359375 0.037109375
1 0.257421875 0.77197265625 0.032031250000000004 0.0380859375
2 0.8328125000000001 0.28466796875 0.0328125 0.0478515625
2 0.688671875 0.45654296875 0.02734375 0.0361328125
2 0.8484375000000001 0.1533203125 0.03125 0.037109375
1 0.830078125 0.2099609375 0.03359375 0.037109375
2 0.593359375 0.91796875 0.030468750000000003 0.041015625
1 0.955078125 0.6923828125 0.02734375 0.041015625
2 0.258984375 0.96923828125 0.03359375 0.0419921875
2 0.32070312500000003 0.51025390625 0.032031250000000004 0.0400390625
1 0.06992187500000001 0.52734375 0.02890625 0.037109375
1 0.08125 0.60107421875 0.03125 0.0361328125
1 0.29726562500000003 0.0703125 0.032031250000000004 0.037109375
1 0.7359375 0.017578125 0.0328125 0.03515625
2 0.532421875 0.388671875 0.025781250000000002 0.037109375
1 0.7351562500000001 0.642578125 0.025 0.03515625
1 0.714453125 0.55712890625 0.032031250000000004 0.0341796875
1 0.25234375000000003 0.685546875 0.028125 0.037109375
1 0.051171875000000006 0.7275390625 0.03359375 0.0390625
1 0.765625 0.8154296875 0.0234375 0.03125
1 0.544140625 0.76416015625 0.030468750000000003 0.0361328125
1 0.40664062500000003 0.75732421875 0.02890625 0.0380859375