0 0.6273437500000001 0.24658203125 0.065625 0.0810546875
0 0.801953125 0.05029296875 0.07890625000000001 0.0947265625
2 0.85546875 0.033203125 0.026562500000000003 0.041015625
0 0.9593750000000001 0.24658203125 0.05625 0.0771484375
0 0.07382812500000001 0.7412109375 0.07890625000000001 0.1015625
1 0.782421875 0.46533203125 0.025781250000000002 0.0341796875
1 0.7914062500000001 0.59814453125 0.028125 0.0322265625
0 0.5554687500000001 0.916015625 0.07500000000000001 0.083984375
1 0.205859375 0.23681640625 0.02421875 0.0400390625
2 0.118359375 0.302734375 0.03359375 0.037109375
2 0.207421875 0.79150390625 0.02890625 0.0380859375
2 0.16132812500000002 0.7265625 0.03359375 0.03515625
1 0.6640625 0.71240234375 0.034375 0.0419921875
1 0.860546875 0.8955078125 0.02890625 0.04296875
1 0.358203125 0.07958984375 0.02890625 0.0341796875
2 0.065625 0.173828125 0.035937500000000004 0.044921875
2 0.30312500000000003 0.13134765625 0.03125 0.0419921875
1 0.463671875 0.1484375 0.03359375 0.033203125
1 0.533203125 0.08056640625 0.02890625 0.0322265625
1 0.237109375 0.33251953125 0.030468750000000003 0.0380859375
1 0.2984375 0.8623046875 0.0328125 0.03515625
1 0.13984375000000002 0.94287109375 0.035937500000000004 0.0439453125
2 0.49257812500000003 0.79345703125 0.030468750000000003 0.0400390625
1 0.42617187500000003 0.85400390625 0.032031250000000004 0.0419921875
1 0.7191406250000001 0.60107421875 0.03515625 0.0341796875
1 0.70078125 0.38427734375 0.03125 0.0361328125
1 0.353515625 0.48046875 0.02890625 0.041015625
1 0.52265625 0.6357421875 0.029687500000000002 0.03515625
1 0.276953125 0.52685546875 0.030468750000000003 0.0322265625
2 0.042578125 0.6484375 0.039843750000000004 0.048828125
1 0.6550781250000001 0.494140625 0.02734375 0.037109375