0 0.26406250000000003 0.07177734375 0.11875000000000001 0.1357421875
0 0.21406250000000002 0.21630859375 0.0578125 0.0732421875
0 0.260546875 0.27587890625 0.05859375 0.0771484375
0 0.39882812500000003 0.81640625 0.06953125 0.09765625
0 0.56484375 0.93798828125 0.08125 0.0966796875
2 0.471484375 0.861328125 0.030468750000000003 0.041015625
1 0.831640625 0.37939453125 0.025781250000000002 0.0341796875
0 0.28125 0.60888671875 0.046875 0.0576171875
2 0.27109375 0.50830078125 0.037500000000000006 0.0498046875
1 0.126953125 0.716796875 0.02890625 0.037109375
2 0.08750000000000001 0.07421875 0.035937500000000004 0.044921875
2 0.0625 0.37109375 0.0328125 0.04296875
2 0.8812500000000001 0.83935546875 0.029687500000000002 0.0400390625
2 0.804296875 0.57080078125 0.030468750000000003 0.0361328125
2 0.865234375 0.08935546875 0.032031250000000004 0.0400390625
2 0.57578125 0.07470703125 0.034375 0.0380859375
2 0.416796875 0.5126953125 0.030468750000000003 0.037109375
2 0.5613281250000001 0.51708984375 0.032031250000000004 0.0341796875
2 0.641796875 0.703125 0.032031250000000004 0.03515625
1 0.6312500000000001 0.6416015625 0.034375 0.037109375
1 0.74609375 0.20947265625 0.026562500000000003 0.0341796875
2 0.634765625 0.19091796875 0.032031250000000004 0.0400390625
1 0.42109375000000004 0.04541015625 0.028125 0.0341796875
1 0.315234375 0.28369140625 0.02890625 0.0322265625
2 0.340625 0.20361328125 0.0328125 0.0400390625
1 0.15078125 0.7646484375 0.026562500000000003 0.03125
1 0.49335937500000004 0.5654296875 0.032031250000000004 0.0390625
1 0.80390625 0.630859375 0.028125 0.0390625
1 0.915234375 0.71728515625 0.02890625 0.0361328125
1 0.0671875 0.62255859375 0.03125 0.0361328125
2 0.615234375 0.4052734375 0.03671875 0.04296875