0 0.8480468750000001 0.57763671875 0.08203125 0.0927734375
0 0.43359375 0.775390625 0.0921875 0.115234375
0 0.5261718750000001 0.7568359375 0.09921875000000001 0.130859375
1 0.46914062500000003 0.1748046875 0.02890625 0.037109375
1 0.630859375 0.296875 0.032031250000000004 0.033203125
1 0.6746093750000001 0.89208984375 0.02421875 0.0341796875
1 0.096875 0.595703125 0.029687500000000002 0.0390625
2 0.6625000000000001 0.150390625 0.029687500000000002 0.044921875
2 0.3359375 0.14404296875 0.03125 0.0419921875
2 0.048046875 0.11376953125 0.03359375 0.0419921875
2 0.498046875 0.591796875 0.030468750000000003 0.04296875
1 0.213671875 0.85986328125 0.02890625 0.0400390625
1 0.142578125 0.80224609375 0.03359375 0.0400390625
1 0.057421875000000004 0.63525390625 0.03359375 0.0400390625
1 0.444921875 0.0703125 0.025781250000000002 0.0390625
1 0.16757812500000002 0.2255859375 0.032031250000000004 0.037109375
1 0.46328125000000003 0.39306640625 0.029687500000000002 0.0341796875
1 0.41640625000000003 0.34912109375 0.026562500000000003 0.0380859375
1 0.24335937500000002 0.39208984375 0.03515625 0.0380859375
1 0.432421875 0.568359375 0.02890625 0.033203125
1 0.299609375 0.60302734375 0.03515625 0.0400390625
1 0.9031250000000001 0.703125 0.034375 0.03515625
1 0.512890625 0.94775390625 0.02734375 0.0419921875
1 0.32148437500000004 0.78515625 0.030468750000000003 0.037109375
1 0.52265625 0.404296875 0.029687500000000002 0.029296875
1 0.6648437500000001 0.6484375 0.026562500000000003 0.04296875