0 0.45390625 0.1533203125 0.08125 0.08203125
0 0.296875 0.64599609375 0.1421875 0.1572265625
2 0.770703125 0.37890625 0.030468750000000003 0.044921875
2 0.658203125 0.3798828125 0.030468750000000003 0.0390625
1 0.7253906250000001 0.466796875 0.022656250000000003 0.033203125
1 0.33906250000000004 0.3232421875 0.026562500000000003 0.0390625
1 0.491015625 0.341796875 0.025781250000000002 0.04296875
2 0.880078125 0.697265625 0.02734375 0.041015625
2 0.345703125 0.53857421875 0.03359375 0.0439453125
2 0.294921875 0.98046875 0.03828125 0.037109375
1 0.18203125 0.38330078125 0.026562500000000003 0.0341796875
1 0.198046875 0.1806640625 0.02890625 0.041015625
1 0.7140625 0.60986328125 0.028125 0.0322265625
1 0.830078125 0.60791015625 0.032031250000000004 0.0361328125
2 0.072265625 0.2802734375 0.032031250000000004 0.037109375
1 0.765234375 0.19580078125 0.02890625 0.0322265625
1 0.531640625 0.55224609375 0.025781250000000002 0.0341796875
1 0.9203125000000001 0.1123046875 0.025 0.03125
1 0.8425781250000001 0.2802734375 0.02734375 0.037109375
1 0.9847656250000001 0.18310546875 0.02890625 0.0400390625
1 0.62109375 0.50439453125 0.029687500000000002 0.0361328125
2 0.5964843750000001 0.732421875 0.03515625 0.0390625
2 0.498828125 0.86279296875 0.03359375 0.0419921875
1 0.42226562500000003 0.28173828125 0.02890625 0.0380859375
1 0.802734375 0.50341796875 0.030468750000000003 0.0361328125
1 0.7605468750000001 0.79052734375 0.02890625 0.0322265625
1 0.055468750000000004 0.77978515625 0.028125 0.0400390625
1 0.0390625 0.09326171875 0.026562500000000003 0.0302734375
1 0.63046875 0.12255859375 0.0234375 0.0361328125
2 0.712890625 0.12158203125 0.032031250000000004 0.0439453125
1 0.315234375 0.42919921875 0.025781250000000002 0.0361328125
1 0.5906250000000001 0.802734375 0.028125 0.0390625
1 0.472265625 0.62841796875 0.025781250000000002 0.0302734375
1 0.125 0.83740234375 0.029687500000000002 0.0380859375
1 0.8500000000000001 0.43505859375 0.026562500000000003 0.0302734375
1 0.708203125 0.8359375 0.030468750000000003 0.03515625
2 0.40390625 0.79345703125 0.035937500000000004 0.0419921875
1 0.3328125 0.8212890625 0.03125 0.0390625