0 0.80234375 0.60498046875 0.09375 0.1005859375
0 0.6734375 0.91796875 0.07187500000000001 0.091796875
2 0.6625000000000001 0.849609375 0.0328125 0.04296875
0 0.7046875 0.71728515625 0.05625 0.0673828125
0 0.7660156250000001 0.87060546875 0.08671875000000001 0.0947265625
2 0.19921875 0.30126953125 0.035937500000000004 0.0419921875
2 0.19101562500000002 0.35693359375 0.030468750000000003 0.0380859375
1 0.5875 0.33056640625 0.028125 0.0361328125
1 0.56796875 0.69091796875 0.03125 0.0380859375
1 0.280859375 0.7275390625 0.022656250000000003 0.0390625
0 0.6531250000000001 0.06298828125 0.1125 0.1259765625
2 0.2109375 0.599609375 0.037500000000000006 0.048828125
2 0.528515625 0.83447265625 0.02890625 0.0400390625
1 0.421484375 0.09765625 0.02890625 0.0390625
2 0.345703125 0.1337890625 0.030468750000000003 0.041015625
1 0.405078125 0.17724609375 0.030468750000000003 0.0341796875
2 0.140625 0.41015625 0.0328125 0.04296875
2 0.08515625 0.57080078125 0.03125 0.0380859375
2 0.09453125000000001 0.71728515625 0.029687500000000002 0.0361328125
2 0.15859375 0.77197265625 0.034375 0.0439453125
1 0.21601562500000002 0.78955078125 0.025781250000000002 0.0380859375
1 0.30976562500000004 0.84912109375 0.032031250000000004 0.0380859375
1 0.603125 0.5830078125 0.034375 0.04296875
2 0.790234375 0.5166015625 0.02890625 0.041015625
2 0.8734375000000001 0.32421875 0.0328125 0.041015625
1 0.10898437500000001 0.07421875 0.02734375 0.033203125
1 0.80234375 0.23681640625 0.0328125 0.0341796875
1 0.66328125 0.42578125 0.029687500000000002 0.041015625
2 0.6585937500000001 0.33154296875 0.029687500000000002 0.0400390625
2 0.53125 0.04296875 0.034375 0.0390625
1 0.9656250000000001 0.58056640625 0.03125 0.0322265625
2 0.784375 0.119140625 0.03125 0.0390625
1 0.35625 0.4541015625 0.028125 0.037109375
1 0.30390625000000004 0.90869140625 0.028125 0.0341796875
1 0.80625 0.365234375 0.026562500000000003 0.03515625
1 0.43515625 0.69384765625 0.021875000000000002 0.0341796875
2 0.49375 0.474609375 0.0328125 0.037109375
1 0.36367187500000003 0.06103515625 0.02890625 0.0380859375
1 0.8699218750000001 0.03515625 0.02890625 0.037109375
1 0.9496093750000001 0.1806640625 0.030468750000000003 0.037109375
1 0.9636718750000001 0.7119140625 0.02890625 0.03515625
1 0.8601562500000001 0.423828125 0.03125 0.033203125
1 0.49375 0.1259765625 0.029687500000000002 0.03515625
1 0.236328125 0.9599609375 0.03359375 0.03515625
1 0.12812500000000002 0.84521484375 0.025 0.0341796875
1 0.9792968750000001 0.23046875 0.025781250000000002 0.033203125
1 0.4609375 0.24365234375 0.03125 0.0380859375
1 0.2546875 0.1162109375 0.028125 0.0390625