0 0.30898437500000003 0.40625 0.05390625 0.0703125
0 0.7296875 0.486328125 0.0546875 0.06640625
1 0.5496093750000001 0.46337890625 0.02890625 0.0400390625
1 0.49140625000000004 0.72900390625 0.026562500000000003 0.0439453125
0 0.65 0.46728515625 0.051562500000000004 0.0576171875
1 0.6957031250000001 0.30859375 0.02421875 0.029296875
1 0.401953125 0.283203125 0.02734375 0.033203125
1 0.46171875 0.0673828125 0.026562500000000003 0.033203125
4 0.958203125 0.7705078125 0.047656250000000004 0.064453125
0 0.6453125000000001 0.56591796875 0.043750000000000004 0.0576171875
1 0.8125 0.48681640625 0.03125 0.0400390625
2 0.7972656250000001 0.599609375 0.03671875 0.052734375
1 0.951171875 0.44140625 0.030468750000000003 0.03125
1 0.50546875 0.31591796875 0.0328125 0.0361328125
1 0.219140625 0.08251953125 0.02890625 0.0458984375
0 0.12109375 0.03955078125 0.0734375 0.0791015625
1 0.5925781250000001 0.38671875 0.02421875 0.037109375
1 0.7078125000000001 0.18115234375 0.029687500000000002 0.0400390625
0 0.498046875 0.25830078125 0.05078125 0.0634765625
1 0.6980468750000001 0.78076171875 0.02734375 0.0361328125
1 0.47890625000000003 0.5244140625 0.029687500000000002 0.0390625