4 0.229296875 0.59228515625 0.07421875 0.0888671875
3 0.6726562500000001 0.53759765625 0.09531250000000001 0.1181640625
1 0.339453125 0.53271484375 0.03828125 0.0458984375
1 0.49843750000000003 0.767578125 0.035937500000000004 0.041015625
1 0.42304687500000004 0.71630859375 0.032031250000000004 0.0380859375
1 0.19921875 0.14501953125 0.0328125 0.0380859375
1 0.18710937500000002 0.255859375 0.032031250000000004 0.046875
1 0.25703125 0.3681640625 0.0328125 0.044921875
1 0.739453125 0.23095703125 0.02421875 0.0380859375
1 0.93359375 0.30908203125 0.037500000000000006 0.0439453125
1 0.20859375000000002 0.7548828125 0.03125 0.037109375
1 0.30546875 0.7412109375 0.037500000000000006 0.041015625
1 0.31367187500000004 0.80029296875 0.03359375 0.0439453125
1 0.046484375 0.9130859375 0.03671875 0.046875
1 0.07734375 0.32373046875 0.037500000000000006 0.0400390625
1 0.8445312500000001 0.57861328125 0.035937500000000004 0.0439453125
1 0.74375 0.80517578125 0.037500000000000006 0.0400390625
1 0.790234375 0.40478515625 0.03515625 0.0439453125
1 0.58359375 0.82080078125 0.03125 0.0400390625
1 0.40234375 0.25830078125 0.0328125 0.0322265625
1 0.16640625 0.04443359375 0.035937500000000004 0.0400390625
1 0.09531250000000001 0.2373046875 0.0390625 0.048828125
1 0.151171875 0.61669921875 0.030468750000000003 0.0380859375
1 0.32539062500000004 0.66259765625 0.032031250000000004 0.0361328125
1 0.236328125 0.69921875 0.032031250000000004 0.033203125
1 0.19062500000000002 0.85595703125 0.029687500000000002 0.0419921875
1 0.1921875 0.923828125 0.03125 0.03515625
1 0.47890625000000003 0.95556640625 0.034375 0.0439453125
1 0.891796875 0.80712890625 0.032031250000000004 0.0458984375
1 0.7140625 0.0517578125 0.03125 0.041015625