4 0.36367187500000003 0.90185546875 0.09296875 0.1142578125
1 0.39570312500000004 0.45654296875 0.03515625 0.0361328125
1 0.6625000000000001 0.677734375 0.0328125 0.046875
1 0.79609375 0.53173828125 0.034375 0.0439453125
1 0.790625 0.32861328125 0.026562500000000003 0.0361328125
4 0.527734375 0.265625 0.055468750000000004 0.072265625
1 0.6078125000000001 0.091796875 0.028125 0.041015625
1 0.34687500000000004 0.17919921875 0.028125 0.0380859375
0 0.18320312500000002 0.1708984375 0.049218750000000006 0.0625
1 0.13203125000000002 0.3291015625 0.026562500000000003 0.03515625
1 0.24453125 0.380859375 0.03125 0.0390625
0 0.24453125 0.15625 0.0546875 0.060546875
1 0.909375 0.10595703125 0.0328125 0.0400390625
1 0.71015625 0.26220703125 0.0328125 0.0361328125
1 0.6121093750000001 0.29541015625 0.032031250000000004 0.0380859375
1 0.6664062500000001 0.37744140625 0.03125 0.0380859375
1 0.650390625 0.4658203125 0.030468750000000003 0.041015625
1 0.673828125 0.595703125 0.03671875 0.04296875
1 0.3171875 0.611328125 0.045312500000000006 0.0390625
1 0.06640625 0.18212890625 0.028125 0.0380859375
1 0.17343750000000002 0.4443359375 0.028125 0.041015625
1 0.48281250000000003 0.54736328125 0.034375 0.0478515625
1 0.521875 0.82568359375 0.040625 0.0478515625
1 0.539453125 0.93505859375 0.039843750000000004 0.0400390625
1 0.76171875 0.75634765625 0.0390625 0.0478515625
1 0.8500000000000001 0.599609375 0.028125 0.04296875
1 0.46640625 0.736328125 0.03125 0.048828125
1 0.495703125 0.3818359375 0.02734375 0.0390625
1 0.616796875 0.38330078125 0.025781250000000002 0.0322265625
1 0.584375 0.42138671875 0.029687500000000002 0.0361328125
1 0.5640625 0.54296875 0.026562500000000003 0.037109375
1 0.548046875 0.60302734375 0.030468750000000003 0.0498046875
1 0.883984375 0.75390625 0.025781250000000002 0.0390625
1 0.700390625 0.2041015625 0.02734375 0.041015625
1 0.6566406250000001 0.19970703125 0.02890625 0.0400390625
1 0.6199218750000001 0.4365234375 0.02890625 0.037109375
1 0.751953125 0.5927734375 0.02890625 0.041015625
1 0.10859375 0.55908203125 0.0328125 0.0419921875
1 0.37148437500000003 0.0703125 0.025781250000000002 0.037109375
1 0.4 0.18505859375 0.028125 0.0361328125
1 0.52109375 0.20703125 0.026562500000000003 0.037109375
1 0.898046875 0.791015625 0.02890625 0.04296875
1 0.964453125 0.88623046875 0.032031250000000004 0.0439453125
1 0.5890625 0.87548828125 0.035937500000000004 0.0400390625
1 0.423828125 0.9638671875 0.032031250000000004 0.041015625
1 0.38398437500000004 0.8203125 0.02890625 0.03515625
1 0.722265625 0.0576171875 0.025781250000000002 0.03515625
1 0.9636718750000001 0.28369140625 0.03359375 0.0400390625
1 0.9125000000000001 0.5 0.0328125 0.0390625
3 0.6742187500000001 0.8779296875 0.0890625 0.115234375
1 0.856640625 0.732421875 0.02734375 0.0390625
1 0.32421875 0.751953125 0.029687500000000002 0.0390625
1 0.5203125000000001 0.76806640625 0.0328125 0.0400390625
1 0.13046875 0.22265625 0.029687500000000002 0.04296875
1 0.17304687500000002 0.0224609375 0.03671875 0.041015625
1 0.745703125 0.5009765625 0.03515625 0.052734375