4 0.734375 0.77294921875 0.06875 0.0927734375
1 0.8656250000000001 0.51953125 0.029687500000000002 0.041015625
1 0.388671875 0.60791015625 0.03828125 0.0458984375
1 0.358203125 0.6953125 0.030468750000000003 0.033203125
1 0.25234375000000003 0.501953125 0.0328125 0.04296875
0 0.09843750000000001 0.24072265625 0.060937500000000006 0.0771484375
4 0.1796875 0.3447265625 0.051562500000000004 0.068359375
1 0.23007812500000002 0.17041015625 0.032031250000000004 0.0419921875
1 0.29335937500000003 0.291015625 0.02734375 0.046875
0 0.311328125 0.91455078125 0.06015625 0.0830078125
0 0.872265625 0.07275390625 0.05859375 0.0771484375
1 0.23359375000000002 0.64794921875 0.03125 0.0419921875
1 0.211328125 0.7216796875 0.03671875 0.041015625
0 0.6515625 0.83349609375 0.0546875 0.0693359375
1 0.51015625 0.96728515625 0.0328125 0.0458984375
2 0.8367187500000001 0.9755859375 0.045312500000000006 0.046875
1 0.6609375000000001 0.607421875 0.029687500000000002 0.0390625
1 0.62109375 0.5908203125 0.0328125 0.041015625
1 0.544140625 0.73583984375 0.04453125 0.0419921875
1 0.102734375 0.669921875 0.03359375 0.04296875
1 0.08359375000000001 0.82177734375 0.03125 0.0458984375
1 0.169921875 0.55810546875 0.02734375 0.0400390625
1 0.14375000000000002 0.39892578125 0.025 0.0400390625
1 0.45039062500000004 0.236328125 0.02890625 0.033203125
1 0.572265625 0.20263671875 0.039843750000000004 0.0439453125
1 0.833984375 0.1669921875 0.03828125 0.046875
1 0.529296875 0.26708984375 0.03359375 0.0419921875
1 0.37343750000000003 0.13525390625 0.03125 0.0361328125
0 0.040234375 0.1943359375 0.06328125 0.072265625
1 0.75703125 0.2158203125 0.03125 0.041015625
1 0.659375 0.2880859375 0.029687500000000002 0.03515625
1 0.923828125 0.68603515625 0.03515625 0.0361328125