0 0.734375 0.1328125 0.045312500000000006 0.0625
0 0.59296875 0.5771484375 0.0484375 0.05859375
1 0.240234375 0.4873046875 0.032031250000000004 0.044921875
1 0.6003906250000001 0.24365234375 0.02890625 0.0380859375
2 0.870703125 0.3837890625 0.03515625 0.04296875
1 0.30703125000000003 0.15087890625 0.03125 0.0380859375
1 0.30390625000000004 0.28271484375 0.029687500000000002 0.0380859375
0 0.7058593750000001 0.19580078125 0.047656250000000004 0.0693359375
0 0.326171875 0.55322265625 0.047656250000000004 0.0595703125
0 0.681640625 0.3603515625 0.057031250000000006 0.068359375
1 0.78828125 0.1943359375 0.026562500000000003 0.04296875
1 0.36328125 0.07470703125 0.035937500000000004 0.0341796875
1 0.6484375 0.70361328125 0.03125 0.0400390625
1 0.6171875 0.66650390625 0.026562500000000003 0.0322265625
1 0.809765625 0.8037109375 0.030468750000000003 0.041015625
1 0.862890625 0.93115234375 0.02734375 0.0380859375
1 0.6156250000000001 0.78173828125 0.026562500000000003 0.0361328125
1 0.07187500000000001 0.83837890625 0.025 0.0380859375
1 0.134765625 0.9404296875 0.03515625 0.041015625
1 0.174609375 0.62353515625 0.032031250000000004 0.0380859375
1 0.13125 0.27685546875 0.0328125 0.0419921875
1 0.0734375 0.11083984375 0.0328125 0.0419921875
1 0.353515625 0.77294921875 0.02734375 0.0341796875
1 0.6921875000000001 0.57666015625 0.0328125 0.0478515625
1 0.5375 0.0234375 0.034375 0.04296875
1 0.215234375 0.38818359375 0.03359375 0.0517578125
1 0.761328125 0.68701171875 0.032031250000000004 0.0439453125
1 0.827734375 0.51953125 0.030468750000000003 0.033203125
1 0.812109375 0.08447265625 0.04609375 0.0361328125