4 0.69296875 0.14013671875 0.05 0.0693359375
0 0.57421875 0.29638671875 0.05 0.0634765625
0 0.847265625 0.46533203125 0.05078125 0.0732421875
4 0.758984375 0.19580078125 0.06328125 0.0751953125
4 0.66328125 0.53662109375 0.0703125 0.0869140625
1 0.319140625 0.35791015625 0.032031250000000004 0.0498046875
0 0.07382812500000001 0.77294921875 0.07734375 0.0888671875
1 0.20859375000000002 0.44384765625 0.03125 0.0361328125
0 0.1609375 0.56396484375 0.0578125 0.0732421875
1 0.15976562500000002 0.0869140625 0.03359375 0.05078125
0 0.7640625000000001 0.79736328125 0.053125000000000006 0.0673828125
0 0.74375 0.61083984375 0.05 0.0634765625
0 0.7468750000000001 0.3740234375 0.045312500000000006 0.0625
1 0.937109375 0.38623046875 0.030468750000000003 0.0419921875
1 0.20664062500000002 0.8525390625 0.02890625 0.037109375
1 0.8347656250000001 0.79638671875 0.02734375 0.0361328125
1 0.509765625 0.73974609375 0.02890625 0.0302734375
1 0.9328125 0.8154296875 0.026562500000000003 0.033203125
1 0.939453125 0.73291015625 0.02734375 0.0341796875
1 0.8445312500000001 0.3037109375 0.028125 0.033203125
1 0.658203125 0.24609375 0.02734375 0.033203125
1 0.7406250000000001 0.2744140625 0.0234375 0.03515625
1 0.6136718750000001 0.13427734375 0.03515625 0.0517578125
1 0.7660156250000001 0.5615234375 0.02890625 0.04296875
1 0.8347656250000001 0.525390625 0.02734375 0.03125
1 0.07734375 0.9306640625 0.026562500000000003 0.04296875
1 0.15351562500000002 0.6953125 0.03359375 0.041015625
1 0.8562500000000001 0.375 0.029687500000000002 0.0390625