0 0.9535156250000001 0.4033203125 0.06015625 0.072265625
0 0.2 0.56982421875 0.060937500000000006 0.0693359375
4 0.6390625000000001 0.10546875 0.0625 0.083984375
4 0.047656250000000004 0.24755859375 0.051562500000000004 0.0712890625
4 0.11210937500000001 0.30517578125 0.06328125 0.0712890625
0 0.416015625 0.56640625 0.06171875 0.078125
1 0.570703125 0.50390625 0.02890625 0.0390625
2 0.8425781250000001 0.36474609375 0.03515625 0.0419921875
1 0.848828125 0.21826171875 0.03671875 0.0361328125
1 0.5421875 0.19970703125 0.028125 0.0419921875
0 0.11679687500000001 0.90625 0.047656250000000004 0.0703125
0 0.6589843750000001 0.2138671875 0.057031250000000006 0.06640625
0 0.099609375 0.48291015625 0.055468750000000004 0.0595703125
0 0.098046875 0.71630859375 0.049218750000000006 0.0673828125
1 0.87109375 0.49658203125 0.034375 0.0458984375
1 0.7644531250000001 0.90380859375 0.032031250000000004 0.0380859375
1 0.7609375 0.134765625 0.028125 0.0390625
1 0.291015625 0.49560546875 0.030468750000000003 0.0380859375
1 0.44140625 0.73681640625 0.0234375 0.0322265625
1 0.7542968750000001 0.74755859375 0.02890625 0.0361328125
1 0.804296875 0.669921875 0.02734375 0.037109375
1 0.663671875 0.53271484375 0.02734375 0.0322265625
1 0.2546875 0.89501953125 0.025 0.0302734375
1 0.18867187500000002 0.90625 0.02734375 0.033203125
1 0.7644531250000001 0.96435546875 0.02734375 0.0302734375
1 0.6984375 0.6201171875 0.025 0.03125
0 0.632421875 0.8759765625 0.04296875 0.060546875
1 0.18867187500000002 0.369140625 0.02890625 0.0390625
1 0.198046875 0.4111328125 0.02421875 0.029296875
1 0.9046875000000001 0.1181640625 0.0328125 0.0390625
1 0.37890625 0.30517578125 0.028125 0.0361328125
1 0.262890625 0.05419921875 0.03359375 0.0400390625
1 0.132421875 0.70556640625 0.025781250000000002 0.0322265625