4 0.540234375 0.39404296875 0.05859375 0.0849609375
4 0.505078125 0.296875 0.07734375 0.0859375
1 0.7367187500000001 0.35009765625 0.037500000000000006 0.0498046875
1 0.306640625 0.45068359375 0.03671875 0.0400390625
1 0.27578125000000003 0.65966796875 0.0328125 0.0400390625
1 0.534375 0.6259765625 0.0390625 0.044921875
1 0.08828125 0.08203125 0.037500000000000006 0.0390625
1 0.546484375 0.96728515625 0.03515625 0.0478515625
1 0.6101562500000001 0.19384765625 0.034375 0.0400390625
1 0.77109375 0.26318359375 0.03125 0.0341796875
1 0.71875 0.26220703125 0.026562500000000003 0.0380859375
1 0.022656250000000003 0.80419921875 0.0328125 0.0478515625
1 0.464453125 0.830078125 0.039843750000000004 0.04296875
1 0.5339843750000001 0.22021484375 0.025781250000000002 0.0361328125
1 0.48515625 0.14208984375 0.035937500000000004 0.0478515625