0 0.162109375 0.5224609375 0.049218750000000006 0.056640625
0 0.047656250000000004 0.62646484375 0.0484375 0.0615234375
0 0.95859375 0.169921875 0.045312500000000006 0.060546875
0 0.8851562500000001 0.2412109375 0.0421875 0.0546875
1 0.68359375 0.4541015625 0.034375 0.04296875
1 0.6062500000000001 0.58203125 0.028125 0.037109375
1 0.45820312500000004 0.16064453125 0.02734375 0.0419921875
1 0.429296875 0.2373046875 0.02734375 0.033203125
1 0.382421875 0.82275390625 0.032031250000000004 0.0341796875
2 0.279296875 0.9755859375 0.03515625 0.04296875
1 0.339453125 0.5947265625 0.02890625 0.037109375
1 0.447265625 0.6923828125 0.025781250000000002 0.03515625
1 0.7609375 0.50146484375 0.025 0.0341796875
1 0.7625000000000001 0.20849609375 0.028125 0.0380859375
1 0.8324218750000001 0.1552734375 0.02421875 0.033203125
1 0.6023437500000001 0.15087890625 0.028125 0.0341796875
1 0.369140625 0.15478515625 0.02109375 0.0302734375
1 0.27890625 0.41650390625 0.028125 0.0380859375
1 0.316015625 0.44873046875 0.02734375 0.0341796875
1 0.173828125 0.27294921875 0.02734375 0.0341796875
1 0.221484375 0.158203125 0.02421875 0.033203125
1 0.04296875 0.125 0.03125 0.03125
1 0.10820312500000001 0.123046875 0.02890625 0.03515625
1 0.051562500000000004 0.33203125 0.028125 0.03515625
1 0.14375000000000002 0.37646484375 0.021875000000000002 0.0322265625
1 0.12617187500000002 0.595703125 0.02421875 0.03125
1 0.20664062500000002 0.61767578125 0.02109375 0.0283203125
1 0.25390625 0.525390625 0.028125 0.03125
1 0.28554687500000003 0.54541015625 0.022656250000000003 0.0322265625
1 0.155078125 0.7138671875 0.025781250000000002 0.037109375
1 0.1328125 0.74560546875 0.0234375 0.0322265625
1 0.05625 0.767578125 0.025 0.03515625
1 0.11601562500000001 0.9501953125 0.025781250000000002 0.03125
1 0.150390625 0.97314453125 0.025781250000000002 0.0322265625
1 0.5007812500000001 0.978515625 0.028125 0.03515625
1 0.58984375 0.853515625 0.026562500000000003 0.0390625
1 0.640625 0.94970703125 0.021875000000000002 0.0283203125
1 0.798828125 0.8671875 0.02421875 0.037109375
1 0.8390625 0.89990234375 0.025 0.0341796875
1 0.8984375 0.85693359375 0.026562500000000003 0.0322265625
1 0.878125 0.9453125 0.028125 0.037109375
1 0.744140625 0.7841796875 0.02734375 0.033203125
1 0.865234375 0.70703125 0.02734375 0.03125
1 0.90625 0.55126953125 0.026562500000000003 0.0341796875
1 0.849609375 0.48876953125 0.02734375 0.0322265625
1 0.925 0.4091796875 0.029687500000000002 0.0390625
1 0.8054687500000001 0.09423828125 0.026562500000000003 0.0322265625
1 0.7296875 0.1396484375 0.029687500000000002 0.037109375
1 0.67578125 0.3095703125 0.0234375 0.033203125
1 0.246875 0.3798828125 0.028125 0.03515625
1 0.451953125 0.08154296875 0.032031250000000004 0.0361328125
1 0.9753906250000001 0.298828125 0.032031250000000004 0.0390625
1 0.8578125000000001 0.63427734375 0.025 0.0361328125
1 0.2703125 0.75439453125 0.029687500000000002 0.0361328125
1 0.5421875 0.19384765625 0.028125 0.0380859375
1 0.148828125 0.0234375 0.030468750000000003 0.03515625