4 0.341796875 0.275390625 0.04296875 0.0546875
0 0.30585937500000004 0.36279296875 0.04453125 0.0537109375
0 0.224609375 0.4775390625 0.05390625 0.064453125
1 0.46914062500000003 0.310546875 0.025781250000000002 0.033203125
0 0.5964843750000001 0.31591796875 0.047656250000000004 0.0556640625
0 0.7878906250000001 0.46728515625 0.047656250000000004 0.0537109375
1 0.851171875 0.3330078125 0.030468750000000003 0.03515625
1 0.8734375000000001 0.2431640625 0.026562500000000003 0.033203125
4 0.334765625 0.771484375 0.041406250000000006 0.052734375
0 0.37929687500000003 0.78466796875 0.03671875 0.0517578125
0 0.12187500000000001 0.76806640625 0.0484375 0.0595703125
0 0.3796875 0.90869140625 0.0421875 0.0517578125
1 0.667578125 0.69287109375 0.02109375 0.0341796875
1 0.9328125 0.560546875 0.025 0.029296875
1 0.8289062500000001 0.26416015625 0.0234375 0.0322265625
1 0.7722656250000001 0.15869140625 0.02734375 0.0341796875
1 0.624609375 0.611328125 0.025781250000000002 0.029296875
1 0.541015625 0.8720703125 0.022656250000000003 0.03515625
1 0.480078125 0.931640625 0.02421875 0.02734375
1 0.665625 0.8388671875 0.025 0.03125
1 0.46640625 0.5166015625 0.0234375 0.03125
1 0.524609375 0.564453125 0.02890625 0.03515625
1 0.33671875 0.49072265625 0.025 0.0302734375
1 0.22421875000000002 0.2568359375 0.0234375 0.029296875
1 0.08554687500000001 0.2578125 0.025781250000000002 0.033203125
1 0.353125 0.1025390625 0.025 0.03515625
1 0.29531250000000003 0.21875 0.026562500000000003 0.037109375
1 0.05390625 0.1435546875 0.026562500000000003 0.033203125
1 0.22226562500000002 0.11767578125 0.022656250000000003 0.0283203125
1 0.5457031250000001 0.03662109375 0.02421875 0.0302734375
1 0.67890625 0.107421875 0.026562500000000003 0.03125
1 0.051171875000000006 0.6396484375 0.02734375 0.029296875
1 0.6433593750000001 0.2080078125 0.022656250000000003 0.037109375
1 0.45703125 0.3779296875 0.0234375 0.03125
1 0.462890625 0.44384765625 0.02421875 0.0302734375
1 0.459765625 0.7919921875 0.032031250000000004 0.033203125
1 0.6062500000000001 0.93505859375 0.025 0.0302734375
1 0.702734375 0.96533203125 0.025781250000000002 0.0322265625
2 0.7875000000000001 0.66455078125 0.026562500000000003 0.0361328125
1 0.882421875 0.73828125 0.025781250000000002 0.03515625
1 0.86484375 0.77587890625 0.0234375 0.0322265625
1 0.919921875 0.88330078125 0.02421875 0.0322265625
1 0.66015625 0.75341796875 0.026562500000000003 0.0322265625
1 0.529296875 0.61962890625 0.022656250000000003 0.0263671875
1 0.251953125 0.8642578125 0.02421875 0.03515625
1 0.213671875 0.79833984375 0.02421875 0.0302734375
1 0.24335937500000002 0.36083984375 0.025781250000000002 0.0341796875
1 0.7671875 0.40185546875 0.028125 0.0302734375
0 0.094921875 0.68408203125 0.03671875 0.0498046875
1 0.8753906250000001 0.892578125 0.03359375 0.041015625
1 0.36640625000000004 0.341796875 0.03125 0.04296875
1 0.1390625 0.64111328125 0.029687500000000002 0.0400390625
1 0.39296875000000003 0.5068359375 0.026562500000000003 0.0390625
1 0.5359375000000001 0.70703125 0.0234375 0.03125
1 0.7296875 0.787109375 0.028125 0.041015625
1 0.63046875 0.3046875 0.029687500000000002 0.0390625
1 0.7425781250000001 0.318359375 0.030468750000000003 0.033203125
1 0.962890625 0.30126953125 0.02734375 0.0361328125
1 0.9714843750000001 0.4208984375 0.02734375 0.03515625
1 0.5105468750000001 0.08642578125 0.030468750000000003 0.0322265625
1 0.794140625 0.22216796875 0.025781250000000002 0.0400390625
1 0.41132812500000004 0.3720703125 0.02890625 0.03515625
1 0.849609375 0.48974609375 0.02890625 0.0341796875
1 0.4421875 0.19775390625 0.025 0.0380859375
1 0.49453125000000003 0.271484375 0.026562500000000003 0.03515625
1 0.622265625 0.4423828125 0.030468750000000003 0.03515625
1 0.5554687500000001 0.42529296875 0.029687500000000002 0.0322265625
1 0.81953125 0.72509765625 0.026562500000000003 0.0341796875
1 0.947265625 0.8974609375 0.025781250000000002 0.037109375
1 0.5640625 0.76708984375 0.025 0.0341796875
1 0.268359375 0.55517578125 0.02421875 0.0322265625
1 0.7195312500000001 0.53564453125 0.028125 0.0380859375
1 0.753515625 0.65234375 0.02421875 0.037109375
1 0.16757812500000002 0.53369140625 0.02421875 0.0322265625
2 0.728515625 0.2275390625 0.02734375 0.037109375
1 0.81640625 0.087890625 0.0234375 0.0390625