0 0.6078125000000001 0.1962890625 0.051562500000000004 0.072265625
0 0.9652343750000001 0.12158203125 0.041406250000000006 0.0556640625
0 0.7582031250000001 0.09814453125 0.05390625 0.0634765625
4 0.292578125 0.27587890625 0.05234375 0.0556640625
0 0.09609375 0.4501953125 0.0578125 0.064453125
0 0.136328125 0.390625 0.049218750000000006 0.048828125
1 0.5671875000000001 0.4755859375 0.034375 0.037109375
1 0.628515625 0.51611328125 0.025781250000000002 0.0322265625
1 0.52265625 0.408203125 0.028125 0.037109375
0 0.714453125 0.908203125 0.04609375 0.048828125
0 0.6921875000000001 0.8251953125 0.040625 0.046875
1 0.662109375 0.6494140625 0.02109375 0.029296875
1 0.23515625 0.2548828125 0.025 0.03125
2 0.79296875 0.4892578125 0.035937500000000004 0.03515625
0 0.5691406250000001 0.171875 0.04453125 0.0546875
1 0.369921875 0.56982421875 0.025781250000000002 0.0322265625
1 0.634765625 0.39794921875 0.02421875 0.0361328125
4 0.209375 0.62744140625 0.040625 0.0478515625
1 0.173828125 0.30078125 0.02734375 0.03125
1 0.20625000000000002 0.51708984375 0.034375 0.0380859375
0 0.562890625 0.26123046875 0.02734375 0.0341796875
0 0.459765625 0.2509765625 0.02890625 0.033203125
0 0.35078125000000004 0.0380859375 0.029687500000000002 0.029296875
1 0.1953125 0.361328125 0.028125 0.03515625
1 0.06640625 0.82373046875 0.026562500000000003 0.0341796875
1 0.70234375 0.7265625 0.026562500000000003 0.03515625
1 0.778515625 0.73193359375 0.02421875 0.0341796875
1 0.8343750000000001 0.796875 0.025 0.03125
1 0.876953125 0.859375 0.022656250000000003 0.033203125
1 0.8660156250000001 0.5458984375 0.025781250000000002 0.033203125
1 0.46718750000000003 0.52490234375 0.03125 0.0380859375
1 0.8734375000000001 0.03125 0.029687500000000002 0.044921875
1 0.1078125 0.5986328125 0.0234375 0.037109375