0 0.38125000000000003 0.62060546875 0.046875 0.0595703125
4 0.38203125000000004 0.72509765625 0.035937500000000004 0.0439453125
4 0.283203125 0.544921875 0.03671875 0.046875
4 0.31757812500000004 0.55712890625 0.03828125 0.0537109375
0 0.059765625 0.62060546875 0.04296875 0.0498046875
0 0.47890625000000003 0.716796875 0.0671875 0.0859375
0 0.9417968750000001 0.60986328125 0.041406250000000006 0.0556640625
1 0.887890625 0.76220703125 0.025781250000000002 0.0322265625
1 0.9640625 0.8740234375 0.025 0.0390625
1 0.6585937500000001 0.54931640625 0.028125 0.0322265625
0 0.6160156250000001 0.74365234375 0.039843750000000004 0.0478515625
1 0.6824218750000001 0.41064453125 0.02109375 0.0322265625
0 0.256640625 0.11474609375 0.05078125 0.0673828125
1 0.34609375000000003 0.05615234375 0.025 0.0322265625
1 0.558203125 0.091796875 0.030468750000000003 0.03515625
1 0.610546875 0.13818359375 0.02421875 0.0322265625
1 0.500390625 0.1796875 0.025781250000000002 0.02734375
0 0.44296875 0.2099609375 0.035937500000000004 0.048828125
1 0.359375 0.2685546875 0.021875000000000002 0.029296875
1 0.29921875000000003 0.27099609375 0.0234375 0.0302734375
1 0.08828125 0.26806640625 0.0234375 0.0341796875
1 0.111328125 0.1630859375 0.022656250000000003 0.029296875
1 0.040234375 0.42822265625 0.022656250000000003 0.0302734375
0 0.242578125 0.39501953125 0.04296875 0.0576171875
0 0.22382812500000002 0.509765625 0.04453125 0.0546875
0 0.14375000000000002 0.52587890625 0.05 0.0634765625
1 0.14453125 0.71484375 0.026562500000000003 0.03515625
1 0.26015625000000003 0.61865234375 0.021875000000000002 0.0263671875
1 0.07968750000000001 0.80029296875 0.025 0.0302734375
1 0.133203125 0.94384765625 0.025781250000000002 0.0361328125
1 0.27187500000000003 0.90576171875 0.03125 0.0341796875
1 0.361328125 0.8544921875 0.025781250000000002 0.033203125
1 0.340625 0.93017578125 0.021875000000000002 0.0322265625
1 0.037890625000000004 0.8291015625 0.025781250000000002 0.029296875
0 0.43515625 0.6533203125 0.045312500000000006 0.060546875
1 0.693359375 0.76953125 0.02421875 0.033203125
1 0.7425781250000001 0.93115234375 0.02890625 0.0283203125
0 0.900390625 0.95166015625 0.047656250000000004 0.0595703125
0 0.76875 0.8486328125 0.05 0.052734375
1 0.7921875 0.642578125 0.026562500000000003 0.03125
1 0.7796875000000001 0.34423828125 0.028125 0.0302734375
1 0.796875 0.09814453125 0.025 0.0322265625
1 0.87265625 0.25244140625 0.0234375 0.0244140625
1 0.83359375 0.38623046875 0.0234375 0.0322265625
1 0.29765625 0.35205078125 0.029687500000000002 0.0380859375
1 0.628125 0.2451171875 0.026562500000000003 0.03515625
1 0.6531250000000001 0.28271484375 0.026562500000000003 0.0322265625
1 0.63984375 0.35546875 0.028125 0.03515625
1 0.835546875 0.6435546875 0.025781250000000002 0.029296875
1 0.883984375 0.68115234375 0.025781250000000002 0.0302734375
2 0.76171875 0.2451171875 0.026562500000000003 0.03125
1 0.358984375 0.7734375 0.02734375 0.02734375
1 0.259375 0.7412109375 0.021875000000000002 0.03125
1 0.17734375000000002 0.79296875 0.0234375 0.02734375
1 0.178125 0.8564453125 0.025 0.029296875
1 0.4078125 0.978515625 0.0234375 0.03125