0 0.43398437500000003 0.0830078125 0.06171875 0.08203125
0 0.6824218750000001 0.68798828125 0.057031250000000006 0.0673828125
0 0.509375 0.8466796875 0.05625 0.078125
0 0.5574218750000001 0.9033203125 0.05234375 0.06640625
0 0.628515625 0.94140625 0.05859375 0.076171875
0 0.753125 0.876953125 0.060937500000000006 0.068359375
0 0.6984375 0.85302734375 0.045312500000000006 0.0654296875
0 0.53359375 0.40185546875 0.05625 0.0634765625
1 0.25 0.55810546875 0.026562500000000003 0.0361328125
1 0.3375 0.82275390625 0.035937500000000004 0.0361328125
1 0.3921875 0.60205078125 0.034375 0.0419921875
1 0.3125 0.7197265625 0.037500000000000006 0.044921875
1 0.912109375 0.62109375 0.032031250000000004 0.048828125