0 0.44921875 0.173828125 0.06406250000000001 0.07421875
0 0.6121093750000001 0.75244140625 0.057031250000000006 0.0751953125
0 0.5 0.70068359375 0.065625 0.0673828125
0 0.49609375 0.40234375 0.0625 0.072265625
0 0.46718750000000003 0.52880859375 0.0734375 0.0712890625
1 0.5703125 0.45068359375 0.026562500000000003 0.0361328125
1 0.676953125 0.42333984375 0.03359375 0.0400390625
1 0.605078125 0.5546875 0.025781250000000002 0.029296875
1 0.718359375 0.68505859375 0.02890625 0.0341796875
1 0.47304687500000003 0.24169921875 0.025781250000000002 0.0341796875
1 0.5085937500000001 0.29052734375 0.025 0.0341796875
1 0.565625 0.2861328125 0.025 0.029296875
1 0.591015625 0.32958984375 0.02734375 0.0361328125
1 0.441015625 0.41259765625 0.03359375 0.0419921875
1 0.480078125 0.46923828125 0.02421875 0.0361328125
1 0.620703125 0.9619140625 0.03671875 0.046875
1 0.44570312500000003 0.119140625 0.03359375 0.03515625