0 0.6292968750000001 0.31982421875 0.057031250000000006 0.0693359375
0 0.358984375 0.69677734375 0.057031250000000006 0.0712890625
0 0.22265625 0.57421875 0.0484375 0.060546875
0 0.287890625 0.59521484375 0.057031250000000006 0.0595703125
0 0.20390625 0.5009765625 0.0546875 0.064453125
1 0.563671875 0.65283203125 0.03359375 0.0478515625
1 0.8812500000000001 0.73193359375 0.029687500000000002 0.0400390625
1 0.9324218750000001 0.7470703125 0.032031250000000004 0.04296875
0 0.22265625 0.41796875 0.0546875 0.064453125
1 0.09843750000000001 0.6416015625 0.034375 0.044921875
1 0.173828125 0.68701171875 0.032031250000000004 0.0361328125
1 0.7937500000000001 0.33349609375 0.0328125 0.0419921875
1 0.753125 0.279296875 0.034375 0.041015625
1 0.687109375 0.255859375 0.03671875 0.044921875
1 0.6902343750000001 0.31884765625 0.02890625 0.0361328125
1 0.8910156250000001 0.42236328125 0.02890625 0.0400390625
1 0.852734375 0.6640625 0.030468750000000003 0.041015625
1 0.31484375000000003 0.513671875 0.028125 0.033203125
1 0.31640625 0.4326171875 0.025 0.03125
1 0.2828125 0.4638671875 0.025 0.033203125
1 0.8046875 0.3994140625 0.034375 0.041015625
1 0.95234375 0.1806640625 0.037500000000000006 0.044921875
0 0.7117187500000001 0.41015625 0.05 0.0703125