0 0.930859375 0.9013671875 0.08984375 0.115234375
3 0.185546875 0.63671875 0.12890625 0.158203125
1 0.5164062500000001 0.2353515625 0.0328125 0.041015625
0 0.25039062500000003 0.17138671875 0.10390625 0.1220703125
0 0.087890625 0.5712890625 0.11015625000000001 0.123046875
1 0.32070312500000003 0.3876953125 0.03671875 0.0390625
3 0.8109375000000001 0.216796875 0.1125 0.13671875
3 0.7046875 0.42529296875 0.096875 0.1259765625
1 0.32109375 0.67138671875 0.034375 0.0458984375
3 0.903515625 0.1591796875 0.11328125 0.1875
1 0.058984375000000006 0.67431640625 0.030468750000000003 0.0380859375
1 0.7347656250000001 0.2255859375 0.02890625 0.0390625
1 0.679296875 0.15625 0.032031250000000004 0.037109375
1 0.2484375 0.03076171875 0.0328125 0.0380859375
1 0.8656250000000001 0.84912109375 0.0328125 0.0361328125