0 0.226953125 0.833984375 0.08203125 0.095703125
3 0.187890625 0.51708984375 0.09921875000000001 0.1220703125
0 0.062890625 0.22119140625 0.12421875 0.1396484375
0 0.9441406250000001 0.2021484375 0.09453125000000001 0.1015625
3 0.11484375000000001 0.35693359375 0.11093750000000001 0.1240234375
1 0.6488281250000001 0.2255859375 0.030468750000000003 0.0390625
1 0.784375 0.658203125 0.0328125 0.046875
1 0.96640625 0.9765625 0.03125 0.041015625
1 0.52734375 0.2900390625 0.03125 0.03515625
1 0.66328125 0.01953125 0.035937500000000004 0.0390625
1 0.9765625 0.26123046875 0.029687500000000002 0.0400390625
1 0.453125 0.2802734375 0.028125 0.03515625