0 0.6671875 0.56884765625 0.096875 0.1298828125
1 0.43007812500000003 0.43603515625 0.02890625 0.0380859375
0 0.1640625 0.55712890625 0.0765625 0.1064453125
0 0.045312500000000006 0.20751953125 0.0671875 0.0888671875
0 0.31328125 0.44580078125 0.07500000000000001 0.0986328125
0 0.306640625 0.787109375 0.11796875000000001 0.119140625
0 0.29375 0.91796875 0.1171875 0.154296875
0 0.40156250000000004 0.90087890625 0.10312500000000001 0.1494140625
0 0.41132812500000004 0.6640625 0.12421875 0.16015625
1 0.734375 0.95947265625 0.021875000000000002 0.0322265625
3 0.20273437500000002 0.072265625 0.09609375 0.115234375
1 0.28828125 0.564453125 0.0328125 0.041015625
1 0.8406250000000001 0.3642578125 0.026562500000000003 0.04296875
1 0.718359375 0.1015625 0.03359375 0.04296875
1 0.0859375 0.53564453125 0.0421875 0.0498046875
1 0.8984375 0.5107421875 0.029687500000000002 0.041015625