0 0.58359375 0.72607421875 0.07187500000000001 0.0908203125
0 0.8832031250000001 0.1435546875 0.10859375 0.1328125
3 0.546484375 0.2431640625 0.10546875 0.130859375
0 0.194140625 0.5673828125 0.10859375 0.12890625
0 0.698828125 0.6806640625 0.11171875 0.15234375
0 0.809765625 0.5 0.06640625 0.091796875
1 0.790234375 0.90185546875 0.02890625 0.0341796875
0 0.505078125 0.8544921875 0.09453125000000001 0.109375
1 0.3640625 0.36181640625 0.028125 0.0322265625
1 0.511328125 0.486328125 0.032031250000000004 0.041015625
0 0.7527343750000001 0.42578125 0.07265625 0.095703125
1 0.48828125 0.0595703125 0.0328125 0.037109375
1 0.24453125 0.1015625 0.0328125 0.037109375
1 0.479296875 0.55810546875 0.03359375 0.0400390625
1 0.943359375 0.39599609375 0.03671875 0.0439453125
0 0.8660156250000001 0.59423828125 0.09609375 0.1259765625
1 0.2578125 0.95751953125 0.026562500000000003 0.0419921875