3 0.68125 0.2421875 0.12187500000000001 0.15234375
3 0.683203125 0.69287109375 0.10859375 0.1220703125
0 0.9285156250000001 0.0712890625 0.08046875 0.109375
1 0.792578125 0.39990234375 0.030468750000000003 0.0458984375
1 0.41328125000000004 0.46630859375 0.035937500000000004 0.0439453125
0 0.107421875 0.5673828125 0.16171875000000002 0.208984375
0 0.25625000000000003 0.07177734375 0.065625 0.0712890625
3 0.4921875 0.8427734375 0.0734375 0.1015625
4 0.740234375 0.77587890625 0.07109375 0.0869140625
3 0.27109375 0.20068359375 0.1421875 0.1767578125
3 0.1921875 0.30859375 0.096875 0.11328125
1 0.43593750000000003 0.189453125 0.0328125 0.037109375
1 0.211328125 0.72509765625 0.02890625 0.0419921875
1 0.8093750000000001 0.12841796875 0.03125 0.0478515625
1 0.48281250000000003 0.71044921875 0.0328125 0.0380859375
1 0.796484375 0.5576171875 0.02890625 0.041015625
1 0.60078125 0.86083984375 0.035937500000000004 0.0380859375