1 0.61328125 0.546875 0.03125 0.0390625
1 0.7191406250000001 0.53076171875 0.025781250000000002 0.0361328125
3 0.44140625 0.09716796875 0.0734375 0.0908203125
3 0.072265625 0.36865234375 0.09296875 0.1181640625
1 0.35664062500000004 0.24755859375 0.032031250000000004 0.0400390625
0 0.31875000000000003 0.51611328125 0.08125 0.0869140625
3 0.451171875 0.7890625 0.23203125000000002 0.28515625
1 0.6859375000000001 0.75830078125 0.028125 0.0380859375
1 0.548828125 0.57177734375 0.025781250000000002 0.0380859375
0 0.829296875 0.11083984375 0.12109375 0.1533203125
0 0.9324218750000001 0.322265625 0.13359375 0.205078125