0 0.413671875 0.21044921875 0.11171875 0.1396484375
3 0.35273437500000004 0.70458984375 0.10390625 0.1259765625
0 0.43359375 0.822265625 0.2265625 0.259765625
0 0.6453125000000001 0.349609375 0.08125 0.1015625
3 0.455078125 0.0791015625 0.08671875000000001 0.107421875
1 0.228515625 0.24658203125 0.02890625 0.0322265625
0 0.16640625 0.068359375 0.09375 0.08984375
3 0.7289062500000001 0.609375 0.14375000000000002 0.185546875
0 0.8304687500000001 0.341796875 0.11093750000000001 0.138671875
3 0.12460937500000001 0.6318359375 0.23828125 0.24609375
1 0.032031250000000004 0.89990234375 0.0328125 0.0380859375
1 0.616796875 0.67578125 0.03515625 0.037109375
0 0.573828125 0.46923828125 0.07578125000000001 0.0966796875