1 0.19453125000000002 0.3603515625 0.0328125 0.037109375
3 0.6335937500000001 0.8349609375 0.109375 0.126953125
0 0.23593750000000002 0.86279296875 0.10625000000000001 0.1513671875
1 0.76875 0.6162109375 0.037500000000000006 0.0390625
3 0.782421875 0.26806640625 0.14609375 0.1845703125
1 0.049609375000000004 0.64501953125 0.032031250000000004 0.0380859375
1 0.26015625000000003 0.26953125 0.03125 0.037109375
1 0.315234375 0.80859375 0.032031250000000004 0.03515625
1 0.9714843750000001 0.74365234375 0.032031250000000004 0.0400390625
0 0.6671875 0.673828125 0.078125 0.0859375
0 0.595703125 0.5322265625 0.16796875 0.1875