0 0.113671875 0.560546875 0.13671875 0.1640625
0 0.5281250000000001 0.47216796875 0.134375 0.1669921875
0 0.909765625 0.23046875 0.07265625 0.099609375
1 0.9382812500000001 0.37744140625 0.028125 0.0400390625
1 0.6882812500000001 0.41748046875 0.03125 0.0400390625
1 0.31367187500000004 0.626953125 0.032031250000000004 0.0390625
3 0.24453125 0.2890625 0.09375 0.109375
1 0.6117187500000001 0.03515625 0.03125 0.037109375
0 0.7214843750000001 0.63916015625 0.10703125000000001 0.1728515625
1 0.91796875 0.61865234375 0.03125 0.0419921875
1 0.966796875 0.86572265625 0.02890625 0.0380859375
1 0.24570312500000002 0.62841796875 0.030468750000000003 0.0419921875
1 0.13359375 0.31298828125 0.028125 0.0341796875