0 0.527734375 0.4306640625 0.07890625000000001 0.095703125
0 0.65234375 0.6357421875 0.0765625 0.08984375
0 0.417578125 0.884765625 0.08203125 0.10546875
0 0.7425781250000001 0.68701171875 0.08984375 0.1259765625
0 0.087109375 0.5283203125 0.14296875 0.169921875
0 0.071484375 0.67041015625 0.06015625 0.0693359375
1 0.37265625 0.5029296875 0.028125 0.041015625
0 0.318359375 0.171875 0.08046875 0.14453125
1 0.37812500000000004 0.64599609375 0.037500000000000006 0.0361328125
3 0.181640625 0.62646484375 0.08828125 0.1162109375
0 0.2328125 0.16796875 0.10312500000000001 0.154296875