0 0.276953125 0.857421875 0.08046875 0.103515625
3 0.44140625 0.654296875 0.1046875 0.126953125
0 0.11875000000000001 0.52734375 0.11093750000000001 0.1328125
0 0.888671875 0.5849609375 0.08046875 0.099609375
3 0.44296875 0.25732421875 0.1390625 0.1865234375
3 0.28359375000000003 0.39697265625 0.0890625 0.1083984375
0 0.5421875 0.82421875 0.10312500000000001 0.115234375
1 0.651953125 0.62060546875 0.030468750000000003 0.0322265625
1 0.7109375 0.73876953125 0.0234375 0.0341796875
0 0.648046875 0.07666015625 0.05859375 0.0732421875
0 0.72265625 0.162109375 0.15156250000000002 0.18359375
3 0.057421875000000004 0.0751953125 0.09296875 0.12109375
0 0.080078125 0.73095703125 0.06640625 0.0908203125
3 0.32929687500000004 0.31005859375 0.08671875000000001 0.1005859375
0 0.6996093750000001 0.43798828125 0.06796875000000001 0.0791015625
1 0.7097656250000001 0.880859375 0.03359375 0.0390625
3 0.546875 0.24072265625 0.059375000000000004 0.0791015625
3 0.7136718750000001 0.046875 0.06328125 0.072265625
1 0.933203125 0.255859375 0.032031250000000004 0.03515625
3 0.30898437500000003 0.060546875 0.10703125000000001 0.1171875