0 0.8250000000000001 0.12353515625 0.09843750000000001 0.1396484375
0 0.555078125 0.8154296875 0.10234375000000001 0.11328125
0 0.77265625 0.6962890625 0.065625 0.091796875
1 0.45390625 0.51318359375 0.028125 0.0439453125
1 0.377734375 0.5322265625 0.02734375 0.041015625
0 0.181640625 0.85009765625 0.10390625 0.1396484375
1 0.1 0.33984375 0.029687500000000002 0.041015625
0 0.32421875 0.23046875 0.1265625 0.140625
3 0.32539062500000004 0.11669921875 0.08359375000000001 0.1005859375
3 0.27734375 0.3740234375 0.07968750000000001 0.103515625
0 0.87109375 0.755859375 0.1 0.125
3 0.109375 0.7412109375 0.1265625 0.171875
1 0.31679687500000003 0.73486328125 0.032031250000000004 0.0419921875
1 0.8718750000000001 0.57373046875 0.0328125 0.0458984375
1 0.255859375 0.90478515625 0.030468750000000003 0.0419921875
1 0.6746093750000001 0.77001953125 0.025781250000000002 0.0361328125
1 0.353125 0.79443359375 0.0328125 0.0400390625
3 0.501171875 0.736328125 0.08671875000000001 0.109375
1 0.78046875 0.25146484375 0.028125 0.0341796875
1 0.21601562500000002 0.43896484375 0.02890625 0.0400390625
1 0.666015625 0.5556640625 0.02421875 0.033203125