0 0.7265625 0.92333984375 0.1046875 0.1240234375
0 0.6257812500000001 0.931640625 0.08281250000000001 0.10546875
0 0.11015625000000001 0.662109375 0.19062500000000002 0.21484375
0 0.6214843750000001 0.34228515625 0.26171875 0.3212890625
0 0.6468750000000001 0.595703125 0.11093750000000001 0.123046875
1 0.8695312500000001 0.57958984375 0.0328125 0.0439453125
3 0.18281250000000002 0.12255859375 0.12812500000000002 0.1533203125
1 0.47968750000000004 0.10107421875 0.028125 0.0419921875
1 0.134375 0.78173828125 0.0328125 0.0419921875
0 0.256640625 0.18115234375 0.047656250000000004 0.0673828125
1 0.29765625 0.62060546875 0.03125 0.0419921875