0 0.366015625 0.26513671875 0.08203125 0.1064453125
0 0.278125 0.603515625 0.1 0.10546875
3 0.45078125 0.62255859375 0.096875 0.1357421875
0 0.8578125000000001 0.51318359375 0.1 0.1318359375
3 0.7898437500000001 0.2763671875 0.1234375 0.158203125
0 0.150390625 0.84228515625 0.12109375 0.1494140625
0 0.18828125 0.4755859375 0.15781250000000002 0.208984375
0 0.55859375 0.07763671875 0.08125 0.1083984375
1 0.37929687500000003 0.0283203125 0.039843750000000004 0.03515625
1 0.199609375 0.11083984375 0.02890625 0.0341796875
4 0.809765625 0.1044921875 0.06796875000000001 0.09375
3 0.068359375 0.3046875 0.12578125 0.162109375
3 0.751171875 0.43603515625 0.12578125 0.1650390625
1 0.09843750000000001 0.6162109375 0.0328125 0.0390625
1 0.27265625 0.94140625 0.029687500000000002 0.0390625
1 0.280078125 0.5205078125 0.030468750000000003 0.04296875