0 0.821875 0.76904296875 0.0859375 0.1103515625
1 0.8359375 0.31591796875 0.0421875 0.0517578125
0 0.17109375000000002 0.37060546875 0.10625000000000001 0.1083984375
1 0.070703125 0.095703125 0.03828125 0.046875
1 0.2703125 0.06982421875 0.0328125 0.0439453125
0 0.388671875 0.23583984375 0.10859375 0.1259765625
0 0.2234375 0.5888671875 0.10625000000000001 0.1328125
1 0.7000000000000001 0.8017578125 0.028125 0.044921875
1 0.571875 0.64599609375 0.0328125 0.0458984375
1 0.665234375 0.22802734375 0.030468750000000003 0.0458984375
1 0.880859375 0.06396484375 0.03359375 0.0380859375