0 0.16914062500000002 0.18994140625 0.08984375 0.0908203125
0 0.95078125 0.8642578125 0.0921875 0.111328125
0 0.7421875 0.509765625 0.06406250000000001 0.078125
1 0.9027343750000001 0.14794921875 0.02890625 0.0361328125
1 0.5144531250000001 0.357421875 0.02734375 0.03125
0 0.44960937500000003 0.220703125 0.10546875 0.1328125
0 0.8015625000000001 0.68603515625 0.1 0.1416015625
3 0.241015625 0.76171875 0.11328125 0.130859375
0 0.41640625000000003 0.810546875 0.05625 0.068359375
1 0.38007812500000004 0.35498046875 0.02421875 0.0380859375
1 0.58515625 0.087890625 0.0328125 0.044921875
1 0.535546875 0.6884765625 0.030468750000000003 0.03515625