0 0.358203125 0.76123046875 0.09921875000000001 0.1181640625
0 0.26210937500000003 0.90869140625 0.06796875000000001 0.0830078125
0 0.3203125 0.611328125 0.078125 0.087890625
3 0.23554687500000002 0.38818359375 0.08046875 0.1005859375
0 0.8406250000000001 0.45263671875 0.07968750000000001 0.1025390625
0 0.6640625 0.68017578125 0.125 0.1611328125
0 0.7718750000000001 0.65966796875 0.07187500000000001 0.1064453125
0 0.110546875 0.47705078125 0.07421875 0.0908203125
3 0.5515625000000001 0.1708984375 0.13593750000000002 0.1640625
3 0.736328125 0.3291015625 0.10234375000000001 0.130859375
1 0.6125 0.328125 0.03125 0.04296875
1 0.48164062500000004 0.8115234375 0.032031250000000004 0.041015625
1 0.956640625 0.5185546875 0.041406250000000006 0.048828125
1 0.687109375 0.90966796875 0.030468750000000003 0.0419921875
1 0.43789062500000003 0.63818359375 0.02890625 0.0400390625
1 0.37890625 0.58203125 0.029687500000000002 0.0390625