0 0.779296875 0.708984375 0.10390625 0.11328125
0 0.345703125 0.17041015625 0.07890625000000001 0.0966796875
0 0.6707031250000001 0.57080078125 0.07421875 0.0869140625
0 0.8167968750000001 0.85986328125 0.06953125 0.0947265625
1 0.941015625 0.50732421875 0.032031250000000004 0.0478515625
1 0.8558593750000001 0.6025390625 0.02890625 0.037109375
4 0.10039062500000001 0.654296875 0.055468750000000004 0.07421875
0 0.47382812500000004 0.77392578125 0.06640625 0.0830078125
4 0.5890625 0.1669921875 0.0546875 0.06640625
1 0.843359375 0.42919921875 0.02734375 0.0380859375
1 0.96015625 0.11328125 0.0328125 0.03515625
1 0.353125 0.84228515625 0.035937500000000004 0.0439453125
1 0.05234375 0.0302734375 0.029687500000000002 0.0390625
0 0.74921875 0.60107421875 0.065625 0.0869140625