0 0.5789062500000001 0.59912109375 0.08281250000000001 0.1064453125
0 0.5242187500000001 0.39208984375 0.0859375 0.1181640625
0 0.8390625 0.3544921875 0.07500000000000001 0.091796875
4 0.873046875 0.8623046875 0.07109375 0.091796875
0 0.7890625 0.18017578125 0.078125 0.1005859375
4 0.521875 0.65771484375 0.059375000000000004 0.0732421875
4 0.47734375 0.591796875 0.06875 0.080078125
0 0.37539062500000003 0.47509765625 0.057031250000000006 0.0693359375
1 0.12578125 0.41796875 0.026562500000000003 0.041015625
1 0.78828125 0.7275390625 0.029687500000000002 0.037109375
4 0.405078125 0.3876953125 0.06796875000000001 0.078125
1 0.554296875 0.1748046875 0.03359375 0.0390625
1 0.11484375000000001 0.10791015625 0.034375 0.0439453125
1 0.0921875 0.03369140625 0.026562500000000003 0.0302734375
1 0.894140625 0.75 0.03359375 0.0390625