0 0.575390625 0.1904296875 0.09140625000000001 0.11328125
0 0.39101562500000003 0.712890625 0.11640625 0.1484375
0 0.515234375 0.7099609375 0.07734375 0.1015625
0 0.743359375 0.56591796875 0.07421875 0.0966796875
0 0.288671875 0.88623046875 0.12734375 0.1787109375
0 0.17109375000000002 0.93896484375 0.09062500000000001 0.1142578125
0 0.9320312500000001 0.697265625 0.060937500000000006 0.083984375
4 0.84296875 0.7119140625 0.060937500000000006 0.08203125
0 0.5027343750000001 0.53662109375 0.08984375 0.1025390625
0 0.58203125 0.7626953125 0.0625 0.076171875
0 0.8109375000000001 0.4609375 0.065625 0.091796875
1 0.035937500000000004 0.30615234375 0.034375 0.0400390625
1 0.60703125 0.970703125 0.029687500000000002 0.0390625
1 0.671875 0.68408203125 0.03125 0.0361328125
0 0.8113281250000001 0.62890625 0.06328125 0.0703125
3 0.19882812500000002 0.607421875 0.08203125 0.115234375
3 0.919140625 0.556640625 0.08515625 0.09765625