0 0.11328125 0.91796875 0.09843750000000001 0.123046875
0 0.7289062500000001 0.35205078125 0.07968750000000001 0.1083984375
0 0.6359375 0.65673828125 0.0765625 0.1025390625
0 0.8070312500000001 0.22412109375 0.08125 0.1083984375
0 0.9597656250000001 0.2431640625 0.06796875000000001 0.0859375
0 0.895703125 0.171875 0.08046875 0.09375
0 0.7250000000000001 0.11474609375 0.0859375 0.1064453125
0 0.703125 0.58056640625 0.059375000000000004 0.0712890625
0 0.234765625 0.736328125 0.11484375000000001 0.14453125
0 0.96875 0.39306640625 0.060937500000000006 0.0751953125
4 0.805859375 0.36572265625 0.057031250000000006 0.0712890625
4 0.370703125 0.05419921875 0.08046875 0.0888671875
0 0.594921875 0.10986328125 0.055468750000000004 0.0751953125
0 0.6472656250000001 0.15771484375 0.05234375 0.0712890625
1 0.390625 0.3310546875 0.037500000000000006 0.04296875
1 0.11679687500000001 0.81103515625 0.030468750000000003 0.0341796875
1 0.13125 0.1513671875 0.025 0.03515625